S*_score	SNP_num	quantile	log(local_recomb_rate)
119582.5	25	0.5	-7.903089986991944
119932.375	25	0.505	-7.903089986991944
120234.6	25	0.51	-7.903089986991944
120718.267	25	0.515	-7.903089986991944
121472.963	25	0.52	-7.903089986991944
121983.044	25	0.525	-7.903089986991944
122680.308	25	0.53	-7.903089986991944
123088.93	25	0.535	-7.903089986991944
123764.4	25	0.54	-7.903089986991944
124178.69	25	0.545	-7.903089986991944
124795.748	25	0.55	-7.903089986991944
125302.5	25	0.555	-7.903089986991944
126090.2	25	0.56	-7.903089986991944
126750.57	25	0.565	-7.903089986991944
127129.533	25	0.57	-7.903089986991944
127367.06	25	0.575	-7.903089986991944
127876.6	25	0.58	-7.903089986991944
128411.5	25	0.585	-7.903089986991944
128862.9	25	0.59	-7.903089986991944
129266.12	25	0.595	-7.903089986991944
130140.08	25	0.6	-7.903089986991944
130531.667	25	0.605	-7.903089986991944
131540.605	25	0.61	-7.903089986991944
131919.01	25	0.615	-7.903089986991944
132177.577	25	0.62	-7.903089986991944
133120.0	25	0.625	-7.903089986991944
133724.38	25	0.63	-7.903089986991944
134350.6	25	0.635	-7.903089986991944
134571.086	25	0.64	-7.903089986991944
135235.067	25	0.645	-7.903089986991944
135984.214	25	0.65	-7.903089986991944
136634.4	25	0.655	-7.903089986991944
136996.867	25	0.66	-7.903089986991944
138358.18	25	0.665	-7.903089986991944
138802.743	25	0.67	-7.903089986991944
139252.0	25	0.675	-7.903089986991944
139626.24	25	0.68	-7.903089986991944
140180.6	25	0.685	-7.903089986991944
140686.114	25	0.69	-7.903089986991944
141052.548	25	0.695	-7.903089986991944
141940.571	25	0.7	-7.903089986991944
142379.152	25	0.705	-7.903089986991944
142714.51	25	0.71	-7.903089986991944
142990.933	25	0.715	-7.903089986991944
143209.0	25	0.72	-7.903089986991944
143961.0	25	0.725	-7.903089986991944
144336.4	25	0.73	-7.903089986991944
144666.194	25	0.735	-7.903089986991944
146134.133	25	0.74	-7.903089986991944
146336.333	25	0.745	-7.903089986991944
146626.667	25	0.75	-7.903089986991944
147045.3	25	0.755	-7.903089986991944
147738.4	25	0.76	-7.903089986991944
149079.909	25	0.765	-7.903089986991944
149755.499	25	0.77	-7.903089986991944
150756.1	25	0.775	-7.903089986991944
151191.657	25	0.78	-7.903089986991944
151658.59	25	0.785	-7.903089986991944
152804.706	25	0.79	-7.903089986991944
154029.107	25	0.795	-7.903089986991944
154239.943	25	0.8	-7.903089986991944
154656.897	25	0.805	-7.903089986991944
155355.6	25	0.81	-7.903089986991944
155802.2	25	0.815	-7.903089986991944
156295.36	25	0.82	-7.903089986991944
157056.0	25	0.825	-7.903089986991944
157808.716	25	0.83	-7.903089986991944
158100.6	25	0.835	-7.903089986991944
159024.8	25	0.84	-7.903089986991944
160058.72	25	0.845	-7.903089986991944
160685.25	25	0.85	-7.903089986991944
161082.12	25	0.855	-7.903089986991944
161733.798	25	0.86	-7.903089986991944
163732.586	25	0.865	-7.903089986991944
164711.6	25	0.87	-7.903089986991944
165276.667	25	0.875	-7.903089986991944
166628.873	25	0.88	-7.903089986991944
166950.2	25	0.885	-7.903089986991944
168779.6	25	0.89	-7.903089986991944
170990.7	25	0.895	-7.903089986991944
171530.667	25	0.9	-7.903089986991944
172652.801	25	0.905	-7.903089986991944
173378.4	25	0.91	-7.903089986991944
174236.846	25	0.915	-7.903089986991944
174480.8	25	0.92	-7.903089986991944
175281.817	25	0.925	-7.903089986991944
176459.52	25	0.93	-7.903089986991944
178546.0	25	0.935	-7.903089986991944
179213.6	25	0.94	-7.903089986991944
181148.2	25	0.945	-7.903089986991944
182370.0	25	0.95	-7.903089986991944
183365.8	25	0.955	-7.903089986991944
187425.6	25	0.96	-7.903089986991944
188699.6	25	0.965	-7.903089986991944
189742.2	25	0.97	-7.903089986991944
194140.0	25	0.975	-7.903089986991944
198347.2	25	0.98	-7.903089986991944
205526.344	25	0.985	-7.903089986991944
211548.8	25	0.99	-7.903089986991944
218762.2	25	0.995	-7.903089986991944
133560.0	50	0.5	-7.903089986991944
134127.535	50	0.505	-7.903089986991944
134477.189	50	0.51	-7.903089986991944
135321.0	50	0.515	-7.903089986991944
135776.073	50	0.52	-7.903089986991944
136267.911	50	0.525	-7.903089986991944
136625.9	50	0.53	-7.903089986991944
137409.257	50	0.535	-7.903089986991944
137904.623	50	0.54	-7.903089986991944
138134.598	50	0.545	-7.903089986991944
138381.71	50	0.55	-7.903089986991944
138693.2	50	0.555	-7.903089986991944
138866.24	50	0.56	-7.903089986991944
139202.126	50	0.565	-7.903089986991944
139806.354	50	0.57	-7.903089986991944
140458.0	50	0.575	-7.903089986991944
141034.467	50	0.58	-7.903089986991944
141252.6	50	0.585	-7.903089986991944
141420.559	50	0.59	-7.903089986991944
142117.613	50	0.595	-7.903089986991944
142515.486	50	0.6	-7.903089986991944
142760.72	50	0.605	-7.903089986991944
143231.2	50	0.61	-7.903089986991944
143670.924	50	0.615	-7.903089986991944
144291.68	50	0.62	-7.903089986991944
144902.0	50	0.625	-7.903089986991944
145368.4	50	0.63	-7.903089986991944
146657.743	50	0.635	-7.903089986991944
147174.794	50	0.64	-7.903089986991944
147296.733	50	0.645	-7.903089986991944
147674.99	50	0.65	-7.903089986991944
147999.654	50	0.655	-7.903089986991944
148376.983	50	0.66	-7.903089986991944
148708.635	50	0.665	-7.903089986991944
148945.428	50	0.67	-7.903089986991944
149510.0	50	0.675	-7.903089986991944
150024.018	50	0.68	-7.903089986991944
150549.181	50	0.685	-7.903089986991944
150852.76	50	0.69	-7.903089986991944
151232.171	50	0.695	-7.903089986991944
151664.8	50	0.7	-7.903089986991944
152030.4	50	0.705	-7.903089986991944
152508.124	50	0.71	-7.903089986991944
153040.8	50	0.715	-7.903089986991944
153697.556	50	0.72	-7.903089986991944
153947.0	50	0.725	-7.903089986991944
154689.769	50	0.73	-7.903089986991944
155280.8	50	0.735	-7.903089986991944
155578.206	50	0.74	-7.903089986991944
156132.251	50	0.745	-7.903089986991944
156860.0	50	0.75	-7.903089986991944
157515.9	50	0.755	-7.903089986991944
157739.52	50	0.76	-7.903089986991944
158664.8	50	0.765	-7.903089986991944
159581.6	50	0.77	-7.903089986991944
159976.667	50	0.775	-7.903089986991944
160767.347	50	0.78	-7.903089986991944
161905.098	50	0.785	-7.903089986991944
162480.267	50	0.79	-7.903089986991944
163035.008	50	0.795	-7.903089986991944
164041.429	50	0.8	-7.903089986991944
164393.61	50	0.805	-7.903089986991944
165489.806	50	0.81	-7.903089986991944
166228.287	50	0.815	-7.903089986991944
167230.514	50	0.82	-7.903089986991944
168402.4	50	0.825	-7.903089986991944
168932.32	50	0.83	-7.903089986991944
169900.029	50	0.835	-7.903089986991944
170610.954	50	0.84	-7.903089986991944
171290.6	50	0.845	-7.903089986991944
171991.333	50	0.85	-7.903089986991944
172955.332	50	0.855	-7.903089986991944
173194.074	50	0.86	-7.903089986991944
173992.483	50	0.865	-7.903089986991944
174617.314	50	0.87	-7.903089986991944
175640.0	50	0.875	-7.903089986991944
176506.377	50	0.88	-7.903089986991944
178501.297	50	0.885	-7.903089986991944
179772.0	50	0.89	-7.903089986991944
180464.738	50	0.895	-7.903089986991944
181257.178	50	0.9	-7.903089986991944
183167.2	50	0.905	-7.903089986991944
184742.65	50	0.91	-7.903089986991944
185937.839	50	0.915	-7.903089986991944
186866.092	50	0.92	-7.903089986991944
188340.514	50	0.925	-7.903089986991944
189674.4	50	0.93	-7.903089986991944
190893.497	50	0.935	-7.903089986991944
191743.151	50	0.94	-7.903089986991944
192852.267	50	0.945	-7.903089986991944
194049.169	50	0.95	-7.903089986991944
195249.637	50	0.955	-7.903089986991944
197368.92	50	0.96	-7.903089986991944
199721.714	50	0.965	-7.903089986991944
201962.579	50	0.97	-7.903089986991944
203454.324	50	0.975	-7.903089986991944
207058.022	50	0.98	-7.903089986991944
218771.84	50	0.985	-7.903089986991944
227292.229	50	0.99	-7.903089986991944
233541.69	50	0.995	-7.903089986991944
147943.077	75	0.5	-7.903089986991944
148657.654	75	0.505	-7.903089986991944
149035.246	75	0.51	-7.903089986991944
149296.916	75	0.515	-7.903089986991944
149750.686	75	0.52	-7.903089986991944
150286.739	75	0.525	-7.903089986991944
150732.742	75	0.53	-7.903089986991944
151167.639	75	0.535	-7.903089986991944
151483.243	75	0.54	-7.903089986991944
152047.5	75	0.545	-7.903089986991944
152433.25	75	0.55	-7.903089986991944
152808.342	75	0.555	-7.903089986991944
153201.048	75	0.56	-7.903089986991944
153378.95	75	0.565	-7.903089986991944
153745.181	75	0.57	-7.903089986991944
154217.212	75	0.575	-7.903089986991944
154863.086	75	0.58	-7.903089986991944
155455.231	75	0.585	-7.903089986991944
155717.532	75	0.59	-7.903089986991944
156939.824	75	0.595	-7.903089986991944
157700.0	75	0.6	-7.903089986991944
158508.956	75	0.605	-7.903089986991944
159174.488	75	0.61	-7.903089986991944
159435.263	75	0.615	-7.903089986991944
159784.4	75	0.62	-7.903089986991944
159922.387	75	0.625	-7.903089986991944
160449.727	75	0.63	-7.903089986991944
160853.189	75	0.635	-7.903089986991944
161320.444	75	0.64	-7.903089986991944
161785.621	75	0.645	-7.903089986991944
162278.762	75	0.65	-7.903089986991944
162929.038	75	0.655	-7.903089986991944
163304.943	75	0.66	-7.903089986991944
163817.25	75	0.665	-7.903089986991944
164329.25	75	0.67	-7.903089986991944
164716.625	75	0.675	-7.903089986991944
165251.771	75	0.68	-7.903089986991944
165588.482	75	0.685	-7.903089986991944
165946.862	75	0.69	-7.903089986991944
166344.627	75	0.695	-7.903089986991944
166718.643	75	0.7	-7.903089986991944
167716.482	75	0.705	-7.903089986991944
168085.872	75	0.71	-7.903089986991944
168778.243	75	0.715	-7.903089986991944
169236.345	75	0.72	-7.903089986991944
170005.0	75	0.725	-7.903089986991944
170351.0	75	0.73	-7.903089986991944
171008.0	75	0.735	-7.903089986991944
171636.168	75	0.74	-7.903089986991944
172282.726	75	0.745	-7.903089986991944
173023.179	75	0.75	-7.903089986991944
173374.227	75	0.755	-7.903089986991944
173757.363	75	0.76	-7.903089986991944
174164.908	75	0.765	-7.903089986991944
174621.55	75	0.77	-7.903089986991944
175162.607	75	0.775	-7.903089986991944
175947.429	75	0.78	-7.903089986991944
176310.63	75	0.785	-7.903089986991944
177108.714	75	0.79	-7.903089986991944
177497.901	75	0.795	-7.903089986991944
177935.667	75	0.8	-7.903089986991944
178398.589	75	0.805	-7.903089986991944
178864.0	75	0.81	-7.903089986991944
179597.446	75	0.815	-7.903089986991944
180542.286	75	0.82	-7.903089986991944
180964.821	75	0.825	-7.903089986991944
181107.364	75	0.83	-7.903089986991944
182096.418	75	0.835	-7.903089986991944
182609.757	75	0.84	-7.903089986991944
183820.53	75	0.845	-7.903089986991944
184589.444	75	0.85	-7.903089986991944
185781.273	75	0.855	-7.903089986991944
186143.766	75	0.86	-7.903089986991944
186902.096	75	0.865	-7.903089986991944
187615.308	75	0.87	-7.903089986991944
188239.286	75	0.875	-7.903089986991944
188460.029	75	0.88	-7.903089986991944
189792.429	75	0.885	-7.903089986991944
190822.429	75	0.89	-7.903089986991944
191802.55	75	0.895	-7.903089986991944
192760.0	75	0.9	-7.903089986991944
194212.744	75	0.905	-7.903089986991944
195353.286	75	0.91	-7.903089986991944
196099.423	75	0.915	-7.903089986991944
197595.429	75	0.92	-7.903089986991944
198869.378	75	0.925	-7.903089986991944
199873.621	75	0.93	-7.903089986991944
201056.882	75	0.935	-7.903089986991944
204094.571	75	0.94	-7.903089986991944
205964.5	75	0.945	-7.903089986991944
208450.714	75	0.95	-7.903089986991944
210719.825	75	0.955	-7.903089986991944
214275.81	75	0.96	-7.903089986991944
218392.619	75	0.965	-7.903089986991944
221493.385	75	0.97	-7.903089986991944
223769.848	75	0.975	-7.903089986991944
228012.615	75	0.98	-7.903089986991944
238000.404	75	0.985	-7.903089986991944
244178.627	75	0.99	-7.903089986991944
263429.193	75	0.995	-7.903089986991944
166037.143	100	0.5	-7.903089986991944
166456.183	100	0.505	-7.903089986991944
167017.994	100	0.51	-7.903089986991944
167840.051	100	0.515	-7.903089986991944
168142.194	100	0.52	-7.903089986991944
168739.165	100	0.525	-7.903089986991944
169653.927	100	0.53	-7.903089986991944
170212.879	100	0.535	-7.903089986991944
171136.351	100	0.54	-7.903089986991944
171503.307	100	0.545	-7.903089986991944
171763.571	100	0.55	-7.903089986991944
172048.988	100	0.555	-7.903089986991944
172802.476	100	0.56	-7.903089986991944
172942.47	100	0.565	-7.903089986991944
173216.119	100	0.57	-7.903089986991944
173377.332	100	0.575	-7.903089986991944
173568.303	100	0.58	-7.903089986991944
174081.316	100	0.585	-7.903089986991944
174393.057	100	0.59	-7.903089986991944
174711.923	100	0.595	-7.903089986991944
174967.886	100	0.6	-7.903089986991944
175765.725	100	0.605	-7.903089986991944
176181.91	100	0.61	-7.903089986991944
176793.883	100	0.615	-7.903089986991944
176949.231	100	0.62	-7.903089986991944
177353.929	100	0.625	-7.903089986991944
177980.629	100	0.63	-7.903089986991944
178332.375	100	0.635	-7.903089986991944
178732.518	100	0.64	-7.903089986991944
179332.508	100	0.645	-7.903089986991944
179907.405	100	0.65	-7.903089986991944
180234.02	100	0.655	-7.903089986991944
180674.369	100	0.66	-7.903089986991944
181175.312	100	0.665	-7.903089986991944
181709.014	100	0.67	-7.903089986991944
182536.504	100	0.675	-7.903089986991944
183271.263	100	0.68	-7.903089986991944
184041.703	100	0.685	-7.903089986991944
184505.2	100	0.69	-7.903089986991944
184700.375	100	0.695	-7.903089986991944
185254.022	100	0.7	-7.903089986991944
186017.653	100	0.705	-7.903089986991944
186576.324	100	0.71	-7.903089986991944
187076.123	100	0.715	-7.903089986991944
187636.453	100	0.72	-7.903089986991944
187969.118	100	0.725	-7.903089986991944
188207.969	100	0.73	-7.903089986991944
188451.741	100	0.735	-7.903089986991944
188986.646	100	0.74	-7.903089986991944
189442.399	100	0.745	-7.903089986991944
190347.893	100	0.75	-7.903089986991944
190892.596	100	0.755	-7.903089986991944
191587.314	100	0.76	-7.903089986991944
192426.242	100	0.765	-7.903089986991944
193056.709	100	0.77	-7.903089986991944
193687.937	100	0.775	-7.903089986991944
194147.509	100	0.78	-7.903089986991944
194752.731	100	0.785	-7.903089986991944
195450.571	100	0.79	-7.903089986991944
195951.097	100	0.795	-7.903089986991944
196482.932	100	0.8	-7.903089986991944
196858.886	100	0.805	-7.903089986991944
197672.36	100	0.81	-7.903089986991944
198316.254	100	0.815	-7.903089986991944
198866.0	100	0.82	-7.903089986991944
200292.086	100	0.825	-7.903089986991944
201126.64	100	0.83	-7.903089986991944
201767.271	100	0.835	-7.903089986991944
202606.635	100	0.84	-7.903089986991944
203642.239	100	0.845	-7.903089986991944
204230.451	100	0.85	-7.903089986991944
205243.094	100	0.855	-7.903089986991944
206297.66	100	0.86	-7.903089986991944
207058.343	100	0.865	-7.903089986991944
207716.42	100	0.87	-7.903089986991944
208918.232	100	0.875	-7.903089986991944
209457.994	100	0.88	-7.903089986991944
209656.655	100	0.885	-7.903089986991944
210467.943	100	0.89	-7.903089986991944
211801.314	100	0.895	-7.903089986991944
211960.057	100	0.9	-7.903089986991944
212344.243	100	0.905	-7.903089986991944
213234.235	100	0.91	-7.903089986991944
215172.259	100	0.915	-7.903089986991944
216115.086	100	0.92	-7.903089986991944
217818.531	100	0.925	-7.903089986991944
219741.441	100	0.93	-7.903089986991944
221092.888	100	0.935	-7.903089986991944
222720.16	100	0.94	-7.903089986991944
224932.68	100	0.945	-7.903089986991944
226497.857	100	0.95	-7.903089986991944
228353.166	100	0.955	-7.903089986991944
230465.714	100	0.96	-7.903089986991944
232872.156	100	0.965	-7.903089986991944
238241.914	100	0.97	-7.903089986991944
239688.286	100	0.975	-7.903089986991944
247124.171	100	0.98	-7.903089986991944
250889.921	100	0.985	-7.903089986991944
268221.086	100	0.99	-7.903089986991944
297537.095	100	0.995	-7.903089986991944
183123.143	125	0.5	-7.903089986991944
183719.126	125	0.505	-7.903089986991944
184524.357	125	0.51	-7.903089986991944
184800.66	125	0.515	-7.903089986991944
184959.897	125	0.52	-7.903089986991944
185309.793	125	0.525	-7.903089986991944
185454.686	125	0.53	-7.903089986991944
185832.811	125	0.535	-7.903089986991944
186383.371	125	0.54	-7.903089986991944
186618.584	125	0.545	-7.903089986991944
187027.538	125	0.55	-7.903089986991944
187502.4	125	0.555	-7.903089986991944
188071.083	125	0.56	-7.903089986991944
188550.353	125	0.565	-7.903089986991944
188817.6	125	0.57	-7.903089986991944
189197.72	125	0.575	-7.903089986991944
189490.491	125	0.58	-7.903089986991944
189924.691	125	0.585	-7.903089986991944
190407.869	125	0.59	-7.903089986991944
190585.886	125	0.595	-7.903089986991944
191161.857	125	0.6	-7.903089986991944
191361.029	125	0.605	-7.903089986991944
191851.76	125	0.61	-7.903089986991944
192301.969	125	0.615	-7.903089986991944
192710.068	125	0.62	-7.903089986991944
193183.571	125	0.625	-7.903089986991944
193972.92	125	0.63	-7.903089986991944
194575.067	125	0.635	-7.903089986991944
195308.517	125	0.64	-7.903089986991944
195850.484	125	0.645	-7.903089986991944
196674.814	125	0.65	-7.903089986991944
197128.532	125	0.655	-7.903089986991944
197824.686	125	0.66	-7.903089986991944
198228.099	125	0.665	-7.903089986991944
198898.769	125	0.67	-7.903089986991944
199877.331	125	0.675	-7.903089986991944
200283.028	125	0.68	-7.903089986991944
200897.405	125	0.685	-7.903089986991944
201257.911	125	0.69	-7.903089986991944
201576.824	125	0.695	-7.903089986991944
201719.765	125	0.7	-7.903089986991944
202700.143	125	0.705	-7.903089986991944
202970.0	125	0.71	-7.903089986991944
203330.052	125	0.715	-7.903089986991944
203840.629	125	0.72	-7.903089986991944
204231.571	125	0.725	-7.903089986991944
205189.943	125	0.73	-7.903089986991944
206418.89	125	0.735	-7.903089986991944
206839.137	125	0.74	-7.903089986991944
206981.643	125	0.745	-7.903089986991944
207078.571	125	0.75	-7.903089986991944
207710.147	125	0.755	-7.903089986991944
208175.657	125	0.76	-7.903089986991944
208846.202	125	0.765	-7.903089986991944
209215.834	125	0.77	-7.903089986991944
209731.786	125	0.775	-7.903089986991944
210448.38	125	0.78	-7.903089986991944
210886.943	125	0.785	-7.903089986991944
211752.503	125	0.79	-7.903089986991944
212354.743	125	0.795	-7.903089986991944
212882.3	125	0.8	-7.903089986991944
213504.8	125	0.805	-7.903089986991944
214015.086	125	0.81	-7.903089986991944
214255.829	125	0.815	-7.903089986991944
214936.306	125	0.82	-7.903089986991944
216171.714	125	0.825	-7.903089986991944
216873.886	125	0.83	-7.903089986991944
217394.877	125	0.835	-7.903089986991944
217589.906	125	0.84	-7.903089986991944
218305.403	125	0.845	-7.903089986991944
219266.571	125	0.85	-7.903089986991944
220212.576	125	0.855	-7.903089986991944
220775.509	125	0.86	-7.903089986991944
221763.787	125	0.865	-7.903089986991944
221900.571	125	0.87	-7.903089986991944
222695.036	125	0.875	-7.903089986991944
223825.48	125	0.88	-7.903089986991944
225757.719	125	0.885	-7.903089986991944
228219.117	125	0.89	-7.903089986991944
229098.863	125	0.895	-7.903089986991944
229730.8	125	0.9	-7.903089986991944
230775.173	125	0.905	-7.903089986991944
232049.257	125	0.91	-7.903089986991944
233319.486	125	0.915	-7.903089986991944
234118.857	125	0.92	-7.903089986991944
235236.747	125	0.925	-7.903089986991944
237604.854	125	0.93	-7.903089986991944
239665.657	125	0.935	-7.903089986991944
242350.56	125	0.94	-7.903089986991944
245359.504	125	0.945	-7.903089986991944
248931.524	125	0.95	-7.903089986991944
250949.371	125	0.955	-7.903089986991944
255399.886	125	0.96	-7.903089986991944
259013.29	125	0.965	-7.903089986991944
263694.05	125	0.97	-7.903089986991944
274551.764	125	0.975	-7.903089986991944
285084.286	125	0.98	-7.903089986991944
294814.739	125	0.985	-7.903089986991944
306089.943	125	0.99	-7.903089986991944
331655.1	125	0.995	-7.903089986991944
195425.714	150	0.5	-7.903089986991944
196555.53	150	0.505	-7.903089986991944
196696.494	150	0.51	-7.903089986991944
197041.374	150	0.515	-7.903089986991944
197562.02	150	0.52	-7.903089986991944
197900.857	150	0.525	-7.903089986991944
198196.057	150	0.53	-7.903089986991944
198553.286	150	0.535	-7.903089986991944
199079.703	150	0.54	-7.903089986991944
199331.314	150	0.545	-7.903089986991944
199681.462	150	0.55	-7.903089986991944
200279.122	150	0.555	-7.903089986991944
200724.514	150	0.56	-7.903089986991944
201320.492	150	0.565	-7.903089986991944
201626.343	150	0.57	-7.903089986991944
202249.593	150	0.575	-7.903089986991944
202775.166	150	0.58	-7.903089986991944
203010.057	150	0.585	-7.903089986991944
203574.183	150	0.59	-7.903089986991944
203884.084	150	0.595	-7.903089986991944
204345.714	150	0.6	-7.903089986991944
205175.743	150	0.605	-7.903089986991944
205630.571	150	0.61	-7.903089986991944
206218.786	150	0.615	-7.903089986991944
206653.2	150	0.62	-7.903089986991944
207053.571	150	0.625	-7.903089986991944
207330.354	150	0.63	-7.903089986991944
207722.229	150	0.635	-7.903089986991944
208142.229	150	0.64	-7.903089986991944
208600.286	150	0.645	-7.903089986991944
208990.597	150	0.65	-7.903089986991944
209305.462	150	0.655	-7.903089986991944
209702.923	150	0.66	-7.903089986991944
209895.8	150	0.665	-7.903089986991944
210135.094	150	0.67	-7.903089986991944
210611.308	150	0.675	-7.903089986991944
211840.174	150	0.68	-7.903089986991944
212438.543	150	0.685	-7.903089986991944
212659.95	150	0.69	-7.903089986991944
213119.686	150	0.695	-7.903089986991944
213713.393	150	0.7	-7.903089986991944
214098.8	150	0.705	-7.903089986991944
214889.386	150	0.71	-7.903089986991944
215787.024	150	0.715	-7.903089986991944
216211.363	150	0.72	-7.903089986991944
216761.571	150	0.725	-7.903089986991944
217224.963	150	0.73	-7.903089986991944
217761.629	150	0.735	-7.903089986991944
218062.295	150	0.74	-7.903089986991944
218451.114	150	0.745	-7.903089986991944
219291.429	150	0.75	-7.903089986991944
220617.143	150	0.755	-7.903089986991944
221039.554	150	0.76	-7.903089986991944
221525.429	150	0.765	-7.903089986991944
222216.189	150	0.77	-7.903089986991944
223065.579	150	0.775	-7.903089986991944
223251.6	150	0.78	-7.903089986991944
223913.457	150	0.785	-7.903089986991944
224584.226	150	0.79	-7.903089986991944
224996.153	150	0.795	-7.903089986991944
225941.7	150	0.8	-7.903089986991944
226633.043	150	0.805	-7.903089986991944
227215.594	150	0.81	-7.903089986991944
228154.396	150	0.815	-7.903089986991944
229488.971	150	0.82	-7.903089986991944
230269.538	150	0.825	-7.903089986991944
231169.657	150	0.83	-7.903089986991944
232476.69	150	0.835	-7.903089986991944
233129.06	150	0.84	-7.903089986991944
233688.273	150	0.845	-7.903089986991944
234628.286	150	0.85	-7.903089986991944
235838.343	150	0.855	-7.903089986991944
236616.743	150	0.86	-7.903089986991944
236980.437	150	0.865	-7.903089986991944
237402.491	150	0.87	-7.903089986991944
237983.49	150	0.875	-7.903089986991944
239320.686	150	0.88	-7.903089986991944
240158.543	150	0.885	-7.903089986991944
241717.777	150	0.89	-7.903089986991944
243345.344	150	0.895	-7.903089986991944
244320.264	150	0.9	-7.903089986991944
245882.637	150	0.905	-7.903089986991944
247918.114	150	0.91	-7.903089986991944
249294.943	150	0.915	-7.903089986991944
252185.127	150	0.92	-7.903089986991944
253747.25	150	0.925	-7.903089986991944
255892.114	150	0.93	-7.903089986991944
258415.314	150	0.935	-7.903089986991944
260371.172	150	0.94	-7.903089986991944
264552.587	150	0.945	-7.903089986991944
269995.429	150	0.95	-7.903089986991944
275772.716	150	0.955	-7.903089986991944
280804.343	150	0.96	-7.903089986991944
285128.613	150	0.965	-7.903089986991944
296768.892	150	0.97	-7.903089986991944
303759.493	150	0.975	-7.903089986991944
313603.366	150	0.98	-7.903089986991944
317893.374	150	0.985	-7.903089986991944
328744.387	150	0.99	-7.903089986991944
366474.943	150	0.995	-7.903089986991944
205450.64	175	0.5	-7.903089986991944
205859.756	175	0.505	-7.903089986991944
206487.867	175	0.51	-7.903089986991944
206853.121	175	0.515	-7.903089986991944
207153.086	175	0.52	-7.903089986991944
207559.393	175	0.525	-7.903089986991944
208083.397	175	0.53	-7.903089986991944
208612.103	175	0.535	-7.903089986991944
208947.84	175	0.54	-7.903089986991944
209486.005	175	0.545	-7.903089986991944
209949.682	175	0.55	-7.903089986991944
210391.638	175	0.555	-7.903089986991944
210709.891	175	0.56	-7.903089986991944
211487.264	175	0.565	-7.903089986991944
211962.224	175	0.57	-7.903089986991944
212534.934	175	0.575	-7.903089986991944
213023.971	175	0.58	-7.903089986991944
213623.151	175	0.585	-7.903089986991944
213934.114	175	0.59	-7.903089986991944
214553.114	175	0.595	-7.903089986991944
215243.4	175	0.6	-7.903089986991944
215570.05	175	0.605	-7.903089986991944
215828.517	175	0.61	-7.903089986991944
216279.614	175	0.615	-7.903089986991944
216820.057	175	0.62	-7.903089986991944
216990.696	175	0.625	-7.903089986991944
217499.829	175	0.63	-7.903089986991944
217697.84	175	0.635	-7.903089986991944
218367.551	175	0.64	-7.903089986991944
218785.579	175	0.645	-7.903089986991944
219300.643	175	0.65	-7.903089986991944
219969.825	175	0.655	-7.903089986991944
220372.633	175	0.66	-7.903089986991944
220724.916	175	0.665	-7.903089986991944
221170.404	175	0.67	-7.903089986991944
221913.041	175	0.675	-7.903089986991944
222288.229	175	0.68	-7.903089986991944
222479.928	175	0.685	-7.903089986991944
223291.935	175	0.69	-7.903089986991944
223881.228	175	0.695	-7.903089986991944
224210.714	175	0.7	-7.903089986991944
224651.171	175	0.705	-7.903089986991944
224978.271	175	0.71	-7.903089986991944
225428.417	175	0.715	-7.903089986991944
225687.18	175	0.72	-7.903089986991944
226477.054	175	0.725	-7.903089986991944
226958.705	175	0.73	-7.903089986991944
227397.9	175	0.735	-7.903089986991944
228280.611	175	0.74	-7.903089986991944
228721.853	175	0.745	-7.903089986991944
229219.768	175	0.75	-7.903089986991944
229645.601	175	0.755	-7.903089986991944
230152.571	175	0.76	-7.903089986991944
231680.356	175	0.765	-7.903089986991944
232182.429	175	0.77	-7.903089986991944
232946.786	175	0.775	-7.903089986991944
233366.874	175	0.78	-7.903089986991944
234127.724	175	0.785	-7.903089986991944
235086.0	175	0.79	-7.903089986991944
235967.222	175	0.795	-7.903089986991944
236599.569	175	0.8	-7.903089986991944
237263.685	175	0.805	-7.903089986991944
237957.572	175	0.81	-7.903089986991944
238767.724	175	0.815	-7.903089986991944
239683.381	175	0.82	-7.903089986991944
240536.63	175	0.825	-7.903089986991944
241523.994	175	0.83	-7.903089986991944
242701.631	175	0.835	-7.903089986991944
243382.229	175	0.84	-7.903089986991944
244888.214	175	0.845	-7.903089986991944
246261.786	175	0.85	-7.903089986991944
246888.179	175	0.855	-7.903089986991944
247697.262	175	0.86	-7.903089986991944
248972.063	175	0.865	-7.903089986991944
250131.357	175	0.87	-7.903089986991944
251723.241	175	0.875	-7.903089986991944
253718.329	175	0.88	-7.903089986991944
254560.571	175	0.885	-7.903089986991944
256367.214	175	0.89	-7.903089986991944
257877.485	175	0.895	-7.903089986991944
259838.571	175	0.9	-7.903089986991944
260652.285	175	0.905	-7.903089986991944
265295.743	175	0.91	-7.903089986991944
268316.486	175	0.915	-7.903089986991944
270542.286	175	0.92	-7.903089986991944
274115.064	175	0.925	-7.903089986991944
276418.416	175	0.93	-7.903089986991944
277984.957	175	0.935	-7.903089986991944
281519.914	175	0.94	-7.903089986991944
283660.476	175	0.945	-7.903089986991944
290796.825	175	0.95	-7.903089986991944
298077.346	175	0.955	-7.903089986991944
300380.629	175	0.96	-7.903089986991944
305222.907	175	0.965	-7.903089986991944
309361.355	175	0.97	-7.903089986991944
314383.525	175	0.975	-7.903089986991944
325259.657	175	0.98	-7.903089986991944
337735.312	175	0.985	-7.903089986991944
363712.543	175	0.99	-7.903089986991944
388510.957	175	0.995	-7.903089986991944
220041.266	200	0.5	-7.903089986991944
220538.102	200	0.505	-7.903089986991944
220895.6	200	0.51	-7.903089986991944
221214.625	200	0.515	-7.903089986991944
221576.143	200	0.52	-7.903089986991944
222083.143	200	0.525	-7.903089986991944
222446.094	200	0.53	-7.903089986991944
222697.264	200	0.535	-7.903089986991944
223042.549	200	0.54	-7.903089986991944
223748.112	200	0.545	-7.903089986991944
224809.571	200	0.55	-7.903089986991944
225085.579	200	0.555	-7.903089986991944
225413.183	200	0.56	-7.903089986991944
225915.988	200	0.565	-7.903089986991944
226171.686	200	0.57	-7.903089986991944
226748.071	200	0.575	-7.903089986991944
227798.321	200	0.58	-7.903089986991944
228756.973	200	0.585	-7.903089986991944
229166.7	200	0.59	-7.903089986991944
229442.6	200	0.595	-7.903089986991944
230023.786	200	0.6	-7.903089986991944
230247.422	200	0.605	-7.903089986991944
230630.467	200	0.61	-7.903089986991944
231243.307	200	0.615	-7.903089986991944
231654.031	200	0.62	-7.903089986991944
232097.188	200	0.625	-7.903089986991944
232751.948	200	0.63	-7.903089986991944
233412.19	200	0.635	-7.903089986991944
233923.397	200	0.64	-7.903089986991944
234507.54	200	0.645	-7.903089986991944
235158.096	200	0.65	-7.903089986991944
235661.921	200	0.655	-7.903089986991944
235892.811	200	0.66	-7.903089986991944
236094.545	200	0.665	-7.903089986991944
236779.533	200	0.67	-7.903089986991944
237071.477	200	0.675	-7.903089986991944
237941.429	200	0.68	-7.903089986991944
238215.816	200	0.685	-7.903089986991944
238619.135	200	0.69	-7.903089986991944
239422.507	200	0.695	-7.903089986991944
240343.757	200	0.7	-7.903089986991944
241201.362	200	0.705	-7.903089986991944
241678.241	200	0.71	-7.903089986991944
241874.283	200	0.715	-7.903089986991944
242403.629	200	0.72	-7.903089986991944
242772.661	200	0.725	-7.903089986991944
243283.762	200	0.73	-7.903089986991944
244510.098	200	0.735	-7.903089986991944
245075.977	200	0.74	-7.903089986991944
245785.153	200	0.745	-7.903089986991944
246579.643	200	0.75	-7.903089986991944
247098.371	200	0.755	-7.903089986991944
247732.42	200	0.76	-7.903089986991944
249013.264	200	0.765	-7.903089986991944
249757.896	200	0.77	-7.903089986991944
250398.302	200	0.775	-7.903089986991944
250804.283	200	0.78	-7.903089986991944
251498.006	200	0.785	-7.903089986991944
251683.349	200	0.79	-7.903089986991944
251905.893	200	0.795	-7.903089986991944
252364.171	200	0.8	-7.903089986991944
253459.082	200	0.805	-7.903089986991944
255014.016	200	0.81	-7.903089986991944
256029.457	200	0.815	-7.903089986991944
257451.719	200	0.82	-7.903089986991944
258003.446	200	0.825	-7.903089986991944
258658.187	200	0.83	-7.903089986991944
259276.604	200	0.835	-7.903089986991944
260891.051	200	0.84	-7.903089986991944
262307.744	200	0.845	-7.903089986991944
263448.489	200	0.85	-7.903089986991944
264020.975	200	0.855	-7.903089986991944
265184.886	200	0.86	-7.903089986991944
266782.436	200	0.865	-7.903089986991944
268576.486	200	0.87	-7.903089986991944
269811.607	200	0.875	-7.903089986991944
270571.714	200	0.88	-7.903089986991944
271609.24	200	0.885	-7.903089986991944
273012.85	200	0.89	-7.903089986991944
274550.543	200	0.895	-7.903089986991944
276546.143	200	0.9	-7.903089986991944
277951.151	200	0.905	-7.903089986991944
278934.2	200	0.91	-7.903089986991944
281336.964	200	0.915	-7.903089986991944
283069.103	200	0.92	-7.903089986991944
286498.704	200	0.925	-7.903089986991944
288137.614	200	0.93	-7.903089986991944
290814.861	200	0.935	-7.903089986991944
293007.829	200	0.94	-7.903089986991944
298989.286	200	0.945	-7.903089986991944
301308.5	200	0.95	-7.903089986991944
313420.568	200	0.955	-7.903089986991944
321150.057	200	0.96	-7.903089986991944
325871.031	200	0.965	-7.903089986991944
330066.457	200	0.97	-7.903089986991944
335615.466	200	0.975	-7.903089986991944
339434.03	200	0.98	-7.903089986991944
355438.586	200	0.985	-7.903089986991944
375104.371	200	0.99	-7.903089986991944
427454.093	200	0.995	-7.903089986991944
231151.5	225	0.5	-7.903089986991944
231894.114	225	0.505	-7.903089986991944
232412.042	225	0.51	-7.903089986991944
232920.863	225	0.515	-7.903089986991944
233270.354	225	0.52	-7.903089986991944
233515.825	225	0.525	-7.903089986991944
233850.843	225	0.53	-7.903089986991944
234359.803	225	0.535	-7.903089986991944
234913.223	225	0.54	-7.903089986991944
235495.079	225	0.545	-7.903089986991944
235802.904	225	0.55	-7.903089986991944
235991.843	225	0.555	-7.903089986991944
236542.669	225	0.56	-7.903089986991944
237421.294	225	0.565	-7.903089986991944
237740.048	225	0.57	-7.903089986991944
238241.534	225	0.575	-7.903089986991944
238699.119	225	0.58	-7.903089986991944
239177.193	225	0.585	-7.903089986991944
239807.714	225	0.59	-7.903089986991944
240074.684	225	0.595	-7.903089986991944
240828.286	225	0.6	-7.903089986991944
241726.806	225	0.605	-7.903089986991944
242202.329	225	0.61	-7.903089986991944
242865.868	225	0.615	-7.903089986991944
243602.0	225	0.62	-7.903089986991944
244156.741	225	0.625	-7.903089986991944
244609.021	225	0.63	-7.903089986991944
245075.546	225	0.635	-7.903089986991944
245185.511	225	0.64	-7.903089986991944
246223.102	225	0.645	-7.903089986991944
246802.693	225	0.65	-7.903089986991944
247423.577	225	0.655	-7.903089986991944
247960.549	225	0.66	-7.903089986991944
248396.693	225	0.665	-7.903089986991944
249182.729	225	0.67	-7.903089986991944
249552.3	225	0.675	-7.903089986991944
250205.737	225	0.68	-7.903089986991944
250541.956	225	0.685	-7.903089986991944
250928.678	225	0.69	-7.903089986991944
251808.414	225	0.695	-7.903089986991944
252823.043	225	0.7	-7.903089986991944
253069.181	225	0.705	-7.903089986991944
253498.914	225	0.71	-7.903089986991944
254258.768	225	0.715	-7.903089986991944
255537.909	225	0.72	-7.903089986991944
255819.402	225	0.725	-7.903089986991944
256451.503	225	0.73	-7.903089986991944
256733.971	225	0.735	-7.903089986991944
257612.757	225	0.74	-7.903089986991944
258328.16	225	0.745	-7.903089986991944
258933.982	225	0.75	-7.903089986991944
259414.854	225	0.755	-7.903089986991944
260362.74	225	0.76	-7.903089986991944
260935.371	225	0.765	-7.903089986991944
261447.498	225	0.77	-7.903089986991944
262458.209	225	0.775	-7.903089986991944
263445.857	225	0.78	-7.903089986991944
263865.507	225	0.785	-7.903089986991944
264961.557	225	0.79	-7.903089986991944
265851.693	225	0.795	-7.903089986991944
267109.414	225	0.8	-7.903089986991944
267468.556	225	0.805	-7.903089986991944
268085.344	225	0.81	-7.903089986991944
268873.448	225	0.815	-7.903089986991944
270099.131	225	0.82	-7.903089986991944
270858.38	225	0.825	-7.903089986991944
272011.384	225	0.83	-7.903089986991944
272799.636	225	0.835	-7.903089986991944
274522.057	225	0.84	-7.903089986991944
276346.321	225	0.845	-7.903089986991944
277325.286	225	0.85	-7.903089986991944
278475.2	225	0.855	-7.903089986991944
279669.853	225	0.86	-7.903089986991944
282040.981	225	0.865	-7.903089986991944
283065.78	225	0.87	-7.903089986991944
284959.634	225	0.875	-7.903089986991944
286049.751	225	0.88	-7.903089986991944
289031.011	225	0.885	-7.903089986991944
290038.671	225	0.89	-7.903089986991944
291900.293	225	0.895	-7.903089986991944
294462.036	225	0.9	-7.903089986991944
296226.805	225	0.905	-7.903089986991944
298319.686	225	0.91	-7.903089986991944
300045.793	225	0.915	-7.903089986991944
301958.914	225	0.92	-7.903089986991944
303725.923	225	0.925	-7.903089986991944
305641.63	225	0.93	-7.903089986991944
307367.086	225	0.935	-7.903089986991944
310694.244	225	0.94	-7.903089986991944
313411.875	225	0.945	-7.903089986991944
317586.583	225	0.95	-7.903089986991944
321668.229	225	0.955	-7.903089986991944
328589.6	225	0.96	-7.903089986991944
338094.767	225	0.965	-7.903089986991944
340721.802	225	0.97	-7.903089986991944
348440.869	225	0.975	-7.903089986991944
352934.6	225	0.98	-7.903089986991944
377581.679	225	0.985	-7.903089986991944
402389.842	225	0.99	-7.903089986991944
426246.744	225	0.995	-7.903089986991944
238890.679	250	0.5	-7.903089986991944
239273.085	250	0.505	-7.903089986991944
239706.56	250	0.51	-7.903089986991944
240078.515	250	0.515	-7.903089986991944
240530.24	250	0.52	-7.903089986991944
240940.252	250	0.525	-7.903089986991944
241432.757	250	0.53	-7.903089986991944
241993.549	250	0.535	-7.903089986991944
242545.114	250	0.54	-7.903089986991944
242933.964	250	0.545	-7.903089986991944
244206.0	250	0.55	-7.903089986991944
245410.136	250	0.555	-7.903089986991944
245869.631	250	0.56	-7.903089986991944
246515.057	250	0.565	-7.903089986991944
246926.459	250	0.57	-7.903089986991944
247545.857	250	0.575	-7.903089986991944
247841.571	250	0.58	-7.903089986991944
248117.401	250	0.585	-7.903089986991944
248423.986	250	0.59	-7.903089986991944
248690.993	250	0.595	-7.903089986991944
249225.271	250	0.6	-7.903089986991944
249829.929	250	0.605	-7.903089986991944
250078.799	250	0.61	-7.903089986991944
250675.714	250	0.615	-7.903089986991944
251304.841	250	0.62	-7.903089986991944
251555.0	250	0.625	-7.903089986991944
252182.371	250	0.63	-7.903089986991944
253122.106	250	0.635	-7.903089986991944
253922.171	250	0.64	-7.903089986991944
254575.471	250	0.645	-7.903089986991944
254890.643	250	0.65	-7.903089986991944
255338.678	250	0.655	-7.903089986991944
255501.504	250	0.66	-7.903089986991944
256336.14	250	0.665	-7.903089986991944
256649.221	250	0.67	-7.903089986991944
257116.12	250	0.675	-7.903089986991944
257480.8	250	0.68	-7.903089986991944
258608.334	250	0.685	-7.903089986991944
259045.3	250	0.69	-7.903089986991944
259921.656	250	0.695	-7.903089986991944
261308.857	250	0.7	-7.903089986991944
261916.064	250	0.705	-7.903089986991944
262796.862	250	0.71	-7.903089986991944
264270.664	250	0.715	-7.903089986991944
264723.574	250	0.72	-7.903089986991944
265259.279	250	0.725	-7.903089986991944
265995.943	250	0.73	-7.903089986991944
266802.785	250	0.735	-7.903089986991944
267319.5	250	0.74	-7.903089986991944
268219.703	250	0.745	-7.903089986991944
268523.179	250	0.75	-7.903089986991944
268975.535	250	0.755	-7.903089986991944
269772.68	250	0.76	-7.903089986991944
270356.709	250	0.765	-7.903089986991944
271912.309	250	0.77	-7.903089986991944
272467.82	250	0.775	-7.903089986991944
273017.187	250	0.78	-7.903089986991944
273137.681	250	0.785	-7.903089986991944
273624.114	250	0.79	-7.903089986991944
274679.243	250	0.795	-7.903089986991944
275772.643	250	0.8	-7.903089986991944
276883.829	250	0.805	-7.903089986991944
278679.171	250	0.81	-7.903089986991944
279616.285	250	0.815	-7.903089986991944
280086.03	250	0.82	-7.903089986991944
280580.141	250	0.825	-7.903089986991944
281094.922	250	0.83	-7.903089986991944
281681.131	250	0.835	-7.903089986991944
282219.314	250	0.84	-7.903089986991944
283000.297	250	0.845	-7.903089986991944
284115.132	250	0.85	-7.903089986991944
285419.371	250	0.855	-7.903089986991944
288302.157	250	0.86	-7.903089986991944
290791.451	250	0.865	-7.903089986991944
291436.357	250	0.87	-7.903089986991944
293455.536	250	0.875	-7.903089986991944
295325.049	250	0.88	-7.903089986991944
296963.264	250	0.885	-7.903089986991944
299654.886	250	0.89	-7.903089986991944
303406.279	250	0.895	-7.903089986991944
305928.607	250	0.9	-7.903089986991944
307534.901	250	0.905	-7.903089986991944
309011.595	250	0.91	-7.903089986991944
311573.621	250	0.915	-7.903089986991944
313884.654	250	0.92	-7.903089986991944
316324.102	250	0.925	-7.903089986991944
318037.329	250	0.93	-7.903089986991944
321962.012	250	0.935	-7.903089986991944
323957.4	250	0.94	-7.903089986991944
329477.971	250	0.945	-7.903089986991944
333766.643	250	0.95	-7.903089986991944
339886.857	250	0.955	-7.903089986991944
348539.103	250	0.96	-7.903089986991944
353550.943	250	0.965	-7.903089986991944
357635.166	250	0.97	-7.903089986991944
369229.057	250	0.975	-7.903089986991944
377222.927	250	0.98	-7.903089986991944
393500.923	250	0.985	-7.903089986991944
417700.928	250	0.99	-7.903089986991944
443549.429	250	0.995	-7.903089986991944
250844.143	275	0.5	-7.903089986991944
251326.609	275	0.505	-7.903089986991944
251783.078	275	0.51	-7.903089986991944
252386.194	275	0.515	-7.903089986991944
252793.371	275	0.52	-7.903089986991944
253241.432	275	0.525	-7.903089986991944
253726.205	275	0.53	-7.903089986991944
254042.752	275	0.535	-7.903089986991944
254675.199	275	0.54	-7.903089986991944
255031.948	275	0.545	-7.903089986991944
255813.839	275	0.55	-7.903089986991944
256147.948	275	0.555	-7.903089986991944
256697.434	275	0.56	-7.903089986991944
257118.15	275	0.565	-7.903089986991944
257578.302	275	0.57	-7.903089986991944
257890.291	275	0.575	-7.903089986991944
258166.743	275	0.58	-7.903089986991944
258554.243	275	0.585	-7.903089986991944
258870.157	275	0.59	-7.903089986991944
259311.807	275	0.595	-7.903089986991944
259942.757	275	0.6	-7.903089986991944
260225.019	275	0.605	-7.903089986991944
260966.228	275	0.61	-7.903089986991944
261720.632	275	0.615	-7.903089986991944
262367.829	275	0.62	-7.903089986991944
263163.009	275	0.625	-7.903089986991944
263975.697	275	0.63	-7.903089986991944
264325.526	275	0.635	-7.903089986991944
265022.514	275	0.64	-7.903089986991944
265630.69	275	0.645	-7.903089986991944
266336.596	275	0.65	-7.903089986991944
266847.869	275	0.655	-7.903089986991944
267304.853	275	0.66	-7.903089986991944
267695.144	275	0.665	-7.903089986991944
268063.356	275	0.67	-7.903089986991944
268795.7	275	0.675	-7.903089986991944
269789.706	275	0.68	-7.903089986991944
270196.805	275	0.685	-7.903089986991944
270869.804	275	0.69	-7.903089986991944
271327.615	275	0.695	-7.903089986991944
272174.429	275	0.7	-7.903089986991944
272598.78	275	0.705	-7.903089986991944
273877.486	275	0.71	-7.903089986991944
274660.322	275	0.715	-7.903089986991944
275490.731	275	0.72	-7.903089986991944
276317.179	275	0.725	-7.903089986991944
277347.6	275	0.73	-7.903089986991944
277617.115	275	0.735	-7.903089986991944
278680.114	275	0.74	-7.903089986991944
279878.99	275	0.745	-7.903089986991944
280712.125	275	0.75	-7.903089986991944
281188.114	275	0.755	-7.903089986991944
281831.543	275	0.76	-7.903089986991944
282965.526	275	0.765	-7.903089986991944
283514.857	275	0.77	-7.903089986991944
283822.679	275	0.775	-7.903089986991944
284479.914	275	0.78	-7.903089986991944
284932.072	275	0.785	-7.903089986991944
286520.773	275	0.79	-7.903089986991944
286846.28	275	0.795	-7.903089986991944
287649.143	275	0.8	-7.903089986991944
289468.558	275	0.805	-7.903089986991944
290457.784	275	0.81	-7.903089986991944
291072.971	275	0.815	-7.903089986991944
292676.005	275	0.82	-7.903089986991944
293188.571	275	0.825	-7.903089986991944
294872.484	275	0.83	-7.903089986991944
295245.483	275	0.835	-7.903089986991944
297704.8	275	0.84	-7.903089986991944
299073.15	275	0.845	-7.903089986991944
299496.575	275	0.85	-7.903089986991944
301717.443	275	0.855	-7.903089986991944
304358.657	275	0.86	-7.903089986991944
306338.543	275	0.865	-7.903089986991944
308287.815	275	0.87	-7.903089986991944
310115.607	275	0.875	-7.903089986991944
312954.914	275	0.88	-7.903089986991944
313938.419	275	0.885	-7.903089986991944
315635.457	275	0.89	-7.903089986991944
318372.906	275	0.895	-7.903089986991944
321570.021	275	0.9	-7.903089986991944
322567.508	275	0.905	-7.903089986991944
326131.429	275	0.91	-7.903089986991944
329570.607	275	0.915	-7.903089986991944
331710.477	275	0.92	-7.903089986991944
334509.393	275	0.925	-7.903089986991944
338728.957	275	0.93	-7.903089986991944
340464.891	275	0.935	-7.903089986991944
345845.024	275	0.94	-7.903089986991944
353818.843	275	0.945	-7.903089986991944
361516.857	275	0.95	-7.903089986991944
370841.593	275	0.955	-7.903089986991944
387994.56	275	0.96	-7.903089986991944
395567.701	275	0.965	-7.903089986991944
401209.534	275	0.97	-7.903089986991944
412179.202	275	0.975	-7.903089986991944
429239.316	275	0.98	-7.903089986991944
437324.899	275	0.985	-7.903089986991944
481725.671	275	0.99	-7.903089986991944
531406.308	275	0.995	-7.903089986991944
260570.679	300	0.5	-7.903089986991944
261181.008	300	0.505	-7.903089986991944
262564.428	300	0.51	-7.903089986991944
262946.771	300	0.515	-7.903089986991944
263502.549	300	0.52	-7.903089986991944
263833.714	300	0.525	-7.903089986991944
264161.791	300	0.53	-7.903089986991944
264395.736	300	0.535	-7.903089986991944
265442.18	300	0.54	-7.903089986991944
265668.411	300	0.545	-7.903089986991944
266338.5	300	0.55	-7.903089986991944
267353.132	300	0.555	-7.903089986991944
267673.886	300	0.56	-7.903089986991944
268742.402	300	0.565	-7.903089986991944
269395.486	300	0.57	-7.903089986991944
269803.929	300	0.575	-7.903089986991944
270127.556	300	0.58	-7.903089986991944
270471.443	300	0.585	-7.903089986991944
270870.559	300	0.59	-7.903089986991944
271511.128	300	0.595	-7.903089986991944
271826.471	300	0.6	-7.903089986991944
272225.357	300	0.605	-7.903089986991944
272707.307	300	0.61	-7.903089986991944
273427.443	300	0.615	-7.903089986991944
274013.057	300	0.62	-7.903089986991944
274480.714	300	0.625	-7.903089986991944
274844.66	300	0.63	-7.903089986991944
275295.25	300	0.635	-7.903089986991944
275840.097	300	0.64	-7.903089986991944
276300.784	300	0.645	-7.903089986991944
276678.911	300	0.65	-7.903089986991944
277220.507	300	0.655	-7.903089986991944
278159.309	300	0.66	-7.903089986991944
279121.821	300	0.665	-7.903089986991944
279996.467	300	0.67	-7.903089986991944
280593.096	300	0.675	-7.903089986991944
281421.466	300	0.68	-7.903089986991944
282556.165	300	0.685	-7.903089986991944
283536.486	300	0.69	-7.903089986991944
284850.386	300	0.695	-7.903089986991944
286838.164	300	0.7	-7.903089986991944
287822.3	300	0.705	-7.903089986991944
288647.5	300	0.71	-7.903089986991944
289754.806	300	0.715	-7.903089986991944
291393.226	300	0.72	-7.903089986991944
292033.379	300	0.725	-7.903089986991944
292964.366	300	0.73	-7.903089986991944
294273.917	300	0.735	-7.903089986991944
295556.84	300	0.74	-7.903089986991944
296124.375	300	0.745	-7.903089986991944
297027.143	300	0.75	-7.903089986991944
298117.266	300	0.755	-7.903089986991944
298711.6	300	0.76	-7.903089986991944
299299.657	300	0.765	-7.903089986991944
300110.935	300	0.77	-7.903089986991944
301102.448	300	0.775	-7.903089986991944
301991.159	300	0.78	-7.903089986991944
302934.944	300	0.785	-7.903089986991944
304434.929	300	0.79	-7.903089986991944
305428.15	300	0.795	-7.903089986991944
307229.143	300	0.8	-7.903089986991944
308533.8	300	0.805	-7.903089986991944
309324.771	300	0.81	-7.903089986991944
311187.342	300	0.815	-7.903089986991944
312421.0	300	0.82	-7.903089986991944
313292.893	300	0.825	-7.903089986991944
314610.047	300	0.83	-7.903089986991944
316655.974	300	0.835	-7.903089986991944
318089.829	300	0.84	-7.903089986991944
319880.329	300	0.845	-7.903089986991944
321300.643	300	0.85	-7.903089986991944
322569.743	300	0.855	-7.903089986991944
324737.51	300	0.86	-7.903089986991944
326473.264	300	0.865	-7.903089986991944
328715.962	300	0.87	-7.903089986991944
330078.399	300	0.875	-7.903089986991944
333125.943	300	0.88	-7.903089986991944
334941.591	300	0.885	-7.903089986991944
337049.7	300	0.89	-7.903089986991944
340690.757	300	0.895	-7.903089986991944
342947.621	300	0.9	-7.903089986991944
344642.398	300	0.905	-7.903089986991944
349750.409	300	0.91	-7.903089986991944
351371.791	300	0.915	-7.903089986991944
353560.197	300	0.92	-7.903089986991944
356688.214	300	0.925	-7.903089986991944
365225.587	300	0.93	-7.903089986991944
367995.357	300	0.935	-7.903089986991944
372795.676	300	0.94	-7.903089986991944
382956.913	300	0.945	-7.903089986991944
386635.071	300	0.95	-7.903089986991944
394621.221	300	0.955	-7.903089986991944
399545.04	300	0.96	-7.903089986991944
414294.04	300	0.965	-7.903089986991944
431465.824	300	0.97	-7.903089986991944
439345.25	300	0.975	-7.903089986991944
453617.971	300	0.98	-7.903089986991944
469967.094	300	0.985	-7.903089986991944
485561.152	300	0.99	-7.903089986991944
523757.493	300	0.995	-7.903089986991944
268695.036	325	0.5	-7.903089986991944
269340.4	325	0.505	-7.903089986991944
269631.786	325	0.51	-7.903089986991944
271168.793	325	0.515	-7.903089986991944
271872.529	325	0.52	-7.903089986991944
272355.938	325	0.525	-7.903089986991944
272749.131	325	0.53	-7.903089986991944
273297.852	325	0.535	-7.903089986991944
273770.51	325	0.54	-7.903089986991944
274080.194	325	0.545	-7.903089986991944
274538.889	325	0.55	-7.903089986991944
275152.3	325	0.555	-7.903089986991944
275410.703	325	0.56	-7.903089986991944
276168.048	325	0.565	-7.903089986991944
276780.104	325	0.57	-7.903089986991944
277312.107	325	0.575	-7.903089986991944
278059.839	325	0.58	-7.903089986991944
278891.63	325	0.585	-7.903089986991944
279374.843	325	0.59	-7.903089986991944
280266.435	325	0.595	-7.903089986991944
281161.714	325	0.6	-7.903089986991944
281968.665	325	0.605	-7.903089986991944
282387.758	325	0.61	-7.903089986991944
282985.61	325	0.615	-7.903089986991944
283728.433	325	0.62	-7.903089986991944
284298.804	325	0.625	-7.903089986991944
285123.761	325	0.63	-7.903089986991944
285664.053	325	0.635	-7.903089986991944
286407.189	325	0.64	-7.903089986991944
286728.021	325	0.645	-7.903089986991944
287201.214	325	0.65	-7.903089986991944
288337.611	325	0.655	-7.903089986991944
288725.837	325	0.66	-7.903089986991944
289351.129	325	0.665	-7.903089986991944
290431.7	325	0.67	-7.903089986991944
291218.13	325	0.675	-7.903089986991944
291528.457	325	0.68	-7.903089986991944
292535.381	325	0.685	-7.903089986991944
293217.641	325	0.69	-7.903089986991944
293927.765	325	0.695	-7.903089986991944
295203.8	325	0.7	-7.903089986991944
296360.251	325	0.705	-7.903089986991944
297292.724	325	0.71	-7.903089986991944
298177.564	325	0.715	-7.903089986991944
299103.737	325	0.72	-7.903089986991944
300022.088	325	0.725	-7.903089986991944
300710.286	325	0.73	-7.903089986991944
302293.414	325	0.735	-7.903089986991944
302740.916	325	0.74	-7.903089986991944
303939.422	325	0.745	-7.903089986991944
305429.071	325	0.75	-7.903089986991944
305852.203	325	0.755	-7.903089986991944
307218.457	325	0.76	-7.903089986991944
308975.957	325	0.765	-7.903089986991944
309707.61	325	0.77	-7.903089986991944
311429.857	325	0.775	-7.903089986991944
312874.733	325	0.78	-7.903089986991944
313796.198	325	0.785	-7.903089986991944
314642.029	325	0.79	-7.903089986991944
316109.2	325	0.795	-7.903089986991944
316658.286	325	0.8	-7.903089986991944
318517.107	325	0.805	-7.903089986991944
318880.041	325	0.81	-7.903089986991944
321126.093	325	0.815	-7.903089986991944
322586.029	325	0.82	-7.903089986991944
325181.227	325	0.825	-7.903089986991944
328170.429	325	0.83	-7.903089986991944
329793.436	325	0.835	-7.903089986991944
331005.909	325	0.84	-7.903089986991944
333530.161	325	0.845	-7.903089986991944
334793.929	325	0.85	-7.903089986991944
336609.321	325	0.855	-7.903089986991944
340066.094	325	0.86	-7.903089986991944
341055.071	325	0.865	-7.903089986991944
343312.405	325	0.87	-7.903089986991944
345369.009	325	0.875	-7.903089986991944
346861.837	325	0.88	-7.903089986991944
348859.838	325	0.885	-7.903089986991944
352633.044	325	0.89	-7.903089986991944
355843.908	325	0.895	-7.903089986991944
356896.286	325	0.9	-7.903089986991944
360954.957	325	0.905	-7.903089986991944
363282.43	325	0.91	-7.903089986991944
365247.585	325	0.915	-7.903089986991944
371537.345	325	0.92	-7.903089986991944
374081.066	325	0.925	-7.903089986991944
376677.824	325	0.93	-7.903089986991944
379768.214	325	0.935	-7.903089986991944
382636.967	325	0.94	-7.903089986991944
390680.732	325	0.945	-7.903089986991944
395517.286	325	0.95	-7.903089986991944
402232.846	325	0.955	-7.903089986991944
406626.857	325	0.96	-7.903089986991944
412051.47	325	0.965	-7.903089986991944
419702.906	325	0.97	-7.903089986991944
429452.754	325	0.975	-7.903089986991944
440486.457	325	0.98	-7.903089986991944
458144.433	325	0.985	-7.903089986991944
475316.443	325	0.99	-7.903089986991944
510682.686	325	0.995	-7.903089986991944
280502.393	350	0.5	-7.903089986991944
281197.743	350	0.505	-7.903089986991944
282273.135	350	0.51	-7.903089986991944
283210.13	350	0.515	-7.903089986991944
283663.794	350	0.52	-7.903089986991944
284348.927	350	0.525	-7.903089986991944
284698.373	350	0.53	-7.903089986991944
285254.179	350	0.535	-7.903089986991944
285581.614	350	0.54	-7.903089986991944
285925.986	350	0.545	-7.903089986991944
287359.686	350	0.55	-7.903089986991944
287596.86	350	0.555	-7.903089986991944
288130.437	350	0.56	-7.903089986991944
288766.969	350	0.565	-7.903089986991944
289404.874	350	0.57	-7.903089986991944
290109.214	350	0.575	-7.903089986991944
290755.327	350	0.58	-7.903089986991944
292238.957	350	0.585	-7.903089986991944
292734.714	350	0.59	-7.903089986991944
293883.492	350	0.595	-7.903089986991944
294313.143	350	0.6	-7.903089986991944
294940.35	350	0.605	-7.903089986991944
295361.541	350	0.61	-7.903089986991944
295708.707	350	0.615	-7.903089986991944
296451.883	350	0.62	-7.903089986991944
296697.857	350	0.625	-7.903089986991944
297338.641	350	0.63	-7.903089986991944
298006.386	350	0.635	-7.903089986991944
298588.4	350	0.64	-7.903089986991944
299595.29	350	0.645	-7.903089986991944
300135.429	350	0.65	-7.903089986991944
300806.021	350	0.655	-7.903089986991944
301127.657	350	0.66	-7.903089986991944
301912.314	350	0.665	-7.903089986991944
303072.057	350	0.67	-7.903089986991944
303533.036	350	0.675	-7.903089986991944
304207.24	350	0.68	-7.903089986991944
304469.53	350	0.685	-7.903089986991944
305082.579	350	0.69	-7.903089986991944
305587.463	350	0.695	-7.903089986991944
306887.664	350	0.7	-7.903089986991944
307660.528	350	0.705	-7.903089986991944
308252.73	350	0.71	-7.903089986991944
309323.931	350	0.715	-7.903089986991944
310988.209	350	0.72	-7.903089986991944
311938.23	350	0.725	-7.903089986991944
312698.005	350	0.73	-7.903089986991944
314244.374	350	0.735	-7.903089986991944
315379.636	350	0.74	-7.903089986991944
316262.25	350	0.745	-7.903089986991944
317355.732	350	0.75	-7.903089986991944
318524.398	350	0.755	-7.903089986991944
319221.6	350	0.76	-7.903089986991944
320299.4	350	0.765	-7.903089986991944
320871.529	350	0.77	-7.903089986991944
322952.496	350	0.775	-7.903089986991944
324102.92	350	0.78	-7.903089986991944
325205.878	350	0.785	-7.903089986991944
326728.743	350	0.79	-7.903089986991944
327796.722	350	0.795	-7.903089986991944
329291.543	350	0.8	-7.903089986991944
330159.379	350	0.805	-7.903089986991944
332550.214	350	0.81	-7.903089986991944
335700.406	350	0.815	-7.903089986991944
336786.899	350	0.82	-7.903089986991944
339253.739	350	0.825	-7.903089986991944
340508.159	350	0.83	-7.903089986991944
342173.269	350	0.835	-7.903089986991944
345742.743	350	0.84	-7.903089986991944
347611.029	350	0.845	-7.903089986991944
348899.425	350	0.85	-7.903089986991944
350001.393	350	0.855	-7.903089986991944
351029.0	350	0.86	-7.903089986991944
352519.361	350	0.865	-7.903089986991944
355510.466	350	0.87	-7.903089986991944
358764.286	350	0.875	-7.903089986991944
361918.009	350	0.88	-7.903089986991944
364036.504	350	0.885	-7.903089986991944
369908.537	350	0.89	-7.903089986991944
373379.486	350	0.895	-7.903089986991944
379145.286	350	0.9	-7.903089986991944
382359.507	350	0.905	-7.903089986991944
385011.565	350	0.91	-7.903089986991944
386325.7	350	0.915	-7.903089986991944
390740.686	350	0.92	-7.903089986991944
395699.588	350	0.925	-7.903089986991944
397870.886	350	0.93	-7.903089986991944
400282.443	350	0.935	-7.903089986991944
407723.894	350	0.94	-7.903089986991944
411218.012	350	0.945	-7.903089986991944
416853.575	350	0.95	-7.903089986991944
420997.171	350	0.955	-7.903089986991944
425961.657	350	0.96	-7.903089986991944
429824.326	350	0.965	-7.903089986991944
442329.357	350	0.97	-7.903089986991944
452183.532	350	0.975	-7.903089986991944
463259.077	350	0.98	-7.903089986991944
479865.252	350	0.985	-7.903089986991944
507835.186	350	0.99	-7.903089986991944
573971.158	350	0.995	-7.903089986991944
283967.214	375	0.5	-7.903089986991944
284722.786	375	0.505	-7.903089986991944
285600.814	375	0.51	-7.903089986991944
286291.353	375	0.515	-7.903089986991944
286899.923	375	0.52	-7.903089986991944
287187.429	375	0.525	-7.903089986991944
287606.686	375	0.53	-7.903089986991944
288044.107	375	0.535	-7.903089986991944
288378.2	375	0.54	-7.903089986991944
289190.512	375	0.545	-7.903089986991944
289762.714	375	0.55	-7.903089986991944
290169.201	375	0.555	-7.903089986991944
291454.866	375	0.56	-7.903089986991944
292049.479	375	0.565	-7.903089986991944
292604.757	375	0.57	-7.903089986991944
293495.184	375	0.575	-7.903089986991944
294500.28	375	0.58	-7.903089986991944
295436.476	375	0.585	-7.903089986991944
296436.271	375	0.59	-7.903089986991944
297413.191	375	0.595	-7.903089986991944
298186.629	375	0.6	-7.903089986991944
298755.143	375	0.605	-7.903089986991944
299859.114	375	0.61	-7.903089986991944
300287.778	375	0.615	-7.903089986991944
300664.849	375	0.62	-7.903089986991944
301275.062	375	0.625	-7.903089986991944
302040.163	375	0.63	-7.903089986991944
302567.845	375	0.635	-7.903089986991944
303224.566	375	0.64	-7.903089986991944
303960.511	375	0.645	-7.903089986991944
304347.886	375	0.65	-7.903089986991944
305386.128	375	0.655	-7.903089986991944
305658.114	375	0.66	-7.903089986991944
306850.007	375	0.665	-7.903089986991944
307071.172	375	0.67	-7.903089986991944
307742.752	375	0.675	-7.903089986991944
308971.771	375	0.68	-7.903089986991944
309589.209	375	0.685	-7.903089986991944
310465.589	375	0.69	-7.903089986991944
311254.562	375	0.695	-7.903089986991944
312253.286	375	0.7	-7.903089986991944
314294.443	375	0.705	-7.903089986991944
315521.309	375	0.71	-7.903089986991944
317333.581	375	0.715	-7.903089986991944
317864.22	375	0.72	-7.903089986991944
319573.25	375	0.725	-7.903089986991944
320369.003	375	0.73	-7.903089986991944
320979.655	375	0.735	-7.903089986991944
321377.263	375	0.74	-7.903089986991944
321946.033	375	0.745	-7.903089986991944
322816.429	375	0.75	-7.903089986991944
323796.114	375	0.755	-7.903089986991944
324559.637	375	0.76	-7.903089986991944
325416.293	375	0.765	-7.903089986991944
328122.509	375	0.77	-7.903089986991944
330388.877	375	0.775	-7.903089986991944
331072.63	375	0.78	-7.903089986991944
332341.452	375	0.785	-7.903089986991944
333503.042	375	0.79	-7.903089986991944
333968.714	375	0.795	-7.903089986991944
335016.029	375	0.8	-7.903089986991944
335586.094	375	0.805	-7.903089986991944
336730.814	375	0.81	-7.903089986991944
337540.674	375	0.815	-7.903089986991944
339188.712	375	0.82	-7.903089986991944
340616.329	375	0.825	-7.903089986991944
342958.886	375	0.83	-7.903089986991944
344274.338	375	0.835	-7.903089986991944
345638.923	375	0.84	-7.903089986991944
346257.309	375	0.845	-7.903089986991944
348582.496	375	0.85	-7.903089986991944
350666.957	375	0.855	-7.903089986991944
351882.914	375	0.86	-7.903089986991944
353632.2	375	0.865	-7.903089986991944
355803.664	375	0.87	-7.903089986991944
359740.92	375	0.875	-7.903089986991944
362868.0	375	0.88	-7.903089986991944
364773.341	375	0.885	-7.903089986991944
368241.457	375	0.89	-7.903089986991944
372477.836	375	0.895	-7.903089986991944
373688.286	375	0.9	-7.903089986991944
375385.558	375	0.905	-7.903089986991944
379782.143	375	0.91	-7.903089986991944
385140.384	375	0.915	-7.903089986991944
388506.223	375	0.92	-7.903089986991944
394364.959	375	0.925	-7.903089986991944
397249.419	375	0.93	-7.903089986991944
401714.898	375	0.935	-7.903089986991944
405104.971	375	0.94	-7.903089986991944
410438.743	375	0.945	-7.903089986991944
413916.714	375	0.95	-7.903089986991944
423002.407	375	0.955	-7.903089986991944
426045.589	375	0.96	-7.903089986991944
431801.66	375	0.965	-7.903089986991944
447261.326	375	0.97	-7.903089986991944
456305.929	375	0.975	-7.903089986991944
468757.686	375	0.98	-7.903089986991944
494549.393	375	0.985	-7.903089986991944
533430.256	375	0.99	-7.903089986991944
584673.857	375	0.995	-7.903089986991944
298681.464	400	0.5	-7.903089986991944
299209.071	400	0.505	-7.903089986991944
299817.557	400	0.51	-7.903089986991944
299983.172	400	0.515	-7.903089986991944
300953.674	400	0.52	-7.903089986991944
301351.289	400	0.525	-7.903089986991944
301884.731	400	0.53	-7.903089986991944
302302.22	400	0.535	-7.903089986991944
303959.423	400	0.54	-7.903089986991944
304627.22	400	0.545	-7.903089986991944
306415.968	400	0.55	-7.903089986991944
307425.479	400	0.555	-7.903089986991944
308121.351	400	0.56	-7.903089986991944
308671.193	400	0.565	-7.903089986991944
309234.651	400	0.57	-7.903089986991944
309871.541	400	0.575	-7.903089986991944
310320.229	400	0.58	-7.903089986991944
310782.821	400	0.585	-7.903089986991944
311797.744	400	0.59	-7.903089986991944
312203.659	400	0.595	-7.903089986991944
312610.057	400	0.6	-7.903089986991944
313302.608	400	0.605	-7.903089986991944
313956.229	400	0.61	-7.903089986991944
314753.313	400	0.615	-7.903089986991944
315527.993	400	0.62	-7.903089986991944
317337.884	400	0.625	-7.903089986991944
318460.714	400	0.63	-7.903089986991944
318968.594	400	0.635	-7.903089986991944
319444.171	400	0.64	-7.903089986991944
320427.793	400	0.645	-7.903089986991944
321052.689	400	0.65	-7.903089986991944
321767.71	400	0.655	-7.903089986991944
322182.947	400	0.66	-7.903089986991944
322738.8	400	0.665	-7.903089986991944
323577.276	400	0.67	-7.903089986991944
324783.036	400	0.675	-7.903089986991944
325355.829	400	0.68	-7.903089986991944
325887.076	400	0.685	-7.903089986991944
326414.329	400	0.69	-7.903089986991944
328197.407	400	0.695	-7.903089986991944
328508.857	400	0.7	-7.903089986991944
329195.895	400	0.705	-7.903089986991944
329985.336	400	0.71	-7.903089986991944
331060.6	400	0.715	-7.903089986991944
332076.157	400	0.72	-7.903089986991944
332999.35	400	0.725	-7.903089986991944
333433.276	400	0.73	-7.903089986991944
334240.229	400	0.735	-7.903089986991944
335240.053	400	0.74	-7.903089986991944
336002.671	400	0.745	-7.903089986991944
336820.464	400	0.75	-7.903089986991944
338180.536	400	0.755	-7.903089986991944
339159.046	400	0.76	-7.903089986991944
339739.748	400	0.765	-7.903089986991944
341310.151	400	0.77	-7.903089986991944
342852.396	400	0.775	-7.903089986991944
344949.14	400	0.78	-7.903089986991944
346451.472	400	0.785	-7.903089986991944
347591.387	400	0.79	-7.903089986991944
348598.087	400	0.795	-7.903089986991944
350093.714	400	0.8	-7.903089986991944
352455.699	400	0.805	-7.903089986991944
354691.304	400	0.81	-7.903089986991944
357229.741	400	0.815	-7.903089986991944
359980.844	400	0.82	-7.903089986991944
362704.179	400	0.825	-7.903089986991944
364983.468	400	0.83	-7.903089986991944
366597.131	400	0.835	-7.903089986991944
368156.251	400	0.84	-7.903089986991944
369543.5	400	0.845	-7.903089986991944
372015.55	400	0.85	-7.903089986991944
376148.098	400	0.855	-7.903089986991944
378251.296	400	0.86	-7.903089986991944
380748.169	400	0.865	-7.903089986991944
383077.876	400	0.87	-7.903089986991944
383603.214	400	0.875	-7.903089986991944
385343.711	400	0.88	-7.903089986991944
387137.808	400	0.885	-7.903089986991944
389700.678	400	0.89	-7.903089986991944
393548.429	400	0.895	-7.903089986991944
396690.293	400	0.9	-7.903089986991944
398366.026	400	0.905	-7.903089986991944
401122.795	400	0.91	-7.903089986991944
409706.4	400	0.915	-7.903089986991944
413351.949	400	0.92	-7.903089986991944
415515.795	400	0.925	-7.903089986991944
421457.229	400	0.93	-7.903089986991944
427077.898	400	0.935	-7.903089986991944
430821.396	400	0.94	-7.903089986991944
445562.26	400	0.945	-7.903089986991944
454005.571	400	0.95	-7.903089986991944
465278.8	400	0.955	-7.903089986991944
475345.717	400	0.96	-7.903089986991944
479829.419	400	0.965	-7.903089986991944
490487.114	400	0.97	-7.903089986991944
499577.875	400	0.975	-7.903089986991944
517327.397	400	0.98	-7.903089986991944
549928.121	400	0.985	-7.903089986991944
570617.469	400	0.99	-7.903089986991944
635677.843	400	0.995	-7.903089986991944
304492.107	425	0.5	-7.903089986991944
304864.707	425	0.505	-7.903089986991944
305375.943	425	0.51	-7.903089986991944
305720.513	425	0.515	-7.903089986991944
306631.657	425	0.52	-7.903089986991944
307706.0	425	0.525	-7.903089986991944
308392.309	425	0.53	-7.903089986991944
309245.968	425	0.535	-7.903089986991944
309608.796	425	0.54	-7.903089986991944
309960.776	425	0.545	-7.903089986991944
310621.357	425	0.55	-7.903089986991944
311379.568	425	0.555	-7.903089986991944
311843.714	425	0.56	-7.903089986991944
312602.426	425	0.565	-7.903089986991944
313434.114	425	0.57	-7.903089986991944
314018.821	425	0.575	-7.903089986991944
315239.96	425	0.58	-7.903089986991944
315706.81	425	0.585	-7.903089986991944
316507.129	425	0.59	-7.903089986991944
317635.243	425	0.595	-7.903089986991944
318220.571	425	0.6	-7.903089986991944
318459.209	425	0.605	-7.903089986991944
319025.727	425	0.61	-7.903089986991944
319821.606	425	0.615	-7.903089986991944
320366.356	425	0.62	-7.903089986991944
321068.393	425	0.625	-7.903089986991944
322061.7	425	0.63	-7.903089986991944
323101.426	425	0.635	-7.903089986991944
323605.854	425	0.64	-7.903089986991944
325070.516	425	0.645	-7.903089986991944
325936.818	425	0.65	-7.903089986991944
326817.31	425	0.655	-7.903089986991944
327556.696	425	0.66	-7.903089986991944
329148.886	425	0.665	-7.903089986991944
330574.934	425	0.67	-7.903089986991944
331513.454	425	0.675	-7.903089986991944
332974.286	425	0.68	-7.903089986991944
334006.35	425	0.685	-7.903089986991944
335109.556	425	0.69	-7.903089986991944
336622.321	425	0.695	-7.903089986991944
337317.714	425	0.7	-7.903089986991944
338546.671	425	0.705	-7.903089986991944
340272.614	425	0.71	-7.903089986991944
341250.928	425	0.715	-7.903089986991944
342029.46	425	0.72	-7.903089986991944
343936.877	425	0.725	-7.903089986991944
344389.323	425	0.73	-7.903089986991944
346201.762	425	0.735	-7.903089986991944
347017.0	425	0.74	-7.903089986991944
348450.879	425	0.745	-7.903089986991944
349704.768	425	0.75	-7.903089986991944
350673.714	425	0.755	-7.903089986991944
351889.897	425	0.76	-7.903089986991944
353343.836	425	0.765	-7.903089986991944
353955.855	425	0.77	-7.903089986991944
354790.555	425	0.775	-7.903089986991944
356201.514	425	0.78	-7.903089986991944
359587.68	425	0.785	-7.903089986991944
360863.822	425	0.79	-7.903089986991944
362937.5	425	0.795	-7.903089986991944
364424.757	425	0.8	-7.903089986991944
365592.979	425	0.805	-7.903089986991944
366486.314	425	0.81	-7.903089986991944
366923.087	425	0.815	-7.903089986991944
369154.356	425	0.82	-7.903089986991944
372381.273	425	0.825	-7.903089986991944
375479.396	425	0.83	-7.903089986991944
378269.165	425	0.835	-7.903089986991944
379250.757	425	0.84	-7.903089986991944
382056.166	425	0.845	-7.903089986991944
384196.807	425	0.85	-7.903089986991944
386873.481	425	0.855	-7.903089986991944
389464.151	425	0.86	-7.903089986991944
392707.991	425	0.865	-7.903089986991944
394145.943	425	0.87	-7.903089986991944
396294.75	425	0.875	-7.903089986991944
397763.649	425	0.88	-7.903089986991944
399234.399	425	0.885	-7.903089986991944
404676.442	425	0.89	-7.903089986991944
406924.258	425	0.895	-7.903089986991944
409777.143	425	0.9	-7.903089986991944
413205.531	425	0.905	-7.903089986991944
416947.243	425	0.91	-7.903089986991944
420136.231	425	0.915	-7.903089986991944
424774.149	425	0.92	-7.903089986991944
428750.214	425	0.925	-7.903089986991944
431623.414	425	0.93	-7.903089986991944
434062.701	425	0.935	-7.903089986991944
436822.82	425	0.94	-7.903089986991944
441815.403	425	0.945	-7.903089986991944
454209.257	425	0.95	-7.903089986991944
460515.836	425	0.955	-7.903089986991944
463283.314	425	0.96	-7.903089986991944
478813.245	425	0.965	-7.903089986991944
496998.2	425	0.97	-7.903089986991944
509284.82	425	0.975	-7.903089986991944
527012.231	425	0.98	-7.903089986991944
532804.035	425	0.985	-7.903089986991944
557685.771	425	0.99	-7.903089986991944
613077.979	425	0.995	-7.903089986991944
313682.857	450	0.5	-7.903089986991944
314213.336	450	0.505	-7.903089986991944
314770.006	450	0.51	-7.903089986991944
315056.938	450	0.515	-7.903089986991944
315343.46	450	0.52	-7.903089986991944
315903.573	450	0.525	-7.903089986991944
317114.427	450	0.53	-7.903089986991944
318040.729	450	0.535	-7.903089986991944
318505.786	450	0.54	-7.903089986991944
320646.108	450	0.545	-7.903089986991944
321417.982	450	0.55	-7.903089986991944
322316.043	450	0.555	-7.903089986991944
323222.454	450	0.56	-7.903089986991944
323916.083	450	0.565	-7.903089986991944
324969.481	450	0.57	-7.903089986991944
325822.929	450	0.575	-7.903089986991944
327002.6	450	0.58	-7.903089986991944
327738.479	450	0.585	-7.903089986991944
329114.563	450	0.59	-7.903089986991944
329495.62	450	0.595	-7.903089986991944
330350.329	450	0.6	-7.903089986991944
331359.278	450	0.605	-7.903089986991944
332065.1	450	0.61	-7.903089986991944
332979.043	450	0.615	-7.903089986991944
334280.159	450	0.62	-7.903089986991944
335648.071	450	0.625	-7.903089986991944
336439.814	450	0.63	-7.903089986991944
337626.5	450	0.635	-7.903089986991944
338428.363	450	0.64	-7.903089986991944
339487.657	450	0.645	-7.903089986991944
340972.411	450	0.65	-7.903089986991944
342252.514	450	0.655	-7.903089986991944
343421.856	450	0.66	-7.903089986991944
343863.6	450	0.665	-7.903089986991944
345249.786	450	0.67	-7.903089986991944
345711.071	450	0.675	-7.903089986991944
346525.143	450	0.68	-7.903089986991944
347255.593	450	0.685	-7.903089986991944
348742.199	450	0.69	-7.903089986991944
349179.1	450	0.695	-7.903089986991944
349897.95	450	0.7	-7.903089986991944
350835.452	450	0.705	-7.903089986991944
351253.574	450	0.71	-7.903089986991944
352513.606	450	0.715	-7.903089986991944
353953.9	450	0.72	-7.903089986991944
355179.371	450	0.725	-7.903089986991944
355812.2	450	0.73	-7.903089986991944
356850.565	450	0.735	-7.903089986991944
357654.771	450	0.74	-7.903089986991944
358223.393	450	0.745	-7.903089986991944
358904.643	450	0.75	-7.903089986991944
359718.216	450	0.755	-7.903089986991944
362205.203	450	0.76	-7.903089986991944
364541.681	450	0.765	-7.903089986991944
366520.014	450	0.77	-7.903089986991944
368251.107	450	0.775	-7.903089986991944
370686.633	450	0.78	-7.903089986991944
372339.676	450	0.785	-7.903089986991944
373811.754	450	0.79	-7.903089986991944
375135.8	450	0.795	-7.903089986991944
376258.0	450	0.8	-7.903089986991944
378288.84	450	0.805	-7.903089986991944
379634.159	450	0.81	-7.903089986991944
381702.157	450	0.815	-7.903089986991944
383281.257	450	0.82	-7.903089986991944
385639.059	450	0.825	-7.903089986991944
387050.233	450	0.83	-7.903089986991944
388464.059	450	0.835	-7.903089986991944
391308.0	450	0.84	-7.903089986991944
393839.093	450	0.845	-7.903089986991944
396354.286	450	0.85	-7.903089986991944
399426.763	450	0.855	-7.903089986991944
402295.914	450	0.86	-7.903089986991944
405223.555	450	0.865	-7.903089986991944
409524.666	450	0.87	-7.903089986991944
416404.179	450	0.875	-7.903089986991944
417816.971	450	0.88	-7.903089986991944
420753.659	450	0.885	-7.903089986991944
422254.256	450	0.89	-7.903089986991944
424340.908	450	0.895	-7.903089986991944
430057.1	450	0.9	-7.903089986991944
435774.313	450	0.905	-7.903089986991944
437739.092	450	0.91	-7.903089986991944
441587.021	450	0.915	-7.903089986991944
444860.566	450	0.92	-7.903089986991944
451510.25	450	0.925	-7.903089986991944
456333.276	450	0.93	-7.903089986991944
462406.686	450	0.935	-7.903089986991944
466731.683	450	0.94	-7.903089986991944
472399.814	450	0.945	-7.903089986991944
474924.8	450	0.95	-7.903089986991944
482677.725	450	0.955	-7.903089986991944
492350.114	450	0.96	-7.903089986991944
498594.403	450	0.965	-7.903089986991944
513725.484	450	0.97	-7.903089986991944
518100.948	450	0.975	-7.903089986991944
545633.03	450	0.98	-7.903089986991944
566586.737	450	0.985	-7.903089986991944
618064.957	450	0.99	-7.903089986991944
700674.993	450	0.995	-7.903089986991944
