S*_score	SNP_num	quantile	log(local_recomb_rate)
116530.0	25	0.5	-7.903089986991944
117309.5	25	0.505	-7.903089986991944
117458.8	25	0.51	-7.903089986991944
118063.0	25	0.515	-7.903089986991944
118900.0	25	0.52	-7.903089986991944
119470.0	25	0.525	-7.903089986991944
119726.0	25	0.53	-7.903089986991944
119837.95	25	0.535	-7.903089986991944
120036.0	25	0.54	-7.903089986991944
120387.5	25	0.545	-7.903089986991944
120598.333	25	0.55	-7.903089986991944
120972.0	25	0.555	-7.903089986991944
121542.667	25	0.56	-7.903089986991944
122609.0	25	0.565	-7.903089986991944
122798.0	25	0.57	-7.903089986991944
122995.0	25	0.575	-7.903089986991944
123573.2	25	0.58	-7.903089986991944
123993.0	25	0.585	-7.903089986991944
124843.7	25	0.59	-7.903089986991944
125192.35	25	0.595	-7.903089986991944
125460.0	25	0.6	-7.903089986991944
125965.0	25	0.605	-7.903089986991944
127560.0	25	0.61	-7.903089986991944
128961.786	25	0.615	-7.903089986991944
129300.0	25	0.62	-7.903089986991944
129391.591	25	0.625	-7.903089986991944
130551.9	25	0.63	-7.903089986991944
131168.65	25	0.635	-7.903089986991944
131356.0	25	0.64	-7.903089986991944
132095.933	25	0.645	-7.903089986991944
132300.0	25	0.65	-7.903089986991944
132453.5	25	0.655	-7.903089986991944
132975.6	25	0.66	-7.903089986991944
133256.525	25	0.665	-7.903089986991944
133609.907	25	0.67	-7.903089986991944
134175.0	25	0.675	-7.903089986991944
134676.0	25	0.68	-7.903089986991944
135606.8	25	0.685	-7.903089986991944
135758.0	25	0.69	-7.903089986991944
136095.85	25	0.695	-7.903089986991944
136340.0	25	0.7	-7.903089986991944
136845.436	25	0.705	-7.903089986991944
137094.286	25	0.71	-7.903089986991944
137217.286	25	0.715	-7.903089986991944
138248.0	25	0.72	-7.903089986991944
138477.857	25	0.725	-7.903089986991944
138718.0	25	0.73	-7.903089986991944
140359.357	25	0.735	-7.903089986991944
141004.0	25	0.74	-7.903089986991944
141788.25	25	0.745	-7.903089986991944
143545.714	25	0.75	-7.903089986991944
144551.0	25	0.755	-7.903089986991944
145336.2	25	0.76	-7.903089986991944
145673.164	25	0.765	-7.903089986991944
146046.329	25	0.77	-7.903089986991944
146430.0	25	0.775	-7.903089986991944
147360.0	25	0.78	-7.903089986991944
148730.4	25	0.785	-7.903089986991944
149911.271	25	0.79	-7.903089986991944
150465.0	25	0.795	-7.903089986991944
151140.0	25	0.8	-7.903089986991944
152343.167	25	0.805	-7.903089986991944
152892.0	25	0.81	-7.903089986991944
153281.429	25	0.815	-7.903089986991944
154224.0	25	0.82	-7.903089986991944
154806.964	25	0.825	-7.903089986991944
155196.4	25	0.83	-7.903089986991944
155454.2	25	0.835	-7.903089986991944
156980.0	25	0.84	-7.903089986991944
157470.4	25	0.845	-7.903089986991944
158344.286	25	0.85	-7.903089986991944
160085.0	25	0.855	-7.903089986991944
160880.0	25	0.86	-7.903089986991944
161111.714	25	0.865	-7.903089986991944
161990.429	25	0.87	-7.903089986991944
163606.083	25	0.875	-7.903089986991944
164839.257	25	0.88	-7.903089986991944
165169.0	25	0.885	-7.903089986991944
165350.7	25	0.89	-7.903089986991944
165891.575	25	0.895	-7.903089986991944
166920.0	25	0.9	-7.903089986991944
167353.17	25	0.905	-7.903089986991944
169150.182	25	0.91	-7.903089986991944
170560.0	25	0.915	-7.903089986991944
172020.0	25	0.92	-7.903089986991944
173040.0	25	0.925	-7.903089986991944
173466.0	25	0.93	-7.903089986991944
174781.0	25	0.935	-7.903089986991944
175787.333	25	0.94	-7.903089986991944
176576.0	25	0.945	-7.903089986991944
177440.44	25	0.95	-7.903089986991944
179115.0	25	0.955	-7.903089986991944
181132.0	25	0.96	-7.903089986991944
183170.833	25	0.965	-7.903089986991944
183710.0	25	0.97	-7.903089986991944
184264.286	25	0.975	-7.903089986991944
186018.286	25	0.98	-7.903089986991944
190021.0	25	0.985	-7.903089986991944
193386.0	25	0.99	-7.903089986991944
194407.257	25	0.995	-7.903089986991944
122960.0	50	0.5	-7.903089986991944
123625.431	50	0.505	-7.903089986991944
123752.839	50	0.51	-7.903089986991944
124086.557	50	0.515	-7.903089986991944
124345.978	50	0.52	-7.903089986991944
125242.226	50	0.525	-7.903089986991944
125957.333	50	0.53	-7.903089986991944
126448.661	50	0.535	-7.903089986991944
126583.667	50	0.54	-7.903089986991944
127045.19	50	0.545	-7.903089986991944
127455.0	50	0.55	-7.903089986991944
128155.999	50	0.555	-7.903089986991944
128854.514	50	0.56	-7.903089986991944
129271.6	50	0.565	-7.903089986991944
129491.76	50	0.57	-7.903089986991944
130451.692	50	0.575	-7.903089986991944
131162.72	50	0.58	-7.903089986991944
132024.679	50	0.585	-7.903089986991944
132522.653	50	0.59	-7.903089986991944
133314.31	50	0.595	-7.903089986991944
134056.0	50	0.6	-7.903089986991944
134788.1	50	0.605	-7.903089986991944
135184.057	50	0.61	-7.903089986991944
135499.71	50	0.615	-7.903089986991944
135905.905	50	0.62	-7.903089986991944
136401.769	50	0.625	-7.903089986991944
137075.067	50	0.63	-7.903089986991944
137544.45	50	0.635	-7.903089986991944
138321.009	50	0.64	-7.903089986991944
138880.943	50	0.645	-7.903089986991944
139279.319	50	0.65	-7.903089986991944
139654.123	50	0.655	-7.903089986991944
140575.173	50	0.66	-7.903089986991944
142099.03	50	0.665	-7.903089986991944
142582.491	50	0.67	-7.903089986991944
143122.0	50	0.675	-7.903089986991944
143511.674	50	0.68	-7.903089986991944
144597.797	50	0.685	-7.903089986991944
145118.571	50	0.69	-7.903089986991944
146151.186	50	0.695	-7.903089986991944
146992.821	50	0.7	-7.903089986991944
147774.304	50	0.705	-7.903089986991944
148212.4	50	0.71	-7.903089986991944
150136.384	50	0.715	-7.903089986991944
150920.8	50	0.72	-7.903089986991944
151216.1	50	0.725	-7.903089986991944
152181.543	50	0.73	-7.903089986991944
153018.871	50	0.735	-7.903089986991944
153544.277	50	0.74	-7.903089986991944
154031.402	50	0.745	-7.903089986991944
154608.625	50	0.75	-7.903089986991944
155013.657	50	0.755	-7.903089986991944
155695.2	50	0.76	-7.903089986991944
156618.999	50	0.765	-7.903089986991944
157314.966	50	0.77	-7.903089986991944
158195.035	50	0.775	-7.903089986991944
158512.64	50	0.78	-7.903089986991944
159002.586	50	0.785	-7.903089986991944
160019.486	50	0.79	-7.903089986991944
161020.386	50	0.795	-7.903089986991944
161430.667	50	0.8	-7.903089986991944
161769.814	50	0.805	-7.903089986991944
162580.8	50	0.81	-7.903089986991944
163043.34	50	0.815	-7.903089986991944
163999.073	50	0.82	-7.903089986991944
165145.841	50	0.825	-7.903089986991944
166132.899	50	0.83	-7.903089986991944
166710.0	50	0.835	-7.903089986991944
167631.2	50	0.84	-7.903089986991944
168396.051	50	0.845	-7.903089986991944
169380.571	50	0.85	-7.903089986991944
170096.033	50	0.855	-7.903089986991944
170816.8	50	0.86	-7.903089986991944
171946.883	50	0.865	-7.903089986991944
173518.738	50	0.87	-7.903089986991944
174023.929	50	0.875	-7.903089986991944
175809.723	50	0.88	-7.903089986991944
176917.993	50	0.885	-7.903089986991944
177413.5	50	0.89	-7.903089986991944
178264.057	50	0.895	-7.903089986991944
179191.048	50	0.9	-7.903089986991944
181302.757	50	0.905	-7.903089986991944
182301.971	50	0.91	-7.903089986991944
184086.571	50	0.915	-7.903089986991944
185284.229	50	0.92	-7.903089986991944
186117.429	50	0.925	-7.903089986991944
186870.136	50	0.93	-7.903089986991944
187706.0	50	0.935	-7.903089986991944
188244.8	50	0.94	-7.903089986991944
189781.667	50	0.945	-7.903089986991944
191188.0	50	0.95	-7.903089986991944
192272.183	50	0.955	-7.903089986991944
193432.019	50	0.96	-7.903089986991944
194942.079	50	0.965	-7.903089986991944
197283.0	50	0.97	-7.903089986991944
199315.786	50	0.975	-7.903089986991944
200769.382	50	0.98	-7.903089986991944
201644.0	50	0.985	-7.903089986991944
202573.8	50	0.99	-7.903089986991944
213747.171	50	0.995	-7.903089986991944
138658.0	75	0.5	-7.903089986991944
138915.6	75	0.505	-7.903089986991944
139687.262	75	0.51	-7.903089986991944
140352.367	75	0.515	-7.903089986991944
140623.563	75	0.52	-7.903089986991944
141212.857	75	0.525	-7.903089986991944
142135.467	75	0.53	-7.903089986991944
142525.181	75	0.535	-7.903089986991944
143692.436	75	0.54	-7.903089986991944
144441.371	75	0.545	-7.903089986991944
145112.0	75	0.55	-7.903089986991944
145714.954	75	0.555	-7.903089986991944
146208.743	75	0.56	-7.903089986991944
146847.771	75	0.565	-7.903089986991944
147647.156	75	0.57	-7.903089986991944
148340.701	75	0.575	-7.903089986991944
149057.461	75	0.58	-7.903089986991944
149581.246	75	0.585	-7.903089986991944
149775.257	75	0.59	-7.903089986991944
150063.854	75	0.595	-7.903089986991944
150527.571	75	0.6	-7.903089986991944
150997.562	75	0.605	-7.903089986991944
151559.154	75	0.61	-7.903089986991944
152239.218	75	0.615	-7.903089986991944
153138.847	75	0.62	-7.903089986991944
153566.667	75	0.625	-7.903089986991944
154118.743	75	0.63	-7.903089986991944
154604.862	75	0.635	-7.903089986991944
155179.385	75	0.64	-7.903089986991944
156234.634	75	0.645	-7.903089986991944
156940.0	75	0.65	-7.903089986991944
157360.457	75	0.655	-7.903089986991944
157669.564	75	0.66	-7.903089986991944
158661.037	75	0.665	-7.903089986991944
158942.629	75	0.67	-7.903089986991944
159618.286	75	0.675	-7.903089986991944
159912.923	75	0.68	-7.903089986991944
160231.844	75	0.685	-7.903089986991944
161231.6	75	0.69	-7.903089986991944
161705.2	75	0.695	-7.903089986991944
162740.229	75	0.7	-7.903089986991944
162952.8	75	0.705	-7.903089986991944
163570.246	75	0.71	-7.903089986991944
164346.629	75	0.715	-7.903089986991944
164557.257	75	0.72	-7.903089986991944
164812.879	75	0.725	-7.903089986991944
165383.714	75	0.73	-7.903089986991944
165818.629	75	0.735	-7.903089986991944
166392.8	75	0.74	-7.903089986991944
166660.0	75	0.745	-7.903089986991944
167893.357	75	0.75	-7.903089986991944
168392.0	75	0.755	-7.903089986991944
169008.0	75	0.76	-7.903089986991944
169996.723	75	0.765	-7.903089986991944
171118.514	75	0.77	-7.903089986991944
171664.0	75	0.775	-7.903089986991944
172043.923	75	0.78	-7.903089986991944
172437.714	75	0.785	-7.903089986991944
173495.342	75	0.79	-7.903089986991944
174056.32	75	0.795	-7.903089986991944
175110.61	75	0.8	-7.903089986991944
175607.88	75	0.805	-7.903089986991944
176017.283	75	0.81	-7.903089986991944
176679.371	75	0.815	-7.903089986991944
177222.514	75	0.82	-7.903089986991944
177542.0	75	0.825	-7.903089986991944
177894.7	75	0.83	-7.903089986991944
178396.4	75	0.835	-7.903089986991944
178968.686	75	0.84	-7.903089986991944
179955.706	75	0.845	-7.903089986991944
180767.6	75	0.85	-7.903089986991944
181759.914	75	0.855	-7.903089986991944
182905.292	75	0.86	-7.903089986991944
184423.543	75	0.865	-7.903089986991944
185116.154	75	0.87	-7.903089986991944
185565.714	75	0.875	-7.903089986991944
186530.0	75	0.88	-7.903089986991944
187143.055	75	0.885	-7.903089986991944
187884.229	75	0.89	-7.903089986991944
188596.838	75	0.895	-7.903089986991944
189400.0	75	0.9	-7.903089986991944
190863.2	75	0.905	-7.903089986991944
191953.714	75	0.91	-7.903089986991944
193260.8	75	0.915	-7.903089986991944
193970.629	75	0.92	-7.903089986991944
195064.823	75	0.925	-7.903089986991944
195533.181	75	0.93	-7.903089986991944
196499.657	75	0.935	-7.903089986991944
197479.429	75	0.94	-7.903089986991944
198744.857	75	0.945	-7.903089986991944
200567.143	75	0.95	-7.903089986991944
202077.2	75	0.955	-7.903089986991944
203874.057	75	0.96	-7.903089986991944
206149.371	75	0.965	-7.903089986991944
208728.8	75	0.97	-7.903089986991944
210160.571	75	0.975	-7.903089986991944
211111.291	75	0.98	-7.903089986991944
212647.771	75	0.985	-7.903089986991944
214964.0	75	0.99	-7.903089986991944
220504.457	75	0.995	-7.903089986991944
156524.214	100	0.5	-7.903089986991944
157047.471	100	0.505	-7.903089986991944
157718.251	100	0.51	-7.903089986991944
158399.942	100	0.515	-7.903089986991944
158591.374	100	0.52	-7.903089986991944
158936.493	100	0.525	-7.903089986991944
159424.613	100	0.53	-7.903089986991944
159846.243	100	0.535	-7.903089986991944
160105.686	100	0.54	-7.903089986991944
160408.507	100	0.545	-7.903089986991944
160997.25	100	0.55	-7.903089986991944
161778.129	100	0.555	-7.903089986991944
162194.343	100	0.56	-7.903089986991944
162637.871	100	0.565	-7.903089986991944
163030.108	100	0.57	-7.903089986991944
163233.536	100	0.575	-7.903089986991944
163569.031	100	0.58	-7.903089986991944
163786.714	100	0.585	-7.903089986991944
164970.956	100	0.59	-7.903089986991944
165618.307	100	0.595	-7.903089986991944
166042.157	100	0.6	-7.903089986991944
166553.586	100	0.605	-7.903089986991944
166972.952	100	0.61	-7.903089986991944
167719.856	100	0.615	-7.903089986991944
168599.6	100	0.62	-7.903089986991944
169032.5	100	0.625	-7.903089986991944
169366.486	100	0.63	-7.903089986991944
169871.745	100	0.635	-7.903089986991944
170306.577	100	0.64	-7.903089986991944
170724.057	100	0.645	-7.903089986991944
171225.714	100	0.65	-7.903089986991944
171404.121	100	0.655	-7.903089986991944
172319.086	100	0.66	-7.903089986991944
173043.704	100	0.665	-7.903089986991944
173749.542	100	0.67	-7.903089986991944
174188.786	100	0.675	-7.903089986991944
174315.877	100	0.68	-7.903089986991944
174595.123	100	0.685	-7.903089986991944
175276.156	100	0.69	-7.903089986991944
176076.959	100	0.695	-7.903089986991944
176324.462	100	0.7	-7.903089986991944
177023.992	100	0.705	-7.903089986991944
177434.17	100	0.71	-7.903089986991944
178177.529	100	0.715	-7.903089986991944
179105.6	100	0.72	-7.903089986991944
179388.822	100	0.725	-7.903089986991944
180003.998	100	0.73	-7.903089986991944
180618.467	100	0.735	-7.903089986991944
181537.184	100	0.74	-7.903089986991944
182087.793	100	0.745	-7.903089986991944
182404.589	100	0.75	-7.903089986991944
182957.607	100	0.755	-7.903089986991944
183529.126	100	0.76	-7.903089986991944
183826.792	100	0.765	-7.903089986991944
184230.441	100	0.77	-7.903089986991944
184697.671	100	0.775	-7.903089986991944
185378.299	100	0.78	-7.903089986991944
185967.114	100	0.785	-7.903089986991944
187042.207	100	0.79	-7.903089986991944
187376.286	100	0.795	-7.903089986991944
187721.443	100	0.8	-7.903089986991944
188016.307	100	0.805	-7.903089986991944
188553.143	100	0.81	-7.903089986991944
189247.571	100	0.815	-7.903089986991944
189812.059	100	0.82	-7.903089986991944
190162.084	100	0.825	-7.903089986991944
190887.075	100	0.83	-7.903089986991944
191512.26	100	0.835	-7.903089986991944
191975.543	100	0.84	-7.903089986991944
192535.95	100	0.845	-7.903089986991944
193641.718	100	0.85	-7.903089986991944
194534.079	100	0.855	-7.903089986991944
195116.391	100	0.86	-7.903089986991944
196059.462	100	0.865	-7.903089986991944
197535.086	100	0.87	-7.903089986991944
199237.143	100	0.875	-7.903089986991944
199699.566	100	0.88	-7.903089986991944
199972.887	100	0.885	-7.903089986991944
200932.314	100	0.89	-7.903089986991944
201726.34	100	0.895	-7.903089986991944
202537.757	100	0.9	-7.903089986991944
203349.229	100	0.905	-7.903089986991944
204394.121	100	0.91	-7.903089986991944
204844.179	100	0.915	-7.903089986991944
205574.629	100	0.92	-7.903089986991944
206871.107	100	0.925	-7.903089986991944
208199.229	100	0.93	-7.903089986991944
209181.43	100	0.935	-7.903089986991944
210108.616	100	0.94	-7.903089986991944
211068.829	100	0.945	-7.903089986991944
213409.857	100	0.95	-7.903089986991944
214121.959	100	0.955	-7.903089986991944
215174.857	100	0.96	-7.903089986991944
218860.987	100	0.965	-7.903089986991944
225082.371	100	0.97	-7.903089986991944
228485.179	100	0.975	-7.903089986991944
231032.4	100	0.98	-7.903089986991944
237416.62	100	0.985	-7.903089986991944
241149.957	100	0.99	-7.903089986991944
248210.686	100	0.995	-7.903089986991944
172348.571	125	0.5	-7.903089986991944
172875.553	125	0.505	-7.903089986991944
173272.0	125	0.51	-7.903089986991944
173895.771	125	0.515	-7.903089986991944
174304.967	125	0.52	-7.903089986991944
174742.857	125	0.525	-7.903089986991944
175177.054	125	0.53	-7.903089986991944
175529.01	125	0.535	-7.903089986991944
176032.0	125	0.54	-7.903089986991944
176815.504	125	0.545	-7.903089986991944
177235.862	125	0.55	-7.903089986991944
177533.771	125	0.555	-7.903089986991944
177656.066	125	0.56	-7.903089986991944
178029.971	125	0.565	-7.903089986991944
178664.574	125	0.57	-7.903089986991944
179097.143	125	0.575	-7.903089986991944
179786.457	125	0.58	-7.903089986991944
180408.177	125	0.585	-7.903089986991944
180826.354	125	0.59	-7.903089986991944
181152.692	125	0.595	-7.903089986991944
181661.714	125	0.6	-7.903089986991944
181957.2	125	0.605	-7.903089986991944
182537.429	125	0.61	-7.903089986991944
183031.09	125	0.615	-7.903089986991944
183310.0	125	0.62	-7.903089986991944
183815.0	125	0.625	-7.903089986991944
184037.771	125	0.63	-7.903089986991944
184975.414	125	0.635	-7.903089986991944
185423.48	125	0.64	-7.903089986991944
185931.457	125	0.645	-7.903089986991944
186206.857	125	0.65	-7.903089986991944
186743.567	125	0.655	-7.903089986991944
187018.4	125	0.66	-7.903089986991944
187396.267	125	0.665	-7.903089986991944
187553.68	125	0.67	-7.903089986991944
188028.747	125	0.675	-7.903089986991944
188761.771	125	0.68	-7.903089986991944
189490.653	125	0.685	-7.903089986991944
190044.229	125	0.69	-7.903089986991944
190470.057	125	0.695	-7.903089986991944
190710.286	125	0.7	-7.903089986991944
190821.496	125	0.705	-7.903089986991944
191100.869	125	0.71	-7.903089986991944
191619.473	125	0.715	-7.903089986991944
192250.629	125	0.72	-7.903089986991944
192687.564	125	0.725	-7.903089986991944
193110.497	125	0.73	-7.903089986991944
193462.31	125	0.735	-7.903089986991944
193768.229	125	0.74	-7.903089986991944
194437.314	125	0.745	-7.903089986991944
194965.714	125	0.75	-7.903089986991944
195380.983	125	0.755	-7.903089986991944
196114.057	125	0.76	-7.903089986991944
196566.971	125	0.765	-7.903089986991944
196913.286	125	0.77	-7.903089986991944
197575.571	125	0.775	-7.903089986991944
198222.171	125	0.78	-7.903089986991944
199008.371	125	0.785	-7.903089986991944
199255.783	125	0.79	-7.903089986991944
199730.114	125	0.795	-7.903089986991944
200311.429	125	0.8	-7.903089986991944
201294.457	125	0.805	-7.903089986991944
202176.229	125	0.81	-7.903089986991944
202615.999	125	0.815	-7.903089986991944
203064.091	125	0.82	-7.903089986991944
203486.714	125	0.825	-7.903089986991944
203791.886	125	0.83	-7.903089986991944
204088.766	125	0.835	-7.903089986991944
204848.114	125	0.84	-7.903089986991944
205511.926	125	0.845	-7.903089986991944
206418.857	125	0.85	-7.903089986991944
207341.819	125	0.855	-7.903089986991944
207600.08	125	0.86	-7.903089986991944
208050.257	125	0.865	-7.903089986991944
209300.53	125	0.87	-7.903089986991944
209709.25	125	0.875	-7.903089986991944
210298.743	125	0.88	-7.903089986991944
210806.771	125	0.885	-7.903089986991944
211384.8	125	0.89	-7.903089986991944
211884.629	125	0.895	-7.903089986991944
212522.286	125	0.9	-7.903089986991944
213090.334	125	0.905	-7.903089986991944
214253.371	125	0.91	-7.903089986991944
214868.257	125	0.915	-7.903089986991944
215680.709	125	0.92	-7.903089986991944
216305.0	125	0.925	-7.903089986991944
218083.543	125	0.93	-7.903089986991944
219121.657	125	0.935	-7.903089986991944
220480.24	125	0.94	-7.903089986991944
221453.343	125	0.945	-7.903089986991944
222920.8	125	0.95	-7.903089986991944
223241.714	125	0.955	-7.903089986991944
226556.509	125	0.96	-7.903089986991944
229691.457	125	0.965	-7.903089986991944
231596.686	125	0.97	-7.903089986991944
238014.336	125	0.975	-7.903089986991944
240341.156	125	0.98	-7.903089986991944
244124.571	125	0.985	-7.903089986991944
257146.457	125	0.99	-7.903089986991944
301173.514	125	0.995	-7.903089986991944
182783.0	150	0.5	-7.903089986991944
183015.701	150	0.505	-7.903089986991944
183172.382	150	0.51	-7.903089986991944
183649.5	150	0.515	-7.903089986991944
184076.571	150	0.52	-7.903089986991944
184564.857	150	0.525	-7.903089986991944
184682.753	150	0.53	-7.903089986991944
185116.229	150	0.535	-7.903089986991944
185757.621	150	0.54	-7.903089986991944
186238.406	150	0.545	-7.903089986991944
186638.286	150	0.55	-7.903089986991944
187208.285	150	0.555	-7.903089986991944
187679.543	150	0.56	-7.903089986991944
188273.014	150	0.565	-7.903089986991944
188745.523	150	0.57	-7.903089986991944
189527.275	150	0.575	-7.903089986991944
189811.086	150	0.58	-7.903089986991944
190439.051	150	0.585	-7.903089986991944
190825.086	150	0.59	-7.903089986991944
191503.357	150	0.595	-7.903089986991944
191744.857	150	0.6	-7.903089986991944
192416.774	150	0.605	-7.903089986991944
192584.143	150	0.61	-7.903089986991944
193038.29	150	0.615	-7.903089986991944
193290.686	150	0.62	-7.903089986991944
193853.571	150	0.625	-7.903089986991944
194524.281	150	0.63	-7.903089986991944
194890.645	150	0.635	-7.903089986991944
195165.314	150	0.64	-7.903089986991944
195496.329	150	0.645	-7.903089986991944
195948.923	150	0.65	-7.903089986991944
196692.543	150	0.655	-7.903089986991944
197037.143	150	0.66	-7.903089986991944
197363.414	150	0.665	-7.903089986991944
197639.144	150	0.67	-7.903089986991944
198276.236	150	0.675	-7.903089986991944
198903.943	150	0.68	-7.903089986991944
199620.35	150	0.685	-7.903089986991944
200121.643	150	0.69	-7.903089986991944
200431.071	150	0.695	-7.903089986991944
200823.086	150	0.7	-7.903089986991944
201198.586	150	0.705	-7.903089986991944
201602.229	150	0.71	-7.903089986991944
202009.557	150	0.715	-7.903089986991944
202472.991	150	0.72	-7.903089986991944
202915.786	150	0.725	-7.903089986991944
203510.343	150	0.73	-7.903089986991944
203653.114	150	0.735	-7.903089986991944
203891.886	150	0.74	-7.903089986991944
204191.405	150	0.745	-7.903089986991944
205190.714	150	0.75	-7.903089986991944
205488.235	150	0.755	-7.903089986991944
206313.489	150	0.76	-7.903089986991944
207266.956	150	0.765	-7.903089986991944
207808.857	150	0.77	-7.903089986991944
208182.5	150	0.775	-7.903089986991944
208626.36	150	0.78	-7.903089986991944
209525.086	150	0.785	-7.903089986991944
209739.53	150	0.79	-7.903089986991944
210230.059	150	0.795	-7.903089986991944
210884.257	150	0.8	-7.903089986991944
211393.9	150	0.805	-7.903089986991944
211617.711	150	0.81	-7.903089986991944
212695.386	150	0.815	-7.903089986991944
212925.029	150	0.82	-7.903089986991944
213815.993	150	0.825	-7.903089986991944
214778.75	150	0.83	-7.903089986991944
215237.686	150	0.835	-7.903089986991944
215697.646	150	0.84	-7.903089986991944
216146.329	150	0.845	-7.903089986991944
216489.143	150	0.85	-7.903089986991944
217302.135	150	0.855	-7.903089986991944
217539.657	150	0.86	-7.903089986991944
218368.009	150	0.865	-7.903089986991944
218678.743	150	0.87	-7.903089986991944
219371.071	150	0.875	-7.903089986991944
220146.514	150	0.88	-7.903089986991944
220832.444	150	0.885	-7.903089986991944
221475.514	150	0.89	-7.903089986991944
222538.786	150	0.895	-7.903089986991944
222931.429	150	0.9	-7.903089986991944
223990.771	150	0.905	-7.903089986991944
225526.17	150	0.91	-7.903089986991944
226583.49	150	0.915	-7.903089986991944
228152.514	150	0.92	-7.903089986991944
229261.286	150	0.925	-7.903089986991944
230106.657	150	0.93	-7.903089986991944
231254.543	150	0.935	-7.903089986991944
232293.743	150	0.94	-7.903089986991944
233503.229	150	0.945	-7.903089986991944
235130.571	150	0.95	-7.903089986991944
237429.943	150	0.955	-7.903089986991944
238708.52	150	0.96	-7.903089986991944
240122.343	150	0.965	-7.903089986991944
241572.314	150	0.97	-7.903089986991944
245832.771	150	0.975	-7.903089986991944
251806.857	150	0.98	-7.903089986991944
263989.286	150	0.985	-7.903089986991944
272804.357	150	0.99	-7.903089986991944
289858.414	150	0.995	-7.903089986991944
196480.0	175	0.5	-7.903089986991944
197002.543	175	0.505	-7.903089986991944
197478.2	175	0.51	-7.903089986991944
197820.984	175	0.515	-7.903089986991944
198230.063	175	0.52	-7.903089986991944
198487.239	175	0.525	-7.903089986991944
199056.914	175	0.53	-7.903089986991944
199417.814	175	0.535	-7.903089986991944
199845.029	175	0.54	-7.903089986991944
200060.229	175	0.545	-7.903089986991944
200303.786	175	0.55	-7.903089986991944
200477.329	175	0.555	-7.903089986991944
201066.629	175	0.56	-7.903089986991944
201388.209	175	0.565	-7.903089986991944
201964.63	175	0.57	-7.903089986991944
202377.357	175	0.575	-7.903089986991944
202684.629	175	0.58	-7.903089986991944
203022.876	175	0.585	-7.903089986991944
203511.518	175	0.59	-7.903089986991944
204142.129	175	0.595	-7.903089986991944
204781.729	175	0.6	-7.903089986991944
205161.7	175	0.605	-7.903089986991944
205762.384	175	0.61	-7.903089986991944
206294.8	175	0.615	-7.903089986991944
206767.526	175	0.62	-7.903089986991944
207239.0	175	0.625	-7.903089986991944
207463.49	175	0.63	-7.903089986991944
208260.629	175	0.635	-7.903089986991944
208467.526	175	0.64	-7.903089986991944
208615.814	175	0.645	-7.903089986991944
209227.571	175	0.65	-7.903089986991944
209810.457	175	0.655	-7.903089986991944
210116.351	175	0.66	-7.903089986991944
210879.957	175	0.665	-7.903089986991944
211161.371	175	0.67	-7.903089986991944
211472.214	175	0.675	-7.903089986991944
211860.343	175	0.68	-7.903089986991944
212120.0	175	0.685	-7.903089986991944
213018.89	175	0.69	-7.903089986991944
213374.357	175	0.695	-7.903089986991944
213630.571	175	0.7	-7.903089986991944
214100.371	175	0.705	-7.903089986991944
214528.0	175	0.71	-7.903089986991944
215102.042	175	0.715	-7.903089986991944
215338.514	175	0.72	-7.903089986991944
215877.214	175	0.725	-7.903089986991944
216099.743	175	0.73	-7.903089986991944
216438.821	175	0.735	-7.903089986991944
216990.331	175	0.74	-7.903089986991944
217436.557	175	0.745	-7.903089986991944
218370.036	175	0.75	-7.903089986991944
219049.729	175	0.755	-7.903089986991944
219694.229	175	0.76	-7.903089986991944
220150.229	175	0.765	-7.903089986991944
220401.629	175	0.77	-7.903089986991944
220593.143	175	0.775	-7.903089986991944
220887.143	175	0.78	-7.903089986991944
221118.814	175	0.785	-7.903089986991944
221434.429	175	0.79	-7.903089986991944
222024.743	175	0.795	-7.903089986991944
222720.357	175	0.8	-7.903089986991944
222979.086	175	0.805	-7.903089986991944
223286.143	175	0.81	-7.903089986991944
223657.971	175	0.815	-7.903089986991944
224060.211	175	0.82	-7.903089986991944
224635.643	175	0.825	-7.903089986991944
225377.351	175	0.83	-7.903089986991944
225751.704	175	0.835	-7.903089986991944
226303.38	175	0.84	-7.903089986991944
226654.208	175	0.845	-7.903089986991944
226955.143	175	0.85	-7.903089986991944
227486.864	175	0.855	-7.903089986991944
228411.429	175	0.86	-7.903089986991944
229206.584	175	0.865	-7.903089986991944
229505.627	175	0.87	-7.903089986991944
230220.893	175	0.875	-7.903089986991944
231490.743	175	0.88	-7.903089986991944
232206.243	175	0.885	-7.903089986991944
232973.286	175	0.89	-7.903089986991944
233944.771	175	0.895	-7.903089986991944
235708.286	175	0.9	-7.903089986991944
237577.271	175	0.905	-7.903089986991944
238408.544	175	0.91	-7.903089986991944
239598.486	175	0.915	-7.903089986991944
240936.0	175	0.92	-7.903089986991944
241966.943	175	0.925	-7.903089986991944
243592.771	175	0.93	-7.903089986991944
245651.257	175	0.935	-7.903089986991944
247578.686	175	0.94	-7.903089986991944
249222.857	175	0.945	-7.903089986991944
250852.286	175	0.95	-7.903089986991944
253149.971	175	0.955	-7.903089986991944
254891.48	175	0.96	-7.903089986991944
260171.614	175	0.965	-7.903089986991944
261931.771	175	0.97	-7.903089986991944
264318.018	175	0.975	-7.903089986991944
268090.263	175	0.98	-7.903089986991944
275140.399	175	0.985	-7.903089986991944
286727.6	175	0.99	-7.903089986991944
313591.043	175	0.995	-7.903089986991944
207205.321	200	0.5	-7.903089986991944
207766.593	200	0.505	-7.903089986991944
208189.514	200	0.51	-7.903089986991944
208396.457	200	0.515	-7.903089986991944
208692.206	200	0.52	-7.903089986991944
209127.119	200	0.525	-7.903089986991944
209662.171	200	0.53	-7.903089986991944
210100.962	200	0.535	-7.903089986991944
210643.171	200	0.54	-7.903089986991944
211062.6	200	0.545	-7.903089986991944
211306.5	200	0.55	-7.903089986991944
211922.09	200	0.555	-7.903089986991944
212281.28	200	0.56	-7.903089986991944
212625.343	200	0.565	-7.903089986991944
212773.486	200	0.57	-7.903089986991944
213474.821	200	0.575	-7.903089986991944
213850.029	200	0.58	-7.903089986991944
214082.021	200	0.585	-7.903089986991944
214247.314	200	0.59	-7.903089986991944
214976.669	200	0.595	-7.903089986991944
215238.571	200	0.6	-7.903089986991944
215848.979	200	0.605	-7.903089986991944
216208.597	200	0.61	-7.903089986991944
216699.545	200	0.615	-7.903089986991944
217407.164	200	0.62	-7.903089986991944
217783.393	200	0.625	-7.903089986991944
217992.912	200	0.63	-7.903089986991944
218878.593	200	0.635	-7.903089986991944
219170.0	200	0.64	-7.903089986991944
219766.498	200	0.645	-7.903089986991944
220474.286	200	0.65	-7.903089986991944
220839.607	200	0.655	-7.903089986991944
221148.117	200	0.66	-7.903089986991944
221428.805	200	0.665	-7.903089986991944
221763.638	200	0.67	-7.903089986991944
222110.429	200	0.675	-7.903089986991944
222316.857	200	0.68	-7.903089986991944
222472.186	200	0.685	-7.903089986991944
222760.086	200	0.69	-7.903089986991944
223019.7	200	0.695	-7.903089986991944
223629.429	200	0.7	-7.903089986991944
224216.215	200	0.705	-7.903089986991944
224555.114	200	0.71	-7.903089986991944
224769.764	200	0.715	-7.903089986991944
225434.314	200	0.72	-7.903089986991944
225609.357	200	0.725	-7.903089986991944
226157.871	200	0.73	-7.903089986991944
226487.671	200	0.735	-7.903089986991944
227063.156	200	0.74	-7.903089986991944
227435.514	200	0.745	-7.903089986991944
227996.375	200	0.75	-7.903089986991944
228701.045	200	0.755	-7.903089986991944
229184.8	200	0.76	-7.903089986991944
230259.257	200	0.765	-7.903089986991944
230745.729	200	0.77	-7.903089986991944
231521.857	200	0.775	-7.903089986991944
231728.044	200	0.78	-7.903089986991944
231893.762	200	0.785	-7.903089986991944
232389.814	200	0.79	-7.903089986991944
232846.679	200	0.795	-7.903089986991944
233579.429	200	0.8	-7.903089986991944
233774.443	200	0.805	-7.903089986991944
234094.657	200	0.81	-7.903089986991944
234780.407	200	0.815	-7.903089986991944
235203.057	200	0.82	-7.903089986991944
235900.821	200	0.825	-7.903089986991944
236577.1	200	0.83	-7.903089986991944
237338.914	200	0.835	-7.903089986991944
238002.229	200	0.84	-7.903089986991944
239614.14	200	0.845	-7.903089986991944
240202.561	200	0.85	-7.903089986991944
240804.229	200	0.855	-7.903089986991944
241529.683	200	0.86	-7.903089986991944
241847.776	200	0.865	-7.903089986991944
242545.799	200	0.87	-7.903089986991944
243198.036	200	0.875	-7.903089986991944
243635.394	200	0.88	-7.903089986991944
244386.009	200	0.885	-7.903089986991944
245597.379	200	0.89	-7.903089986991944
246367.486	200	0.895	-7.903089986991944
248486.857	200	0.9	-7.903089986991944
249390.457	200	0.905	-7.903089986991944
249832.229	200	0.91	-7.903089986991944
252109.57	200	0.915	-7.903089986991944
253838.474	200	0.92	-7.903089986991944
255079.046	200	0.925	-7.903089986991944
256942.257	200	0.93	-7.903089986991944
258486.643	200	0.935	-7.903089986991944
259525.83	200	0.94	-7.903089986991944
262692.407	200	0.945	-7.903089986991944
264285.643	200	0.95	-7.903089986991944
266392.753	200	0.955	-7.903089986991944
269919.2	200	0.96	-7.903089986991944
274743.842	200	0.965	-7.903089986991944
276651.014	200	0.97	-7.903089986991944
281883.536	200	0.975	-7.903089986991944
292220.35	200	0.98	-7.903089986991944
298440.935	200	0.985	-7.903089986991944
323394.01	200	0.99	-7.903089986991944
361460.043	200	0.995	-7.903089986991944
217708.714	225	0.5	-7.903089986991944
217955.286	225	0.505	-7.903089986991944
218662.873	225	0.51	-7.903089986991944
219019.186	225	0.515	-7.903089986991944
219348.26	225	0.52	-7.903089986991944
219696.571	225	0.525	-7.903089986991944
220178.049	225	0.53	-7.903089986991944
220544.808	225	0.535	-7.903089986991944
220693.029	225	0.54	-7.903089986991944
220970.238	225	0.545	-7.903089986991944
221413.429	225	0.55	-7.903089986991944
221730.043	225	0.555	-7.903089986991944
222206.629	225	0.56	-7.903089986991944
222479.781	225	0.565	-7.903089986991944
222629.809	225	0.57	-7.903089986991944
223003.429	225	0.575	-7.903089986991944
223354.691	225	0.58	-7.903089986991944
223499.757	225	0.585	-7.903089986991944
223762.857	225	0.59	-7.903089986991944
224094.014	225	0.595	-7.903089986991944
224518.857	225	0.6	-7.903089986991944
224893.97	225	0.605	-7.903089986991944
225239.543	225	0.61	-7.903089986991944
225550.486	225	0.615	-7.903089986991944
225925.811	225	0.62	-7.903089986991944
226212.875	225	0.625	-7.903089986991944
226608.939	225	0.63	-7.903089986991944
226946.428	225	0.635	-7.903089986991944
227099.449	225	0.64	-7.903089986991944
227603.386	225	0.645	-7.903089986991944
227912.55	225	0.65	-7.903089986991944
228300.271	225	0.655	-7.903089986991944
228678.309	225	0.66	-7.903089986991944
229026.829	225	0.665	-7.903089986991944
229520.91	225	0.67	-7.903089986991944
229815.071	225	0.675	-7.903089986991944
230127.257	225	0.68	-7.903089986991944
230488.389	225	0.685	-7.903089986991944
230745.743	225	0.69	-7.903089986991944
230926.171	225	0.695	-7.903089986991944
231472.0	225	0.7	-7.903089986991944
232243.171	225	0.705	-7.903089986991944
232845.581	225	0.71	-7.903089986991944
233242.198	225	0.715	-7.903089986991944
234073.226	225	0.72	-7.903089986991944
234535.175	225	0.725	-7.903089986991944
234962.83	225	0.73	-7.903089986991944
235587.286	225	0.735	-7.903089986991944
235790.629	225	0.74	-7.903089986991944
236153.986	225	0.745	-7.903089986991944
236818.536	225	0.75	-7.903089986991944
237515.429	225	0.755	-7.903089986991944
237712.114	225	0.76	-7.903089986991944
238609.771	225	0.765	-7.903089986991944
238944.914	225	0.77	-7.903089986991944
239218.046	225	0.775	-7.903089986991944
239845.634	225	0.78	-7.903089986991944
240185.971	225	0.785	-7.903089986991944
240781.801	225	0.79	-7.903089986991944
241155.258	225	0.795	-7.903089986991944
241940.314	225	0.8	-7.903089986991944
242353.459	225	0.805	-7.903089986991944
242624.686	225	0.81	-7.903089986991944
243543.594	225	0.815	-7.903089986991944
244274.171	225	0.82	-7.903089986991944
244911.0	225	0.825	-7.903089986991944
245220.563	225	0.83	-7.903089986991944
245746.543	225	0.835	-7.903089986991944
246835.7	225	0.84	-7.903089986991944
247091.7	225	0.845	-7.903089986991944
247685.729	225	0.85	-7.903089986991944
248770.5	225	0.855	-7.903089986991944
249445.486	225	0.86	-7.903089986991944
249773.838	225	0.865	-7.903089986991944
250220.114	225	0.87	-7.903089986991944
251073.571	225	0.875	-7.903089986991944
251874.057	225	0.88	-7.903089986991944
252559.643	225	0.885	-7.903089986991944
253380.771	225	0.89	-7.903089986991944
254627.786	225	0.895	-7.903089986991944
256139.486	225	0.9	-7.903089986991944
256901.371	225	0.905	-7.903089986991944
257817.584	225	0.91	-7.903089986991944
258713.213	225	0.915	-7.903089986991944
259805.486	225	0.92	-7.903089986991944
261500.286	225	0.925	-7.903089986991944
263784.229	225	0.93	-7.903089986991944
264995.514	225	0.935	-7.903089986991944
268542.629	225	0.94	-7.903089986991944
270868.649	225	0.945	-7.903089986991944
273042.143	225	0.95	-7.903089986991944
274769.81	225	0.955	-7.903089986991944
278891.566	225	0.96	-7.903089986991944
282196.271	225	0.965	-7.903089986991944
288656.841	225	0.97	-7.903089986991944
293067.664	225	0.975	-7.903089986991944
299015.863	225	0.98	-7.903089986991944
315183.336	225	0.985	-7.903089986991944
325588.82	225	0.99	-7.903089986991944
348082.2	225	0.995	-7.903089986991944
224206.464	250	0.5	-7.903089986991944
224675.756	250	0.505	-7.903089986991944
224920.471	250	0.51	-7.903089986991944
225403.25	250	0.515	-7.903089986991944
225738.514	250	0.52	-7.903089986991944
225945.393	250	0.525	-7.903089986991944
226220.271	250	0.53	-7.903089986991944
226651.557	250	0.535	-7.903089986991944
227308.466	250	0.54	-7.903089986991944
227502.479	250	0.545	-7.903089986991944
227668.071	250	0.55	-7.903089986991944
228202.886	250	0.555	-7.903089986991944
228435.309	250	0.56	-7.903089986991944
228652.621	250	0.565	-7.903089986991944
229223.8	250	0.57	-7.903089986991944
229651.739	250	0.575	-7.903089986991944
230064.101	250	0.58	-7.903089986991944
230409.486	250	0.585	-7.903089986991944
230538.714	250	0.59	-7.903089986991944
230859.38	250	0.595	-7.903089986991944
231420.857	250	0.6	-7.903089986991944
231806.514	250	0.605	-7.903089986991944
232139.283	250	0.61	-7.903089986991944
232434.501	250	0.615	-7.903089986991944
232871.229	250	0.62	-7.903089986991944
233481.518	250	0.625	-7.903089986991944
234100.341	250	0.63	-7.903089986991944
234330.499	250	0.635	-7.903089986991944
235109.509	250	0.64	-7.903089986991944
235463.243	250	0.645	-7.903089986991944
235668.211	250	0.65	-7.903089986991944
236235.978	250	0.655	-7.903089986991944
236618.596	250	0.66	-7.903089986991944
237302.529	250	0.665	-7.903089986991944
237556.661	250	0.67	-7.903089986991944
238029.87	250	0.675	-7.903089986991944
238711.966	250	0.68	-7.903089986991944
239007.132	250	0.685	-7.903089986991944
239085.982	250	0.69	-7.903089986991944
239475.035	250	0.695	-7.903089986991944
240166.857	250	0.7	-7.903089986991944
240611.136	250	0.705	-7.903089986991944
240996.706	250	0.71	-7.903089986991944
241201.213	250	0.715	-7.903089986991944
241940.057	250	0.72	-7.903089986991944
242680.571	250	0.725	-7.903089986991944
243076.529	250	0.73	-7.903089986991944
243679.726	250	0.735	-7.903089986991944
243885.514	250	0.74	-7.903089986991944
244487.514	250	0.745	-7.903089986991944
245185.357	250	0.75	-7.903089986991944
245722.803	250	0.755	-7.903089986991944
245972.949	250	0.76	-7.903089986991944
246370.456	250	0.765	-7.903089986991944
246996.9	250	0.77	-7.903089986991944
247517.0	250	0.775	-7.903089986991944
248072.717	250	0.78	-7.903089986991944
248226.023	250	0.785	-7.903089986991944
248690.3	250	0.79	-7.903089986991944
249202.4	250	0.795	-7.903089986991944
249852.686	250	0.8	-7.903089986991944
250140.765	250	0.805	-7.903089986991944
250695.586	250	0.81	-7.903089986991944
251388.175	250	0.815	-7.903089986991944
251921.257	250	0.82	-7.903089986991944
252497.286	250	0.825	-7.903089986991944
252982.829	250	0.83	-7.903089986991944
254385.086	250	0.835	-7.903089986991944
255082.857	250	0.84	-7.903089986991944
255430.671	250	0.845	-7.903089986991944
256559.0	250	0.85	-7.903089986991944
257344.466	250	0.855	-7.903089986991944
257878.233	250	0.86	-7.903089986991944
258631.784	250	0.865	-7.903089986991944
259332.686	250	0.87	-7.903089986991944
260457.625	250	0.875	-7.903089986991944
261721.32	250	0.88	-7.903089986991944
262306.964	250	0.885	-7.903089986991944
263407.364	250	0.89	-7.903089986991944
263873.684	250	0.895	-7.903089986991944
265023.007	250	0.9	-7.903089986991944
266909.09	250	0.905	-7.903089986991944
268436.371	250	0.91	-7.903089986991944
269075.607	250	0.915	-7.903089986991944
271049.863	250	0.92	-7.903089986991944
272364.511	250	0.925	-7.903089986991944
274266.543	250	0.93	-7.903089986991944
276087.486	250	0.935	-7.903089986991944
278710.629	250	0.94	-7.903089986991944
280773.157	250	0.945	-7.903089986991944
281998.425	250	0.95	-7.903089986991944
288104.157	250	0.955	-7.903089986991944
290662.923	250	0.96	-7.903089986991944
292865.278	250	0.965	-7.903089986991944
296902.084	250	0.97	-7.903089986991944
302628.643	250	0.975	-7.903089986991944
311481.286	250	0.98	-7.903089986991944
321475.836	250	0.985	-7.903089986991944
328667.451	250	0.99	-7.903089986991944
378695.664	250	0.995	-7.903089986991944
233000.0	275	0.5	-7.903089986991944
233176.991	275	0.505	-7.903089986991944
233771.436	275	0.51	-7.903089986991944
234229.609	275	0.515	-7.903089986991944
234597.846	275	0.52	-7.903089986991944
235070.679	275	0.525	-7.903089986991944
235558.607	275	0.53	-7.903089986991944
235880.424	275	0.535	-7.903089986991944
236340.341	275	0.54	-7.903089986991944
236780.178	275	0.545	-7.903089986991944
237099.182	275	0.55	-7.903089986991944
237356.514	275	0.555	-7.903089986991944
237841.417	275	0.56	-7.903089986991944
237959.821	275	0.565	-7.903089986991944
238362.263	275	0.57	-7.903089986991944
238762.036	275	0.575	-7.903089986991944
239705.337	275	0.58	-7.903089986991944
240220.594	275	0.585	-7.903089986991944
241024.329	275	0.59	-7.903089986991944
241700.725	275	0.595	-7.903089986991944
241852.686	275	0.6	-7.903089986991944
242338.174	275	0.605	-7.903089986991944
242586.766	275	0.61	-7.903089986991944
243003.664	275	0.615	-7.903089986991944
243409.514	275	0.62	-7.903089986991944
244079.688	275	0.625	-7.903089986991944
244598.214	275	0.63	-7.903089986991944
245173.429	275	0.635	-7.903089986991944
245473.257	275	0.64	-7.903089986991944
245676.5	275	0.645	-7.903089986991944
245934.071	275	0.65	-7.903089986991944
246278.207	275	0.655	-7.903089986991944
246636.857	275	0.66	-7.903089986991944
247087.34	275	0.665	-7.903089986991944
247375.896	275	0.67	-7.903089986991944
248064.536	275	0.675	-7.903089986991944
248487.486	275	0.68	-7.903089986991944
248949.506	275	0.685	-7.903089986991944
249426.6	275	0.69	-7.903089986991944
250085.658	275	0.695	-7.903089986991944
250753.7	275	0.7	-7.903089986991944
251325.933	275	0.705	-7.903089986991944
251792.596	275	0.71	-7.903089986991944
252204.236	275	0.715	-7.903089986991944
253168.591	275	0.72	-7.903089986991944
253475.012	275	0.725	-7.903089986991944
254132.614	275	0.73	-7.903089986991944
254542.617	275	0.735	-7.903089986991944
254851.713	275	0.74	-7.903089986991944
255550.568	275	0.745	-7.903089986991944
256113.571	275	0.75	-7.903089986991944
256433.35	275	0.755	-7.903089986991944
256822.857	275	0.76	-7.903089986991944
257437.807	275	0.765	-7.903089986991944
257981.443	275	0.77	-7.903089986991944
259385.246	275	0.775	-7.903089986991944
260117.4	275	0.78	-7.903089986991944
260693.054	275	0.785	-7.903089986991944
261055.499	275	0.79	-7.903089986991944
262178.972	275	0.795	-7.903089986991944
262820.0	275	0.8	-7.903089986991944
263293.815	275	0.805	-7.903089986991944
263739.543	275	0.81	-7.903089986991944
264541.815	275	0.815	-7.903089986991944
265735.771	275	0.82	-7.903089986991944
266567.888	275	0.825	-7.903089986991944
267232.915	275	0.83	-7.903089986991944
267997.707	275	0.835	-7.903089986991944
268788.686	275	0.84	-7.903089986991944
269172.743	275	0.845	-7.903089986991944
270270.857	275	0.85	-7.903089986991944
270905.614	275	0.855	-7.903089986991944
271646.657	275	0.86	-7.903089986991944
272309.55	275	0.865	-7.903089986991944
273499.871	275	0.87	-7.903089986991944
274514.089	275	0.875	-7.903089986991944
275468.286	275	0.88	-7.903089986991944
276067.671	275	0.885	-7.903089986991944
277555.814	275	0.89	-7.903089986991944
278322.631	275	0.895	-7.903089986991944
279811.714	275	0.9	-7.903089986991944
282185.737	275	0.905	-7.903089986991944
284270.227	275	0.91	-7.903089986991944
285390.493	275	0.915	-7.903089986991944
287148.12	275	0.92	-7.903089986991944
287728.393	275	0.925	-7.903089986991944
289677.829	275	0.93	-7.903089986991944
292069.45	275	0.935	-7.903089986991944
295219.086	275	0.94	-7.903089986991944
297259.957	275	0.945	-7.903089986991944
300344.857	275	0.95	-7.903089986991944
301271.321	275	0.955	-7.903089986991944
304833.417	275	0.96	-7.903089986991944
306479.186	275	0.965	-7.903089986991944
311802.514	275	0.97	-7.903089986991944
316005.464	275	0.975	-7.903089986991944
334979.886	275	0.98	-7.903089986991944
351025.743	275	0.985	-7.903089986991944
361063.171	275	0.99	-7.903089986991944
399630.414	275	0.995	-7.903089986991944
241966.429	300	0.5	-7.903089986991944
242460.55	300	0.505	-7.903089986991944
242682.864	300	0.51	-7.903089986991944
242909.021	300	0.515	-7.903089986991944
243236.289	300	0.52	-7.903089986991944
243496.748	300	0.525	-7.903089986991944
243683.809	300	0.53	-7.903089986991944
244007.336	300	0.535	-7.903089986991944
244489.657	300	0.54	-7.903089986991944
244744.153	300	0.545	-7.903089986991944
245121.429	300	0.55	-7.903089986991944
245717.925	300	0.555	-7.903089986991944
245991.543	300	0.56	-7.903089986991944
246371.436	300	0.565	-7.903089986991944
246809.383	300	0.57	-7.903089986991944
247123.607	300	0.575	-7.903089986991944
247694.619	300	0.58	-7.903089986991944
248343.043	300	0.585	-7.903089986991944
248713.157	300	0.59	-7.903089986991944
248984.021	300	0.595	-7.903089986991944
249214.0	300	0.6	-7.903089986991944
249500.139	300	0.605	-7.903089986991944
249930.643	300	0.61	-7.903089986991944
250179.393	300	0.615	-7.903089986991944
250669.057	300	0.62	-7.903089986991944
250848.536	300	0.625	-7.903089986991944
251116.799	300	0.63	-7.903089986991944
251555.186	300	0.635	-7.903089986991944
251826.229	300	0.64	-7.903089986991944
252234.442	300	0.645	-7.903089986991944
253039.082	300	0.65	-7.903089986991944
253492.471	300	0.655	-7.903089986991944
253614.8	300	0.66	-7.903089986991944
253896.443	300	0.665	-7.903089986991944
254195.827	300	0.67	-7.903089986991944
254555.857	300	0.675	-7.903089986991944
255161.526	300	0.68	-7.903089986991944
255558.224	300	0.685	-7.903089986991944
256218.286	300	0.69	-7.903089986991944
256609.314	300	0.695	-7.903089986991944
257149.143	300	0.7	-7.903089986991944
257640.928	300	0.705	-7.903089986991944
259036.6	300	0.71	-7.903089986991944
259448.921	300	0.715	-7.903089986991944
259773.246	300	0.72	-7.903089986991944
260122.198	300	0.725	-7.903089986991944
261071.886	300	0.73	-7.903089986991944
261361.857	300	0.735	-7.903089986991944
261763.651	300	0.74	-7.903089986991944
262160.814	300	0.745	-7.903089986991944
262598.482	300	0.75	-7.903089986991944
262940.12	300	0.755	-7.903089986991944
263590.897	300	0.76	-7.903089986991944
264503.686	300	0.765	-7.903089986991944
265224.174	300	0.77	-7.903089986991944
266432.964	300	0.775	-7.903089986991944
267146.114	300	0.78	-7.903089986991944
267549.335	300	0.785	-7.903089986991944
268297.658	300	0.79	-7.903089986991944
268774.264	300	0.795	-7.903089986991944
269128.286	300	0.8	-7.903089986991944
269973.636	300	0.805	-7.903089986991944
271000.211	300	0.81	-7.903089986991944
271401.893	300	0.815	-7.903089986991944
272017.633	300	0.82	-7.903089986991944
272462.321	300	0.825	-7.903089986991944
272660.486	300	0.83	-7.903089986991944
273431.771	300	0.835	-7.903089986991944
274357.086	300	0.84	-7.903089986991944
274886.345	300	0.845	-7.903089986991944
275303.225	300	0.85	-7.903089986991944
275801.657	300	0.855	-7.903089986991944
276516.02	300	0.86	-7.903089986991944
276904.336	300	0.865	-7.903089986991944
278176.127	300	0.87	-7.903089986991944
278776.438	300	0.875	-7.903089986991944
279412.626	300	0.88	-7.903089986991944
280978.328	300	0.885	-7.903089986991944
282381.376	300	0.89	-7.903089986991944
284613.2	300	0.895	-7.903089986991944
286024.429	300	0.9	-7.903089986991944
286908.64	300	0.905	-7.903089986991944
288107.426	300	0.91	-7.903089986991944
289722.419	300	0.915	-7.903089986991944
291829.314	300	0.92	-7.903089986991944
292564.309	300	0.925	-7.903089986991944
296600.171	300	0.93	-7.903089986991944
298364.451	300	0.935	-7.903089986991944
302442.771	300	0.94	-7.903089986991944
308526.236	300	0.945	-7.903089986991944
310659.714	300	0.95	-7.903089986991944
316115.718	300	0.955	-7.903089986991944
318717.486	300	0.96	-7.903089986991944
323085.843	300	0.965	-7.903089986991944
329298.699	300	0.97	-7.903089986991944
335067.852	300	0.975	-7.903089986991944
346490.2	300	0.98	-7.903089986991944
363314.107	300	0.985	-7.903089986991944
388357.766	300	0.99	-7.903089986991944
402332.229	300	0.995	-7.903089986991944
246354.679	325	0.5	-7.903089986991944
246578.501	325	0.505	-7.903089986991944
247026.58	325	0.51	-7.903089986991944
247353.15	325	0.515	-7.903089986991944
247557.829	325	0.52	-7.903089986991944
247759.964	325	0.525	-7.903089986991944
248367.84	325	0.53	-7.903089986991944
248922.19	325	0.535	-7.903089986991944
249298.571	325	0.54	-7.903089986991944
250200.4	325	0.545	-7.903089986991944
250695.889	325	0.55	-7.903089986991944
251099.665	325	0.555	-7.903089986991944
251610.509	325	0.56	-7.903089986991944
251895.036	325	0.565	-7.903089986991944
252007.5	325	0.57	-7.903089986991944
252243.023	325	0.575	-7.903089986991944
252707.814	325	0.58	-7.903089986991944
253065.779	325	0.585	-7.903089986991944
253572.53	325	0.59	-7.903089986991944
253884.51	325	0.595	-7.903089986991944
254282.0	325	0.6	-7.903089986991944
254574.55	325	0.605	-7.903089986991944
254924.1	325	0.61	-7.903089986991944
255315.093	325	0.615	-7.903089986991944
255761.73	325	0.62	-7.903089986991944
256327.411	325	0.625	-7.903089986991944
256739.029	325	0.63	-7.903089986991944
257059.929	325	0.635	-7.903089986991944
257330.8	325	0.64	-7.903089986991944
257575.374	325	0.645	-7.903089986991944
257913.404	325	0.65	-7.903089986991944
258046.214	325	0.655	-7.903089986991944
258708.824	325	0.66	-7.903089986991944
259198.229	325	0.665	-7.903089986991944
259763.471	325	0.67	-7.903089986991944
260252.655	325	0.675	-7.903089986991944
260729.837	325	0.68	-7.903089986991944
260962.19	325	0.685	-7.903089986991944
261519.835	325	0.69	-7.903089986991944
261772.2	325	0.695	-7.903089986991944
262412.986	325	0.7	-7.903089986991944
262817.914	325	0.705	-7.903089986991944
263212.3	325	0.71	-7.903089986991944
263634.643	325	0.715	-7.903089986991944
264543.714	325	0.72	-7.903089986991944
265026.532	325	0.725	-7.903089986991944
265590.814	325	0.73	-7.903089986991944
266751.564	325	0.735	-7.903089986991944
267023.133	325	0.74	-7.903089986991944
268007.396	325	0.745	-7.903089986991944
268680.714	325	0.75	-7.903089986991944
268996.519	325	0.755	-7.903089986991944
269482.229	325	0.76	-7.903089986991944
270306.952	325	0.765	-7.903089986991944
270946.044	325	0.77	-7.903089986991944
271684.254	325	0.775	-7.903089986991944
272190.143	325	0.78	-7.903089986991944
272769.492	325	0.785	-7.903089986991944
273143.271	325	0.79	-7.903089986991944
273358.808	325	0.795	-7.903089986991944
274273.429	325	0.8	-7.903089986991944
274912.507	325	0.805	-7.903089986991944
275865.614	325	0.81	-7.903089986991944
276663.586	325	0.815	-7.903089986991944
276968.171	325	0.82	-7.903089986991944
277524.154	325	0.825	-7.903089986991944
278220.429	325	0.83	-7.903089986991944
278968.84	325	0.835	-7.903089986991944
279973.2	325	0.84	-7.903089986991944
281201.797	325	0.845	-7.903089986991944
282188.714	325	0.85	-7.903089986991944
282643.729	325	0.855	-7.903089986991944
283506.876	325	0.86	-7.903089986991944
283946.171	325	0.865	-7.903089986991944
284598.886	325	0.87	-7.903089986991944
286549.527	325	0.875	-7.903089986991944
287842.0	325	0.88	-7.903089986991944
289136.307	325	0.885	-7.903089986991944
290132.279	325	0.89	-7.903089986991944
293604.264	325	0.895	-7.903089986991944
295216.429	325	0.9	-7.903089986991944
296173.471	325	0.905	-7.903089986991944
297616.797	325	0.91	-7.903089986991944
298770.306	325	0.915	-7.903089986991944
299999.549	325	0.92	-7.903089986991944
302130.143	325	0.925	-7.903089986991944
304200.478	325	0.93	-7.903089986991944
308275.481	325	0.935	-7.903089986991944
311056.369	325	0.94	-7.903089986991944
313740.153	325	0.945	-7.903089986991944
316918.071	325	0.95	-7.903089986991944
320209.364	325	0.955	-7.903089986991944
327824.057	325	0.96	-7.903089986991944
330716.714	325	0.965	-7.903089986991944
338609.131	325	0.97	-7.903089986991944
351031.436	325	0.975	-7.903089986991944
365623.714	325	0.98	-7.903089986991944
370381.85	325	0.985	-7.903089986991944
386987.557	325	0.99	-7.903089986991944
427153.213	325	0.995	-7.903089986991944
255536.429	350	0.5	-7.903089986991944
256075.628	350	0.505	-7.903089986991944
256544.8	350	0.51	-7.903089986991944
257165.659	350	0.515	-7.903089986991944
257462.8	350	0.52	-7.903089986991944
257871.214	350	0.525	-7.903089986991944
258410.4	350	0.53	-7.903089986991944
258664.381	350	0.535	-7.903089986991944
258784.657	350	0.54	-7.903089986991944
259006.74	350	0.545	-7.903089986991944
259349.786	350	0.55	-7.903089986991944
260002.794	350	0.555	-7.903089986991944
260354.103	350	0.56	-7.903089986991944
260586.979	350	0.565	-7.903089986991944
261326.598	350	0.57	-7.903089986991944
261654.893	350	0.575	-7.903089986991944
261928.583	350	0.58	-7.903089986991944
262301.194	350	0.585	-7.903089986991944
262538.971	350	0.59	-7.903089986991944
262645.536	350	0.595	-7.903089986991944
262826.286	350	0.6	-7.903089986991944
263253.5	350	0.605	-7.903089986991944
263518.975	350	0.61	-7.903089986991944
264324.602	350	0.615	-7.903089986991944
264608.543	350	0.62	-7.903089986991944
264873.714	350	0.625	-7.903089986991944
265235.371	350	0.63	-7.903089986991944
265726.188	350	0.635	-7.903089986991944
266370.569	350	0.64	-7.903089986991944
266610.521	350	0.645	-7.903089986991944
267122.714	350	0.65	-7.903089986991944
267425.574	350	0.655	-7.903089986991944
267703.396	350	0.66	-7.903089986991944
268670.048	350	0.665	-7.903089986991944
269110.124	350	0.67	-7.903089986991944
269885.107	350	0.675	-7.903089986991944
270801.943	350	0.68	-7.903089986991944
271221.643	350	0.685	-7.903089986991944
271446.578	350	0.69	-7.903089986991944
271862.194	350	0.695	-7.903089986991944
272092.043	350	0.7	-7.903089986991944
272548.706	350	0.705	-7.903089986991944
272779.494	350	0.71	-7.903089986991944
273336.551	350	0.715	-7.903089986991944
273734.143	350	0.72	-7.903089986991944
274027.857	350	0.725	-7.903089986991944
274587.594	350	0.73	-7.903089986991944
275355.37	350	0.735	-7.903089986991944
275702.631	350	0.74	-7.903089986991944
276318.446	350	0.745	-7.903089986991944
277310.0	350	0.75	-7.903089986991944
278341.973	350	0.755	-7.903089986991944
279139.086	350	0.76	-7.903089986991944
279427.164	350	0.765	-7.903089986991944
279939.514	350	0.77	-7.903089986991944
280465.445	350	0.775	-7.903089986991944
280908.306	350	0.78	-7.903089986991944
281636.036	350	0.785	-7.903089986991944
282041.301	350	0.79	-7.903089986991944
282692.791	350	0.795	-7.903089986991944
283134.0	350	0.8	-7.903089986991944
283981.105	350	0.805	-7.903089986991944
284828.539	350	0.81	-7.903089986991944
285454.487	350	0.815	-7.903089986991944
286237.169	350	0.82	-7.903089986991944
287098.448	350	0.825	-7.903089986991944
287975.557	350	0.83	-7.903089986991944
288391.178	350	0.835	-7.903089986991944
289717.269	350	0.84	-7.903089986991944
290644.491	350	0.845	-7.903089986991944
291447.582	350	0.85	-7.903089986991944
292530.671	350	0.855	-7.903089986991944
293245.286	350	0.86	-7.903089986991944
294392.54	350	0.865	-7.903089986991944
295098.514	350	0.87	-7.903089986991944
296453.929	350	0.875	-7.903089986991944
297062.4	350	0.88	-7.903089986991944
298092.151	350	0.885	-7.903089986991944
298845.9	350	0.89	-7.903089986991944
300828.686	350	0.895	-7.903089986991944
301577.429	350	0.9	-7.903089986991944
303104.822	350	0.905	-7.903089986991944
304380.82	350	0.91	-7.903089986991944
306944.58	350	0.915	-7.903089986991944
309240.686	350	0.92	-7.903089986991944
312362.121	350	0.925	-7.903089986991944
313271.722	350	0.93	-7.903089986991944
315677.46	350	0.935	-7.903089986991944
318619.849	350	0.94	-7.903089986991944
319945.436	350	0.945	-7.903089986991944
324686.929	350	0.95	-7.903089986991944
331855.129	350	0.955	-7.903089986991944
333800.289	350	0.96	-7.903089986991944
337574.321	350	0.965	-7.903089986991944
344430.743	350	0.97	-7.903089986991944
351522.679	350	0.975	-7.903089986991944
353368.533	350	0.98	-7.903089986991944
363938.302	350	0.985	-7.903089986991944
378550.217	350	0.99	-7.903089986991944
453813.336	350	0.995	-7.903089986991944
262478.5	375	0.5	-7.903089986991944
262663.413	375	0.505	-7.903089986991944
262914.052	375	0.51	-7.903089986991944
263444.071	375	0.515	-7.903089986991944
263798.951	375	0.52	-7.903089986991944
264021.429	375	0.525	-7.903089986991944
264537.007	375	0.53	-7.903089986991944
264956.141	375	0.535	-7.903089986991944
265299.029	375	0.54	-7.903089986991944
265447.068	375	0.545	-7.903089986991944
265941.714	375	0.55	-7.903089986991944
266655.721	375	0.555	-7.903089986991944
266881.403	375	0.56	-7.903089986991944
267078.543	375	0.565	-7.903089986991944
267825.584	375	0.57	-7.903089986991944
268226.641	375	0.575	-7.903089986991944
268815.286	375	0.58	-7.903089986991944
269314.871	375	0.585	-7.903089986991944
269611.529	375	0.59	-7.903089986991944
269960.586	375	0.595	-7.903089986991944
270439.886	375	0.6	-7.903089986991944
270760.451	375	0.605	-7.903089986991944
271358.158	375	0.61	-7.903089986991944
271779.157	375	0.615	-7.903089986991944
272201.479	375	0.62	-7.903089986991944
272546.589	375	0.625	-7.903089986991944
272760.053	375	0.63	-7.903089986991944
273038.224	375	0.635	-7.903089986991944
273353.886	375	0.64	-7.903089986991944
273702.644	375	0.645	-7.903089986991944
274035.214	375	0.65	-7.903089986991944
274297.107	375	0.655	-7.903089986991944
274913.086	375	0.66	-7.903089986991944
275170.155	375	0.665	-7.903089986991944
276189.805	375	0.67	-7.903089986991944
276565.63	375	0.675	-7.903089986991944
276807.029	375	0.68	-7.903089986991944
277200.429	375	0.685	-7.903089986991944
277844.5	375	0.69	-7.903089986991944
278537.385	375	0.695	-7.903089986991944
278928.8	375	0.7	-7.903089986991944
279552.236	375	0.705	-7.903089986991944
280184.854	375	0.71	-7.903089986991944
280542.449	375	0.715	-7.903089986991944
281271.049	375	0.72	-7.903089986991944
282053.443	375	0.725	-7.903089986991944
282400.886	375	0.73	-7.903089986991944
282809.824	375	0.735	-7.903089986991944
283349.606	375	0.74	-7.903089986991944
283842.307	375	0.745	-7.903089986991944
284789.286	375	0.75	-7.903089986991944
285400.511	375	0.755	-7.903089986991944
285923.257	375	0.76	-7.903089986991944
286596.636	375	0.765	-7.903089986991944
287359.1	375	0.77	-7.903089986991944
288090.857	375	0.775	-7.903089986991944
288413.566	375	0.78	-7.903089986991944
288755.814	375	0.785	-7.903089986991944
289665.727	375	0.79	-7.903089986991944
290504.478	375	0.795	-7.903089986991944
291430.286	375	0.8	-7.903089986991944
291713.886	375	0.805	-7.903089986991944
292467.656	375	0.81	-7.903089986991944
293290.259	375	0.815	-7.903089986991944
294587.984	375	0.82	-7.903089986991944
295901.666	375	0.825	-7.903089986991944
296600.029	375	0.83	-7.903089986991944
297487.679	375	0.835	-7.903089986991944
299247.92	375	0.84	-7.903089986991944
300534.293	375	0.845	-7.903089986991944
301135.5	375	0.85	-7.903089986991944
302420.379	375	0.855	-7.903089986991944
302959.376	375	0.86	-7.903089986991944
304255.364	375	0.865	-7.903089986991944
306028.842	375	0.87	-7.903089986991944
306673.214	375	0.875	-7.903089986991944
310111.371	375	0.88	-7.903089986991944
310740.956	375	0.885	-7.903089986991944
313227.673	375	0.89	-7.903089986991944
314704.718	375	0.895	-7.903089986991944
315035.936	375	0.9	-7.903089986991944
316344.414	375	0.905	-7.903089986991944
317608.216	375	0.91	-7.903089986991944
319680.712	375	0.915	-7.903089986991944
321434.206	375	0.92	-7.903089986991944
322483.964	375	0.925	-7.903089986991944
324052.571	375	0.93	-7.903089986991944
325124.288	375	0.935	-7.903089986991944
326382.4	375	0.94	-7.903089986991944
329796.836	375	0.945	-7.903089986991944
332273.786	375	0.95	-7.903089986991944
334156.486	375	0.955	-7.903089986991944
339163.234	375	0.96	-7.903089986991944
344817.007	375	0.965	-7.903089986991944
356785.943	375	0.97	-7.903089986991944
367826.0	375	0.975	-7.903089986991944
377821.543	375	0.98	-7.903089986991944
389690.436	375	0.985	-7.903089986991944
407503.143	375	0.99	-7.903089986991944
435337.607	375	0.995	-7.903089986991944
270622.143	400	0.5	-7.903089986991944
270898.107	400	0.505	-7.903089986991944
271314.986	400	0.51	-7.903089986991944
271537.84	400	0.515	-7.903089986991944
272196.629	400	0.52	-7.903089986991944
272488.388	400	0.525	-7.903089986991944
272708.234	400	0.53	-7.903089986991944
273056.986	400	0.535	-7.903089986991944
273507.433	400	0.54	-7.903089986991944
273983.892	400	0.545	-7.903089986991944
274213.846	400	0.55	-7.903089986991944
274438.618	400	0.555	-7.903089986991944
275112.0	400	0.56	-7.903089986991944
275434.734	400	0.565	-7.903089986991944
275639.557	400	0.57	-7.903089986991944
275955.863	400	0.575	-7.903089986991944
276510.33	400	0.58	-7.903089986991944
276861.584	400	0.585	-7.903089986991944
277257.653	400	0.59	-7.903089986991944
277412.038	400	0.595	-7.903089986991944
277640.386	400	0.6	-7.903089986991944
277972.572	400	0.605	-7.903089986991944
278257.314	400	0.61	-7.903089986991944
279282.533	400	0.615	-7.903089986991944
280004.657	400	0.62	-7.903089986991944
280504.67	400	0.625	-7.903089986991944
281159.004	400	0.63	-7.903089986991944
281878.814	400	0.635	-7.903089986991944
282213.143	400	0.64	-7.903089986991944
282523.601	400	0.645	-7.903089986991944
283148.582	400	0.65	-7.903089986991944
283370.275	400	0.655	-7.903089986991944
284078.653	400	0.66	-7.903089986991944
284657.171	400	0.665	-7.903089986991944
285100.134	400	0.67	-7.903089986991944
285847.036	400	0.675	-7.903089986991944
286256.4	400	0.68	-7.903089986991944
286540.715	400	0.685	-7.903089986991944
287000.714	400	0.69	-7.903089986991944
287680.164	400	0.695	-7.903089986991944
288313.271	400	0.7	-7.903089986991944
288927.493	400	0.705	-7.903089986991944
289129.021	400	0.71	-7.903089986991944
289485.864	400	0.715	-7.903089986991944
290055.714	400	0.72	-7.903089986991944
290537.02	400	0.725	-7.903089986991944
291354.843	400	0.73	-7.903089986991944
292040.722	400	0.735	-7.903089986991944
292320.0	400	0.74	-7.903089986991944
293060.079	400	0.745	-7.903089986991944
293326.429	400	0.75	-7.903089986991944
294081.794	400	0.755	-7.903089986991944
294989.534	400	0.76	-7.903089986991944
296218.208	400	0.765	-7.903089986991944
297089.774	400	0.77	-7.903089986991944
298155.305	400	0.775	-7.903089986991944
298527.486	400	0.78	-7.903089986991944
299052.172	400	0.785	-7.903089986991944
300157.643	400	0.79	-7.903089986991944
300958.843	400	0.795	-7.903089986991944
301385.186	400	0.8	-7.903089986991944
302201.95	400	0.805	-7.903089986991944
302864.304	400	0.81	-7.903089986991944
303706.829	400	0.815	-7.903089986991944
304390.171	400	0.82	-7.903089986991944
305663.214	400	0.825	-7.903089986991944
306600.571	400	0.83	-7.903089986991944
307623.188	400	0.835	-7.903089986991944
308379.889	400	0.84	-7.903089986991944
308967.093	400	0.845	-7.903089986991944
310665.214	400	0.85	-7.903089986991944
311754.621	400	0.855	-7.903089986991944
312160.529	400	0.86	-7.903089986991944
313652.407	400	0.865	-7.903089986991944
316218.539	400	0.87	-7.903089986991944
317175.527	400	0.875	-7.903089986991944
317635.886	400	0.88	-7.903089986991944
318352.707	400	0.885	-7.903089986991944
319903.829	400	0.89	-7.903089986991944
321519.993	400	0.895	-7.903089986991944
324017.343	400	0.9	-7.903089986991944
325538.221	400	0.905	-7.903089986991944
325908.443	400	0.91	-7.903089986991944
329406.036	400	0.915	-7.903089986991944
331089.117	400	0.92	-7.903089986991944
333088.75	400	0.925	-7.903089986991944
335834.03	400	0.93	-7.903089986991944
340616.093	400	0.935	-7.903089986991944
345884.286	400	0.94	-7.903089986991944
351237.276	400	0.945	-7.903089986991944
353648.214	400	0.95	-7.903089986991944
359405.371	400	0.955	-7.903089986991944
367379.474	400	0.96	-7.903089986991944
375875.418	400	0.965	-7.903089986991944
388171.029	400	0.97	-7.903089986991944
397206.107	400	0.975	-7.903089986991944
412018.257	400	0.98	-7.903089986991944
427663.779	400	0.985	-7.903089986991944
455458.813	400	0.99	-7.903089986991944
509230.079	400	0.995	-7.903089986991944
274790.25	425	0.5	-7.903089986991944
275073.399	425	0.505	-7.903089986991944
275366.459	425	0.51	-7.903089986991944
275633.291	425	0.515	-7.903089986991944
276173.143	425	0.52	-7.903089986991944
276783.63	425	0.525	-7.903089986991944
277416.529	425	0.53	-7.903089986991944
277841.429	425	0.535	-7.903089986991944
278252.686	425	0.54	-7.903089986991944
278735.666	425	0.545	-7.903089986991944
278943.943	425	0.55	-7.903089986991944
279193.993	425	0.555	-7.903089986991944
279632.697	425	0.56	-7.903089986991944
279800.41	425	0.565	-7.903089986991944
280240.369	425	0.57	-7.903089986991944
280579.516	425	0.575	-7.903089986991944
280913.057	425	0.58	-7.903089986991944
282033.292	425	0.585	-7.903089986991944
282376.286	425	0.59	-7.903089986991944
283018.313	425	0.595	-7.903089986991944
283427.714	425	0.6	-7.903089986991944
283813.672	425	0.605	-7.903089986991944
284007.481	425	0.61	-7.903089986991944
284417.763	425	0.615	-7.903089986991944
285052.67	425	0.62	-7.903089986991944
285232.321	425	0.625	-7.903089986991944
285682.643	425	0.63	-7.903089986991944
286153.34	425	0.635	-7.903089986991944
286556.96	425	0.64	-7.903089986991944
286838.236	425	0.645	-7.903089986991944
287448.714	425	0.65	-7.903089986991944
287995.921	425	0.655	-7.903089986991944
288609.057	425	0.66	-7.903089986991944
289132.586	425	0.665	-7.903089986991944
289486.443	425	0.67	-7.903089986991944
289856.084	425	0.675	-7.903089986991944
290180.294	425	0.68	-7.903089986991944
290701.665	425	0.685	-7.903089986991944
291366.686	425	0.69	-7.903089986991944
292224.592	425	0.695	-7.903089986991944
293269.714	425	0.7	-7.903089986991944
293575.264	425	0.705	-7.903089986991944
294029.964	425	0.71	-7.903089986991944
294359.179	425	0.715	-7.903089986991944
294767.657	425	0.72	-7.903089986991944
295256.786	425	0.725	-7.903089986991944
295708.143	425	0.73	-7.903089986991944
296189.498	425	0.735	-7.903089986991944
296707.247	425	0.74	-7.903089986991944
297317.177	425	0.745	-7.903089986991944
297858.25	425	0.75	-7.903089986991944
298190.321	425	0.755	-7.903089986991944
298649.729	425	0.76	-7.903089986991944
299641.845	425	0.765	-7.903089986991944
301017.859	425	0.77	-7.903089986991944
302034.321	425	0.775	-7.903089986991944
302455.06	425	0.78	-7.903089986991944
302986.604	425	0.785	-7.903089986991944
303517.828	425	0.79	-7.903089986991944
304743.171	425	0.795	-7.903089986991944
305136.0	425	0.8	-7.903089986991944
305753.922	425	0.805	-7.903089986991944
306862.386	425	0.81	-7.903089986991944
308398.566	425	0.815	-7.903089986991944
309115.2	425	0.82	-7.903089986991944
310111.261	425	0.825	-7.903089986991944
311367.274	425	0.83	-7.903089986991944
313124.604	425	0.835	-7.903089986991944
313588.771	425	0.84	-7.903089986991944
315064.116	425	0.845	-7.903089986991944
315761.011	425	0.85	-7.903089986991944
316468.43	425	0.855	-7.903089986991944
317810.657	425	0.86	-7.903089986991944
319318.545	425	0.865	-7.903089986991944
321760.143	425	0.87	-7.903089986991944
324416.42	425	0.875	-7.903089986991944
325352.997	425	0.88	-7.903089986991944
326819.311	425	0.885	-7.903089986991944
327099.595	425	0.89	-7.903089986991944
329876.859	425	0.895	-7.903089986991944
331889.771	425	0.9	-7.903089986991944
333313.536	425	0.905	-7.903089986991944
335002.243	425	0.91	-7.903089986991944
337750.135	425	0.915	-7.903089986991944
339394.4	425	0.92	-7.903089986991944
343511.509	425	0.925	-7.903089986991944
345845.929	425	0.93	-7.903089986991944
347659.521	425	0.935	-7.903089986991944
349857.361	425	0.94	-7.903089986991944
354713.838	425	0.945	-7.903089986991944
357159.643	425	0.95	-7.903089986991944
361741.236	425	0.955	-7.903089986991944
366590.709	425	0.96	-7.903089986991944
371832.463	425	0.965	-7.903089986991944
376446.321	425	0.97	-7.903089986991944
379822.775	425	0.975	-7.903089986991944
396143.467	425	0.98	-7.903089986991944
419089.239	425	0.985	-7.903089986991944
441509.143	425	0.99	-7.903089986991944
472038.121	425	0.995	-7.903089986991944
283268.571	450	0.5	-7.903089986991944
283582.57	450	0.505	-7.903089986991944
284635.806	450	0.51	-7.903089986991944
285273.343	450	0.515	-7.903089986991944
286214.0	450	0.52	-7.903089986991944
286718.891	450	0.525	-7.903089986991944
287024.459	450	0.53	-7.903089986991944
287181.171	450	0.535	-7.903089986991944
287837.314	450	0.54	-7.903089986991944
288303.183	450	0.545	-7.903089986991944
288660.643	450	0.55	-7.903089986991944
288979.454	450	0.555	-7.903089986991944
289209.14	450	0.56	-7.903089986991944
289624.759	450	0.565	-7.903089986991944
289776.443	450	0.57	-7.903089986991944
290385.996	450	0.575	-7.903089986991944
291153.611	450	0.58	-7.903089986991944
291504.5	450	0.585	-7.903089986991944
291770.829	450	0.59	-7.903089986991944
292325.329	450	0.595	-7.903089986991944
292814.257	450	0.6	-7.903089986991944
293385.179	450	0.605	-7.903089986991944
293762.843	450	0.61	-7.903089986991944
294360.371	450	0.615	-7.903089986991944
294650.429	450	0.62	-7.903089986991944
295252.188	450	0.625	-7.903089986991944
295774.071	450	0.63	-7.903089986991944
296461.629	450	0.635	-7.903089986991944
296806.971	450	0.64	-7.903089986991944
297315.325	450	0.645	-7.903089986991944
297760.571	450	0.65	-7.903089986991944
298371.089	450	0.655	-7.903089986991944
299001.081	450	0.66	-7.903089986991944
299166.872	450	0.665	-7.903089986991944
299660.709	450	0.67	-7.903089986991944
300230.359	450	0.675	-7.903089986991944
301262.849	450	0.68	-7.903089986991944
301839.664	450	0.685	-7.903089986991944
302537.034	450	0.69	-7.903089986991944
303136.85	450	0.695	-7.903089986991944
303557.443	450	0.7	-7.903089986991944
304013.477	450	0.705	-7.903089986991944
304405.386	450	0.71	-7.903089986991944
304932.756	450	0.715	-7.903089986991944
305408.846	450	0.72	-7.903089986991944
306297.505	450	0.725	-7.903089986991944
306941.009	450	0.73	-7.903089986991944
307857.779	450	0.735	-7.903089986991944
308489.667	450	0.74	-7.903089986991944
309194.736	450	0.745	-7.903089986991944
309530.964	450	0.75	-7.903089986991944
310426.698	450	0.755	-7.903089986991944
311239.714	450	0.76	-7.903089986991944
311720.3	450	0.765	-7.903089986991944
313040.729	450	0.77	-7.903089986991944
313728.75	450	0.775	-7.903089986991944
314325.429	450	0.78	-7.903089986991944
314775.175	450	0.785	-7.903089986991944
315751.557	450	0.79	-7.903089986991944
317018.068	450	0.795	-7.903089986991944
317746.571	450	0.8	-7.903089986991944
318566.313	450	0.805	-7.903089986991944
319293.189	450	0.81	-7.903089986991944
319696.137	450	0.815	-7.903089986991944
320520.241	450	0.82	-7.903089986991944
321174.196	450	0.825	-7.903089986991944
322320.7	450	0.83	-7.903089986991944
323546.479	450	0.835	-7.903089986991944
325092.96	450	0.84	-7.903089986991944
326581.3	450	0.845	-7.903089986991944
328895.143	450	0.85	-7.903089986991944
331159.621	450	0.855	-7.903089986991944
332804.657	450	0.86	-7.903089986991944
333500.479	450	0.865	-7.903089986991944
334636.157	450	0.87	-7.903089986991944
335746.723	450	0.875	-7.903089986991944
338401.886	450	0.88	-7.903089986991944
340861.148	450	0.885	-7.903089986991944
343901.108	450	0.89	-7.903089986991944
344531.507	450	0.895	-7.903089986991944
345465.986	450	0.9	-7.903089986991944
347855.246	450	0.905	-7.903089986991944
350726.222	450	0.91	-7.903089986991944
354541.791	450	0.915	-7.903089986991944
359027.566	450	0.92	-7.903089986991944
361548.796	450	0.925	-7.903089986991944
364961.128	450	0.93	-7.903089986991944
371637.451	450	0.935	-7.903089986991944
376765.677	450	0.94	-7.903089986991944
384064.601	450	0.945	-7.903089986991944
389585.0	450	0.95	-7.903089986991944
395914.264	450	0.955	-7.903089986991944
401935.429	450	0.96	-7.903089986991944
406926.964	450	0.965	-7.903089986991944
415235.1	450	0.97	-7.903089986991944
422814.329	450	0.975	-7.903089986991944
428347.373	450	0.98	-7.903089986991944
451596.614	450	0.985	-7.903089986991944
473443.099	450	0.99	-7.903089986991944
513201.343	450	0.995	-7.903089986991944
