S*_score	SNP_num	quantile	log(local_recomb_rate)
119520.0	25	0.5	-7.903089986991944
119834.133	25	0.505	-7.903089986991944
120278.4	25	0.51	-7.903089986991944
120601.0	25	0.515	-7.903089986991944
120619.36	25	0.52	-7.903089986991944
120800.0	25	0.525	-7.903089986991944
121812.8	25	0.53	-7.903089986991944
122416.0	25	0.535	-7.903089986991944
123740.633	25	0.54	-7.903089986991944
124197.6	25	0.545	-7.903089986991944
124622.0	25	0.55	-7.903089986991944
125884.267	25	0.555	-7.903089986991944
126082.8	25	0.56	-7.903089986991944
126388.94	25	0.565	-7.903089986991944
126953.6	25	0.57	-7.903089986991944
127460.889	25	0.575	-7.903089986991944
127821.067	25	0.58	-7.903089986991944
128541.143	25	0.585	-7.903089986991944
129556.8	25	0.59	-7.903089986991944
129905.4	25	0.595	-7.903089986991944
130623.16	25	0.6	-7.903089986991944
130990.8	25	0.605	-7.903089986991944
131492.4	25	0.61	-7.903089986991944
132203.2	25	0.615	-7.903089986991944
132467.84	25	0.62	-7.903089986991944
134100.0	25	0.625	-7.903089986991944
135528.29	25	0.63	-7.903089986991944
136030.8	25	0.635	-7.903089986991944
136254.4	25	0.64	-7.903089986991944
137070.667	25	0.645	-7.903089986991944
137916.0	25	0.65	-7.903089986991944
138566.0	25	0.655	-7.903089986991944
139392.44	25	0.66	-7.903089986991944
139611.2	25	0.665	-7.903089986991944
139926.72	25	0.67	-7.903089986991944
140694.0	25	0.675	-7.903089986991944
141338.0	25	0.68	-7.903089986991944
141851.2	25	0.685	-7.903089986991944
142289.6	25	0.69	-7.903089986991944
142699.76	25	0.695	-7.903089986991944
144224.727	25	0.7	-7.903089986991944
144314.4	25	0.705	-7.903089986991944
144439.2	25	0.71	-7.903089986991944
144802.8	25	0.715	-7.903089986991944
144995.9	25	0.72	-7.903089986991944
145452.0	25	0.725	-7.903089986991944
146066.4	25	0.73	-7.903089986991944
146564.267	25	0.735	-7.903089986991944
146916.8	25	0.74	-7.903089986991944
147271.2	25	0.745	-7.903089986991944
147640.0	25	0.75	-7.903089986991944
148206.44	25	0.755	-7.903089986991944
148570.4	25	0.76	-7.903089986991944
148941.44	25	0.765	-7.903089986991944
149870.4	25	0.77	-7.903089986991944
150052.0	25	0.775	-7.903089986991944
151065.6	25	0.78	-7.903089986991944
151915.907	25	0.785	-7.903089986991944
152861.6	25	0.79	-7.903089986991944
153535.2	25	0.795	-7.903089986991944
153908.0	25	0.8	-7.903089986991944
154303.067	25	0.805	-7.903089986991944
154732.8	25	0.81	-7.903089986991944
155480.0	25	0.815	-7.903089986991944
156742.104	25	0.82	-7.903089986991944
157016.0	25	0.825	-7.903089986991944
157478.0	25	0.83	-7.903089986991944
158135.2	25	0.835	-7.903089986991944
159594.4	25	0.84	-7.903089986991944
159764.8	25	0.845	-7.903089986991944
160008.0	25	0.85	-7.903089986991944
160358.4	25	0.855	-7.903089986991944
161724.06	25	0.86	-7.903089986991944
162847.6	25	0.865	-7.903089986991944
163853.41	25	0.87	-7.903089986991944
164320.0	25	0.875	-7.903089986991944
165030.4	25	0.88	-7.903089986991944
165518.4	25	0.885	-7.903089986991944
166035.2	25	0.89	-7.903089986991944
168512.8	25	0.895	-7.903089986991944
170136.0	25	0.9	-7.903089986991944
171020.8	25	0.905	-7.903089986991944
172084.173	25	0.91	-7.903089986991944
172406.171	25	0.915	-7.903089986991944
174694.4	25	0.92	-7.903089986991944
175938.0	25	0.925	-7.903089986991944
176460.56	25	0.93	-7.903089986991944
177846.4	25	0.935	-7.903089986991944
180076.8	25	0.94	-7.903089986991944
181087.467	25	0.945	-7.903089986991944
183280.0	25	0.95	-7.903089986991944
185124.0	25	0.955	-7.903089986991944
190837.6	25	0.96	-7.903089986991944
192202.32	25	0.965	-7.903089986991944
194355.2	25	0.97	-7.903089986991944
196496.0	25	0.975	-7.903089986991944
198688.0	25	0.98	-7.903089986991944
199377.829	25	0.985	-7.903089986991944
199543.32	25	0.99	-7.903089986991944
201550.4	25	0.995	-7.903089986991944
119728.0	50	0.5	-7.903089986991944
120238.45	50	0.505	-7.903089986991944
120905.0	50	0.51	-7.903089986991944
121198.033	50	0.515	-7.903089986991944
121452.4	50	0.52	-7.903089986991944
121756.1	50	0.525	-7.903089986991944
122243.0	50	0.53	-7.903089986991944
122727.167	50	0.535	-7.903089986991944
122980.0	50	0.54	-7.903089986991944
123385.759	50	0.545	-7.903089986991944
123610.0	50	0.55	-7.903089986991944
123981.0	50	0.555	-7.903089986991944
124487.2	50	0.56	-7.903089986991944
124721.143	50	0.565	-7.903089986991944
125316.0	50	0.57	-7.903089986991944
125448.75	50	0.575	-7.903089986991944
125670.0	50	0.58	-7.903089986991944
125800.0	50	0.585	-7.903089986991944
126220.0	50	0.59	-7.903089986991944
126708.714	50	0.595	-7.903089986991944
127043.9	50	0.6	-7.903089986991944
127700.0	50	0.605	-7.903089986991944
128212.133	50	0.61	-7.903089986991944
128750.25	50	0.615	-7.903089986991944
129222.0	50	0.62	-7.903089986991944
129541.667	50	0.625	-7.903089986991944
130218.72	50	0.63	-7.903089986991944
130493.0	50	0.635	-7.903089986991944
131104.0	50	0.64	-7.903089986991944
131862.167	50	0.645	-7.903089986991944
132300.0	50	0.65	-7.903089986991944
132411.1	50	0.655	-7.903089986991944
132850.406	50	0.66	-7.903089986991944
133472.825	50	0.665	-7.903089986991944
133813.2	50	0.67	-7.903089986991944
134425.25	50	0.675	-7.903089986991944
135116.0	50	0.68	-7.903089986991944
135628.4	50	0.685	-7.903089986991944
136208.571	50	0.69	-7.903089986991944
136702.333	50	0.695	-7.903089986991944
137203.8	50	0.7	-7.903089986991944
138253.038	50	0.705	-7.903089986991944
138618.667	50	0.71	-7.903089986991944
139013.727	50	0.715	-7.903089986991944
140057.6	50	0.72	-7.903089986991944
140668.571	50	0.725	-7.903089986991944
141780.067	50	0.73	-7.903089986991944
142246.0	50	0.735	-7.903089986991944
142926.4	50	0.74	-7.903089986991944
143473.0	50	0.745	-7.903089986991944
144480.0	50	0.75	-7.903089986991944
144890.25	50	0.755	-7.903089986991944
145145.333	50	0.76	-7.903089986991944
145593.5	50	0.765	-7.903089986991944
146134.286	50	0.77	-7.903089986991944
146651.333	50	0.775	-7.903089986991944
147553.714	50	0.78	-7.903089986991944
147940.9	50	0.785	-7.903089986991944
148985.156	50	0.79	-7.903089986991944
149262.05	50	0.795	-7.903089986991944
149976.667	50	0.8	-7.903089986991944
150788.364	50	0.805	-7.903089986991944
151521.6	50	0.81	-7.903089986991944
151940.0	50	0.815	-7.903089986991944
153239.636	50	0.82	-7.903089986991944
154030.0	50	0.825	-7.903089986991944
155102.0	50	0.83	-7.903089986991944
155772.5	50	0.835	-7.903089986991944
155996.933	50	0.84	-7.903089986991944
156747.24	50	0.845	-7.903089986991944
157460.0	50	0.85	-7.903089986991944
158684.667	50	0.855	-7.903089986991944
159557.0	50	0.86	-7.903089986991944
160713.425	50	0.865	-7.903089986991944
161083.9	50	0.87	-7.903089986991944
161597.0	50	0.875	-7.903089986991944
162584.0	50	0.88	-7.903089986991944
163772.95	50	0.885	-7.903089986991944
165047.333	50	0.89	-7.903089986991944
166490.0	50	0.895	-7.903089986991944
167473.333	50	0.9	-7.903089986991944
168201.0	50	0.905	-7.903089986991944
169060.0	50	0.91	-7.903089986991944
170144.8	50	0.915	-7.903089986991944
170527.0	50	0.92	-7.903089986991944
171727.917	50	0.925	-7.903089986991944
173469.333	50	0.93	-7.903089986991944
175558.0	50	0.935	-7.903089986991944
177175.886	50	0.94	-7.903089986991944
178425.525	50	0.945	-7.903089986991944
180710.0	50	0.95	-7.903089986991944
181327.0	50	0.955	-7.903089986991944
181820.0	50	0.96	-7.903089986991944
183884.7	50	0.965	-7.903089986991944
185340.0	50	0.97	-7.903089986991944
187102.5	50	0.975	-7.903089986991944
191806.0	50	0.98	-7.903089986991944
197154.5	50	0.985	-7.903089986991944
201094.8	50	0.99	-7.903089986991944
206096.9	50	0.995	-7.903089986991944
125956.667	75	0.5	-7.903089986991944
126188.453	75	0.505	-7.903089986991944
126550.982	75	0.51	-7.903089986991944
127183.153	75	0.515	-7.903089986991944
127397.063	75	0.52	-7.903089986991944
127973.746	75	0.525	-7.903089986991944
128575.36	75	0.53	-7.903089986991944
129000.4	75	0.535	-7.903089986991944
129269.292	75	0.54	-7.903089986991944
129749.957	75	0.545	-7.903089986991944
130116.35	75	0.55	-7.903089986991944
130864.566	75	0.555	-7.903089986991944
131325.329	75	0.56	-7.903089986991944
131501.625	75	0.565	-7.903089986991944
132066.105	75	0.57	-7.903089986991944
132527.812	75	0.575	-7.903089986991944
132891.12	75	0.58	-7.903089986991944
133114.674	75	0.585	-7.903089986991944
133491.58	75	0.59	-7.903089986991944
133871.942	75	0.595	-7.903089986991944
134166.7	75	0.6	-7.903089986991944
134904.789	75	0.605	-7.903089986991944
135099.2	75	0.61	-7.903089986991944
135325.2	75	0.615	-7.903089986991944
135739.52	75	0.62	-7.903089986991944
136191.714	75	0.625	-7.903089986991944
136482.171	75	0.63	-7.903089986991944
136672.921	75	0.635	-7.903089986991944
137328.982	75	0.64	-7.903089986991944
137945.806	75	0.645	-7.903089986991944
138083.0	75	0.65	-7.903089986991944
138564.0	75	0.655	-7.903089986991944
138749.973	75	0.66	-7.903089986991944
138940.983	75	0.665	-7.903089986991944
139563.653	75	0.67	-7.903089986991944
140180.2	75	0.675	-7.903089986991944
140458.983	75	0.68	-7.903089986991944
140928.762	75	0.685	-7.903089986991944
141027.693	75	0.69	-7.903089986991944
141321.217	75	0.695	-7.903089986991944
142247.0	75	0.7	-7.903089986991944
142788.66	75	0.705	-7.903089986991944
143114.2	75	0.71	-7.903089986991944
143709.462	75	0.715	-7.903089986991944
144225.82	75	0.72	-7.903089986991944
144769.925	75	0.725	-7.903089986991944
145165.146	75	0.73	-7.903089986991944
145527.08	75	0.735	-7.903089986991944
146039.6	75	0.74	-7.903089986991944
146316.56	75	0.745	-7.903089986991944
146480.0	75	0.75	-7.903089986991944
146978.356	75	0.755	-7.903089986991944
147432.14	75	0.76	-7.903089986991944
147833.733	75	0.765	-7.903089986991944
148392.787	75	0.77	-7.903089986991944
149077.455	75	0.775	-7.903089986991944
149296.761	75	0.78	-7.903089986991944
149689.014	75	0.785	-7.903089986991944
150297.943	75	0.79	-7.903089986991944
150523.56	75	0.795	-7.903089986991944
150808.0	75	0.8	-7.903089986991944
151281.56	75	0.805	-7.903089986991944
152005.949	75	0.81	-7.903089986991944
152418.04	75	0.815	-7.903089986991944
152920.622	75	0.82	-7.903089986991944
153591.6	75	0.825	-7.903089986991944
153899.648	75	0.83	-7.903089986991944
154539.566	75	0.835	-7.903089986991944
155067.84	75	0.84	-7.903089986991944
155353.494	75	0.845	-7.903089986991944
156093.6	75	0.85	-7.903089986991944
156397.191	75	0.855	-7.903089986991944
157009.0	75	0.86	-7.903089986991944
157602.72	75	0.865	-7.903089986991944
158491.267	75	0.87	-7.903089986991944
159034.292	75	0.875	-7.903089986991944
159541.964	75	0.88	-7.903089986991944
159921.96	75	0.885	-7.903089986991944
160808.733	75	0.89	-7.903089986991944
162928.8	75	0.895	-7.903089986991944
163556.089	75	0.9	-7.903089986991944
164819.023	75	0.905	-7.903089986991944
166754.427	75	0.91	-7.903089986991944
167640.336	75	0.915	-7.903089986991944
168236.8	75	0.92	-7.903089986991944
168809.436	75	0.925	-7.903089986991944
170876.016	75	0.93	-7.903089986991944
172868.6	75	0.935	-7.903089986991944
173863.467	75	0.94	-7.903089986991944
174847.689	75	0.945	-7.903089986991944
176191.0	75	0.95	-7.903089986991944
177329.067	75	0.955	-7.903089986991944
179082.0	75	0.96	-7.903089986991944
180644.649	75	0.965	-7.903089986991944
183226.262	75	0.97	-7.903089986991944
185404.111	75	0.975	-7.903089986991944
189731.533	75	0.98	-7.903089986991944
193206.541	75	0.985	-7.903089986991944
202886.8	75	0.99	-7.903089986991944
217335.05	75	0.995	-7.903089986991944
135616.0	100	0.5	-7.903089986991944
135961.858	100	0.505	-7.903089986991944
136175.68	100	0.51	-7.903089986991944
136487.7	100	0.515	-7.903089986991944
136740.4	100	0.52	-7.903089986991944
137229.333	100	0.525	-7.903089986991944
137427.933	100	0.53	-7.903089986991944
137795.153	100	0.535	-7.903089986991944
138353.459	100	0.54	-7.903089986991944
138726.357	100	0.545	-7.903089986991944
139042.731	100	0.55	-7.903089986991944
139495.714	100	0.555	-7.903089986991944
139854.115	100	0.56	-7.903089986991944
140228.735	100	0.565	-7.903089986991944
140604.12	100	0.57	-7.903089986991944
141171.778	100	0.575	-7.903089986991944
141747.274	100	0.58	-7.903089986991944
141947.838	100	0.585	-7.903089986991944
142418.12	100	0.59	-7.903089986991944
142855.628	100	0.595	-7.903089986991944
143284.1	100	0.6	-7.903089986991944
143770.415	100	0.605	-7.903089986991944
144085.05	100	0.61	-7.903089986991944
144646.99	100	0.615	-7.903089986991944
144899.876	100	0.62	-7.903089986991944
145330.0	100	0.625	-7.903089986991944
145685.471	100	0.63	-7.903089986991944
146069.833	100	0.635	-7.903089986991944
146292.498	100	0.64	-7.903089986991944
146633.308	100	0.645	-7.903089986991944
147109.089	100	0.65	-7.903089986991944
147557.815	100	0.655	-7.903089986991944
147869.537	100	0.66	-7.903089986991944
147949.326	100	0.665	-7.903089986991944
148242.8	100	0.67	-7.903089986991944
148627.075	100	0.675	-7.903089986991944
148958.0	100	0.68	-7.903089986991944
149337.962	100	0.685	-7.903089986991944
149756.419	100	0.69	-7.903089986991944
150079.035	100	0.695	-7.903089986991944
150334.467	100	0.7	-7.903089986991944
150580.25	100	0.705	-7.903089986991944
150954.92	100	0.71	-7.903089986991944
151412.6	100	0.715	-7.903089986991944
151752.853	100	0.72	-7.903089986991944
152615.765	100	0.725	-7.903089986991944
152978.036	100	0.73	-7.903089986991944
153420.591	100	0.735	-7.903089986991944
153971.355	100	0.74	-7.903089986991944
154388.176	100	0.745	-7.903089986991944
154650.556	100	0.75	-7.903089986991944
155102.617	100	0.755	-7.903089986991944
155651.492	100	0.76	-7.903089986991944
155886.545	100	0.765	-7.903089986991944
156106.744	100	0.77	-7.903089986991944
156290.675	100	0.775	-7.903089986991944
156457.8	100	0.78	-7.903089986991944
156963.54	100	0.785	-7.903089986991944
157293.391	100	0.79	-7.903089986991944
157555.258	100	0.795	-7.903089986991944
158170.433	100	0.8	-7.903089986991944
158873.04	100	0.805	-7.903089986991944
159631.679	100	0.81	-7.903089986991944
159993.752	100	0.815	-7.903089986991944
160130.261	100	0.82	-7.903089986991944
160595.31	100	0.825	-7.903089986991944
160943.758	100	0.83	-7.903089986991944
161572.595	100	0.835	-7.903089986991944
162076.72	100	0.84	-7.903089986991944
162425.931	100	0.845	-7.903089986991944
163724.675	100	0.85	-7.903089986991944
164215.529	100	0.855	-7.903089986991944
164815.893	100	0.86	-7.903089986991944
165493.551	100	0.865	-7.903089986991944
166537.499	100	0.87	-7.903089986991944
167227.0	100	0.875	-7.903089986991944
168190.107	100	0.88	-7.903089986991944
168905.65	100	0.885	-7.903089986991944
169304.453	100	0.89	-7.903089986991944
170107.467	100	0.895	-7.903089986991944
170940.786	100	0.9	-7.903089986991944
172146.623	100	0.905	-7.903089986991944
172840.371	100	0.91	-7.903089986991944
173680.841	100	0.915	-7.903089986991944
175470.4	100	0.92	-7.903089986991944
176067.682	100	0.925	-7.903089986991944
176714.181	100	0.93	-7.903089986991944
177760.025	100	0.935	-7.903089986991944
178858.054	100	0.94	-7.903089986991944
180652.55	100	0.945	-7.903089986991944
181735.0	100	0.95	-7.903089986991944
182529.905	100	0.955	-7.903089986991944
183667.644	100	0.96	-7.903089986991944
185499.425	100	0.965	-7.903089986991944
187740.029	100	0.97	-7.903089986991944
189864.352	100	0.975	-7.903089986991944
195071.627	100	0.98	-7.903089986991944
198884.355	100	0.985	-7.903089986991944
205548.011	100	0.99	-7.903089986991944
217995.965	100	0.995	-7.903089986991944
147135.042	125	0.5	-7.903089986991944
147374.653	125	0.505	-7.903089986991944
147563.946	125	0.51	-7.903089986991944
147793.057	125	0.515	-7.903089986991944
148231.726	125	0.52	-7.903089986991944
148422.424	125	0.525	-7.903089986991944
148852.382	125	0.53	-7.903089986991944
149034.447	125	0.535	-7.903089986991944
149360.959	125	0.54	-7.903089986991944
149804.926	125	0.545	-7.903089986991944
149985.533	125	0.55	-7.903089986991944
150203.593	125	0.555	-7.903089986991944
150537.23	125	0.56	-7.903089986991944
150774.268	125	0.565	-7.903089986991944
150949.99	125	0.57	-7.903089986991944
151065.508	125	0.575	-7.903089986991944
151745.453	125	0.58	-7.903089986991944
152119.82	125	0.585	-7.903089986991944
152479.072	125	0.59	-7.903089986991944
152681.115	125	0.595	-7.903089986991944
153077.585	125	0.6	-7.903089986991944
153395.132	125	0.605	-7.903089986991944
153595.843	125	0.61	-7.903089986991944
153862.874	125	0.615	-7.903089986991944
154375.751	125	0.62	-7.903089986991944
154791.692	125	0.625	-7.903089986991944
155074.551	125	0.63	-7.903089986991944
155262.46	125	0.635	-7.903089986991944
155504.689	125	0.64	-7.903089986991944
155633.267	125	0.645	-7.903089986991944
156048.256	125	0.65	-7.903089986991944
156722.627	125	0.655	-7.903089986991944
157257.627	125	0.66	-7.903089986991944
157438.682	125	0.665	-7.903089986991944
157889.907	125	0.67	-7.903089986991944
158049.98	125	0.675	-7.903089986991944
158227.653	125	0.68	-7.903089986991944
158539.178	125	0.685	-7.903089986991944
158972.42	125	0.69	-7.903089986991944
159373.673	125	0.695	-7.903089986991944
159729.118	125	0.7	-7.903089986991944
160212.851	125	0.705	-7.903089986991944
160483.863	125	0.71	-7.903089986991944
160762.198	125	0.715	-7.903089986991944
161196.133	125	0.72	-7.903089986991944
161502.581	125	0.725	-7.903089986991944
161946.575	125	0.73	-7.903089986991944
162203.654	125	0.735	-7.903089986991944
162371.562	125	0.74	-7.903089986991944
162833.936	125	0.745	-7.903089986991944
163399.0	125	0.75	-7.903089986991944
164128.306	125	0.755	-7.903089986991944
164570.348	125	0.76	-7.903089986991944
164858.269	125	0.765	-7.903089986991944
165126.53	125	0.77	-7.903089986991944
165390.078	125	0.775	-7.903089986991944
165747.185	125	0.78	-7.903089986991944
166196.823	125	0.785	-7.903089986991944
166628.931	125	0.79	-7.903089986991944
167051.835	125	0.795	-7.903089986991944
167408.424	125	0.8	-7.903089986991944
167826.592	125	0.805	-7.903089986991944
168086.675	125	0.81	-7.903089986991944
168707.246	125	0.815	-7.903089986991944
168956.607	125	0.82	-7.903089986991944
169645.01	125	0.825	-7.903089986991944
169857.898	125	0.83	-7.903089986991944
170261.479	125	0.835	-7.903089986991944
170690.214	125	0.84	-7.903089986991944
171095.721	125	0.845	-7.903089986991944
171386.398	125	0.85	-7.903089986991944
171906.75	125	0.855	-7.903089986991944
172548.36	125	0.86	-7.903089986991944
173108.354	125	0.865	-7.903089986991944
173627.325	125	0.87	-7.903089986991944
174274.646	125	0.875	-7.903089986991944
174680.615	125	0.88	-7.903089986991944
175744.787	125	0.885	-7.903089986991944
176329.744	125	0.89	-7.903089986991944
177042.857	125	0.895	-7.903089986991944
177709.071	125	0.9	-7.903089986991944
178221.267	125	0.905	-7.903089986991944
178862.279	125	0.91	-7.903089986991944
179600.348	125	0.915	-7.903089986991944
180732.182	125	0.92	-7.903089986991944
181191.073	125	0.925	-7.903089986991944
182065.45	125	0.93	-7.903089986991944
183253.119	125	0.935	-7.903089986991944
183757.23	125	0.94	-7.903089986991944
184760.854	125	0.945	-7.903089986991944
186019.929	125	0.95	-7.903089986991944
186936.051	125	0.955	-7.903089986991944
191079.5	125	0.96	-7.903089986991944
192166.743	125	0.965	-7.903089986991944
194164.739	125	0.97	-7.903089986991944
195952.971	125	0.975	-7.903089986991944
199930.52	125	0.98	-7.903089986991944
203400.052	125	0.985	-7.903089986991944
211424.467	125	0.99	-7.903089986991944
222130.182	125	0.995	-7.903089986991944
155562.78	150	0.5	-7.903089986991944
155726.76	150	0.505	-7.903089986991944
155980.587	150	0.51	-7.903089986991944
156290.575	150	0.515	-7.903089986991944
156515.987	150	0.52	-7.903089986991944
156889.872	150	0.525	-7.903089986991944
157175.99	150	0.53	-7.903089986991944
157465.087	150	0.535	-7.903089986991944
157826.61	150	0.54	-7.903089986991944
158042.049	150	0.545	-7.903089986991944
158136.938	150	0.55	-7.903089986991944
158440.652	150	0.555	-7.903089986991944
158714.992	150	0.56	-7.903089986991944
158935.836	150	0.565	-7.903089986991944
159446.232	150	0.57	-7.903089986991944
159559.458	150	0.575	-7.903089986991944
159835.442	150	0.58	-7.903089986991944
160112.206	150	0.585	-7.903089986991944
160296.309	150	0.59	-7.903089986991944
160597.834	150	0.595	-7.903089986991944
161042.571	150	0.6	-7.903089986991944
161202.913	150	0.605	-7.903089986991944
161453.504	150	0.61	-7.903089986991944
161709.893	150	0.615	-7.903089986991944
162181.491	150	0.62	-7.903089986991944
162378.101	150	0.625	-7.903089986991944
162733.843	150	0.63	-7.903089986991944
162950.19	150	0.635	-7.903089986991944
163108.743	150	0.64	-7.903089986991944
163484.802	150	0.645	-7.903089986991944
163667.518	150	0.65	-7.903089986991944
163914.201	150	0.655	-7.903089986991944
164395.232	150	0.66	-7.903089986991944
164571.244	150	0.665	-7.903089986991944
164913.384	150	0.67	-7.903089986991944
165193.2	150	0.675	-7.903089986991944
165854.444	150	0.68	-7.903089986991944
166062.765	150	0.685	-7.903089986991944
166561.658	150	0.69	-7.903089986991944
166846.31	150	0.695	-7.903089986991944
167130.376	150	0.7	-7.903089986991944
167289.797	150	0.705	-7.903089986991944
167797.052	150	0.71	-7.903089986991944
168239.126	150	0.715	-7.903089986991944
168513.022	150	0.72	-7.903089986991944
169094.11	150	0.725	-7.903089986991944
169683.291	150	0.73	-7.903089986991944
170198.033	150	0.735	-7.903089986991944
170425.673	150	0.74	-7.903089986991944
170846.084	150	0.745	-7.903089986991944
171564.685	150	0.75	-7.903089986991944
171966.255	150	0.755	-7.903089986991944
172665.231	150	0.76	-7.903089986991944
172841.997	150	0.765	-7.903089986991944
172925.031	150	0.77	-7.903089986991944
173149.654	150	0.775	-7.903089986991944
173562.913	150	0.78	-7.903089986991944
174063.819	150	0.785	-7.903089986991944
174604.92	150	0.79	-7.903089986991944
175153.214	150	0.795	-7.903089986991944
175569.479	150	0.8	-7.903089986991944
175993.307	150	0.805	-7.903089986991944
176315.833	150	0.81	-7.903089986991944
176586.659	150	0.815	-7.903089986991944
177198.105	150	0.82	-7.903089986991944
177760.189	150	0.825	-7.903089986991944
178068.964	150	0.83	-7.903089986991944
178373.258	150	0.835	-7.903089986991944
178834.698	150	0.84	-7.903089986991944
179132.048	150	0.845	-7.903089986991944
179420.39	150	0.85	-7.903089986991944
179974.417	150	0.855	-7.903089986991944
180323.507	150	0.86	-7.903089986991944
180467.743	150	0.865	-7.903089986991944
180815.242	150	0.87	-7.903089986991944
181275.475	150	0.875	-7.903089986991944
181748.8	150	0.88	-7.903089986991944
182255.47	150	0.885	-7.903089986991944
182889.593	150	0.89	-7.903089986991944
184273.515	150	0.895	-7.903089986991944
184519.51	150	0.9	-7.903089986991944
185266.968	150	0.905	-7.903089986991944
186094.408	150	0.91	-7.903089986991944
186829.812	150	0.915	-7.903089986991944
187498.914	150	0.92	-7.903089986991944
189181.32	150	0.925	-7.903089986991944
190151.095	150	0.93	-7.903089986991944
191199.677	150	0.935	-7.903089986991944
192213.023	150	0.94	-7.903089986991944
193867.164	150	0.945	-7.903089986991944
194525.331	150	0.95	-7.903089986991944
196762.921	150	0.955	-7.903089986991944
198075.196	150	0.96	-7.903089986991944
199852.825	150	0.965	-7.903089986991944
202858.354	150	0.97	-7.903089986991944
208718.789	150	0.975	-7.903089986991944
212702.573	150	0.98	-7.903089986991944
222234.194	150	0.985	-7.903089986991944
228429.612	150	0.99	-7.903089986991944
241776.376	150	0.995	-7.903089986991944
161167.417	175	0.5	-7.903089986991944
161471.26	175	0.505	-7.903089986991944
161694.913	175	0.51	-7.903089986991944
162188.083	175	0.515	-7.903089986991944
162479.246	175	0.52	-7.903089986991944
162697.182	175	0.525	-7.903089986991944
163009.489	175	0.53	-7.903089986991944
163128.44	175	0.535	-7.903089986991944
163713.446	175	0.54	-7.903089986991944
163979.723	175	0.545	-7.903089986991944
164188.5	175	0.55	-7.903089986991944
164371.108	175	0.555	-7.903089986991944
164549.56	175	0.56	-7.903089986991944
164752.288	175	0.565	-7.903089986991944
165068.28	175	0.57	-7.903089986991944
165284.032	175	0.575	-7.903089986991944
165552.417	175	0.58	-7.903089986991944
165902.721	175	0.585	-7.903089986991944
166275.484	175	0.59	-7.903089986991944
166613.371	175	0.595	-7.903089986991944
167196.714	175	0.6	-7.903089986991944
167318.241	175	0.605	-7.903089986991944
167696.837	175	0.61	-7.903089986991944
167991.126	175	0.615	-7.903089986991944
168411.73	175	0.62	-7.903089986991944
168694.114	175	0.625	-7.903089986991944
169125.691	175	0.63	-7.903089986991944
169507.633	175	0.635	-7.903089986991944
170106.766	175	0.64	-7.903089986991944
170354.708	175	0.645	-7.903089986991944
170788.475	175	0.65	-7.903089986991944
171050.276	175	0.655	-7.903089986991944
171346.967	175	0.66	-7.903089986991944
171711.947	175	0.665	-7.903089986991944
172050.309	175	0.67	-7.903089986991944
172577.571	175	0.675	-7.903089986991944
172878.324	175	0.68	-7.903089986991944
173332.611	175	0.685	-7.903089986991944
173764.751	175	0.69	-7.903089986991944
174015.723	175	0.695	-7.903089986991944
174246.314	175	0.7	-7.903089986991944
174706.05	175	0.705	-7.903089986991944
174971.171	175	0.71	-7.903089986991944
175757.209	175	0.715	-7.903089986991944
175888.406	175	0.72	-7.903089986991944
176258.527	175	0.725	-7.903089986991944
176518.118	175	0.73	-7.903089986991944
176799.692	175	0.735	-7.903089986991944
177122.47	175	0.74	-7.903089986991944
177706.703	175	0.745	-7.903089986991944
178117.36	175	0.75	-7.903089986991944
178288.564	175	0.755	-7.903089986991944
178503.323	175	0.76	-7.903089986991944
178755.726	175	0.765	-7.903089986991944
179437.524	175	0.77	-7.903089986991944
179829.209	175	0.775	-7.903089986991944
180365.08	175	0.78	-7.903089986991944
180877.991	175	0.785	-7.903089986991944
181503.213	175	0.79	-7.903089986991944
182088.958	175	0.795	-7.903089986991944
182824.971	175	0.8	-7.903089986991944
183004.605	175	0.805	-7.903089986991944
183555.892	175	0.81	-7.903089986991944
183948.823	175	0.815	-7.903089986991944
184537.587	175	0.82	-7.903089986991944
185102.883	175	0.825	-7.903089986991944
185459.814	175	0.83	-7.903089986991944
186019.753	175	0.835	-7.903089986991944
186276.166	175	0.84	-7.903089986991944
187296.199	175	0.845	-7.903089986991944
187623.357	175	0.85	-7.903089986991944
188166.432	175	0.855	-7.903089986991944
188871.571	175	0.86	-7.903089986991944
190020.665	175	0.865	-7.903089986991944
190505.004	175	0.87	-7.903089986991944
191144.594	175	0.875	-7.903089986991944
192004.325	175	0.88	-7.903089986991944
192893.685	175	0.885	-7.903089986991944
193473.854	175	0.89	-7.903089986991944
194110.307	175	0.895	-7.903089986991944
194879.498	175	0.9	-7.903089986991944
196094.767	175	0.905	-7.903089986991944
196727.564	175	0.91	-7.903089986991944
197583.104	175	0.915	-7.903089986991944
199033.217	175	0.92	-7.903089986991944
200651.442	175	0.925	-7.903089986991944
201817.235	175	0.93	-7.903089986991944
202822.63	175	0.935	-7.903089986991944
205645.006	175	0.94	-7.903089986991944
206848.821	175	0.945	-7.903089986991944
208571.462	175	0.95	-7.903089986991944
209919.054	175	0.955	-7.903089986991944
212603.576	175	0.96	-7.903089986991944
216188.349	175	0.965	-7.903089986991944
218708.705	175	0.97	-7.903089986991944
221094.643	175	0.975	-7.903089986991944
223498.543	175	0.98	-7.903089986991944
226250.585	175	0.985	-7.903089986991944
240843.523	175	0.99	-7.903089986991944
266159.305	175	0.995	-7.903089986991944
171276.859	200	0.5	-7.903089986991944
171832.313	200	0.505	-7.903089986991944
172333.556	200	0.51	-7.903089986991944
172622.401	200	0.515	-7.903089986991944
173005.714	200	0.52	-7.903089986991944
173077.409	200	0.525	-7.903089986991944
173466.22	200	0.53	-7.903089986991944
173725.028	200	0.535	-7.903089986991944
174112.648	200	0.54	-7.903089986991944
174591.38	200	0.545	-7.903089986991944
174814.376	200	0.55	-7.903089986991944
175031.233	200	0.555	-7.903089986991944
175202.76	200	0.56	-7.903089986991944
175491.243	200	0.565	-7.903089986991944
175734.598	200	0.57	-7.903089986991944
176012.725	200	0.575	-7.903089986991944
176146.211	200	0.58	-7.903089986991944
176268.455	200	0.585	-7.903089986991944
176368.386	200	0.59	-7.903089986991944
176616.544	200	0.595	-7.903089986991944
176846.286	200	0.6	-7.903089986991944
177031.515	200	0.605	-7.903089986991944
177245.689	200	0.61	-7.903089986991944
177387.686	200	0.615	-7.903089986991944
177636.345	200	0.62	-7.903089986991944
178085.247	200	0.625	-7.903089986991944
178288.16	200	0.63	-7.903089986991944
178737.794	200	0.635	-7.903089986991944
179028.06	200	0.64	-7.903089986991944
179663.005	200	0.645	-7.903089986991944
180012.0	200	0.65	-7.903089986991944
180323.018	200	0.655	-7.903089986991944
180541.2	200	0.66	-7.903089986991944
180869.193	200	0.665	-7.903089986991944
181117.811	200	0.67	-7.903089986991944
181666.951	200	0.675	-7.903089986991944
182206.905	200	0.68	-7.903089986991944
182652.23	200	0.685	-7.903089986991944
182981.416	200	0.69	-7.903089986991944
183421.355	200	0.695	-7.903089986991944
183886.0	200	0.7	-7.903089986991944
184040.369	200	0.705	-7.903089986991944
184338.071	200	0.71	-7.903089986991944
184842.243	200	0.715	-7.903089986991944
185293.169	200	0.72	-7.903089986991944
185513.838	200	0.725	-7.903089986991944
185771.086	200	0.73	-7.903089986991944
186275.689	200	0.735	-7.903089986991944
186617.409	200	0.74	-7.903089986991944
187015.724	200	0.745	-7.903089986991944
187467.5	200	0.75	-7.903089986991944
187948.595	200	0.755	-7.903089986991944
188279.974	200	0.76	-7.903089986991944
188918.087	200	0.765	-7.903089986991944
189355.344	200	0.77	-7.903089986991944
189885.416	200	0.775	-7.903089986991944
190316.029	200	0.78	-7.903089986991944
190722.928	200	0.785	-7.903089986991944
191231.458	200	0.79	-7.903089986991944
191939.543	200	0.795	-7.903089986991944
192279.486	200	0.8	-7.903089986991944
192560.886	200	0.805	-7.903089986991944
193159.908	200	0.81	-7.903089986991944
193429.263	200	0.815	-7.903089986991944
193916.78	200	0.82	-7.903089986991944
194122.965	200	0.825	-7.903089986991944
194351.56	200	0.83	-7.903089986991944
194602.513	200	0.835	-7.903089986991944
195176.486	200	0.84	-7.903089986991944
195734.642	200	0.845	-7.903089986991944
196204.226	200	0.85	-7.903089986991944
196728.03	200	0.855	-7.903089986991944
197354.437	200	0.86	-7.903089986991944
198129.853	200	0.865	-7.903089986991944
198596.39	200	0.87	-7.903089986991944
199400.009	200	0.875	-7.903089986991944
200664.937	200	0.88	-7.903089986991944
201034.82	200	0.885	-7.903089986991944
201975.003	200	0.89	-7.903089986991944
202704.785	200	0.895	-7.903089986991944
203450.907	200	0.9	-7.903089986991944
204037.373	200	0.905	-7.903089986991944
204295.096	200	0.91	-7.903089986991944
205432.369	200	0.915	-7.903089986991944
206596.303	200	0.92	-7.903089986991944
207090.768	200	0.925	-7.903089986991944
208156.085	200	0.93	-7.903089986991944
209265.877	200	0.935	-7.903089986991944
211190.044	200	0.94	-7.903089986991944
212949.612	200	0.945	-7.903089986991944
213584.218	200	0.95	-7.903089986991944
214694.262	200	0.955	-7.903089986991944
215835.84	200	0.96	-7.903089986991944
220029.882	200	0.965	-7.903089986991944
222181.543	200	0.97	-7.903089986991944
225536.877	200	0.975	-7.903089986991944
228784.22	200	0.98	-7.903089986991944
233971.759	200	0.985	-7.903089986991944
242760.131	200	0.99	-7.903089986991944
265286.97	200	0.995	-7.903089986991944
180344.732	225	0.5	-7.903089986991944
180755.873	225	0.505	-7.903089986991944
181067.679	225	0.51	-7.903089986991944
181286.675	225	0.515	-7.903089986991944
181746.511	225	0.52	-7.903089986991944
182106.996	225	0.525	-7.903089986991944
182693.333	225	0.53	-7.903089986991944
183164.05	225	0.535	-7.903089986991944
183442.677	225	0.54	-7.903089986991944
183668.132	225	0.545	-7.903089986991944
183811.749	225	0.55	-7.903089986991944
184197.032	225	0.555	-7.903089986991944
184409.333	225	0.56	-7.903089986991944
184786.431	225	0.565	-7.903089986991944
185191.44	225	0.57	-7.903089986991944
185484.008	225	0.575	-7.903089986991944
185631.166	225	0.58	-7.903089986991944
186200.837	225	0.585	-7.903089986991944
186707.179	225	0.59	-7.903089986991944
187191.434	225	0.595	-7.903089986991944
187370.0	225	0.6	-7.903089986991944
187637.177	225	0.605	-7.903089986991944
187918.702	225	0.61	-7.903089986991944
188254.625	225	0.615	-7.903089986991944
188532.587	225	0.62	-7.903089986991944
188773.973	225	0.625	-7.903089986991944
188986.662	225	0.63	-7.903089986991944
189276.183	225	0.635	-7.903089986991944
189564.743	225	0.64	-7.903089986991944
189721.491	225	0.645	-7.903089986991944
190084.864	225	0.65	-7.903089986991944
190440.808	225	0.655	-7.903089986991944
190723.959	225	0.66	-7.903089986991944
190975.126	225	0.665	-7.903089986991944
191508.495	225	0.67	-7.903089986991944
191732.393	225	0.675	-7.903089986991944
192173.371	225	0.68	-7.903089986991944
192499.882	225	0.685	-7.903089986991944
192953.294	225	0.69	-7.903089986991944
193274.953	225	0.695	-7.903089986991944
193488.171	225	0.7	-7.903089986991944
193708.146	225	0.705	-7.903089986991944
193940.417	225	0.71	-7.903089986991944
194197.655	225	0.715	-7.903089986991944
194483.22	225	0.72	-7.903089986991944
194830.977	225	0.725	-7.903089986991944
194991.854	225	0.73	-7.903089986991944
195132.871	225	0.735	-7.903089986991944
195394.314	225	0.74	-7.903089986991944
195802.857	225	0.745	-7.903089986991944
195911.845	225	0.75	-7.903089986991944
196343.107	225	0.755	-7.903089986991944
197045.6	225	0.76	-7.903089986991944
197469.424	225	0.765	-7.903089986991944
197674.564	225	0.77	-7.903089986991944
198015.0	225	0.775	-7.903089986991944
198334.543	225	0.78	-7.903089986991944
198836.921	225	0.785	-7.903089986991944
199422.313	225	0.79	-7.903089986991944
199829.99	225	0.795	-7.903089986991944
200234.343	225	0.8	-7.903089986991944
200758.357	225	0.805	-7.903089986991944
201287.296	225	0.81	-7.903089986991944
202077.667	225	0.815	-7.903089986991944
202682.026	225	0.82	-7.903089986991944
203076.657	225	0.825	-7.903089986991944
203997.634	225	0.83	-7.903089986991944
204324.169	225	0.835	-7.903089986991944
204720.729	225	0.84	-7.903089986991944
205140.064	225	0.845	-7.903089986991944
205333.346	225	0.85	-7.903089986991944
205817.938	225	0.855	-7.903089986991944
206438.057	225	0.86	-7.903089986991944
206940.982	225	0.865	-7.903089986991944
207438.881	225	0.87	-7.903089986991944
207731.696	225	0.875	-7.903089986991944
208483.736	225	0.88	-7.903089986991944
209451.476	225	0.885	-7.903089986991944
210004.829	225	0.89	-7.903089986991944
210773.522	225	0.895	-7.903089986991944
212005.214	225	0.9	-7.903089986991944
212380.778	225	0.905	-7.903089986991944
213212.052	225	0.91	-7.903089986991944
213807.691	225	0.915	-7.903089986991944
214862.369	225	0.92	-7.903089986991944
215420.368	225	0.925	-7.903089986991944
216033.602	225	0.93	-7.903089986991944
217474.946	225	0.935	-7.903089986991944
218481.646	225	0.94	-7.903089986991944
220034.293	225	0.945	-7.903089986991944
220845.286	225	0.95	-7.903089986991944
221526.564	225	0.955	-7.903089986991944
222535.216	225	0.96	-7.903089986991944
226461.969	225	0.965	-7.903089986991944
227838.829	225	0.97	-7.903089986991944
231227.851	225	0.975	-7.903089986991944
233035.735	225	0.98	-7.903089986991944
237131.362	225	0.985	-7.903089986991944
247443.086	225	0.99	-7.903089986991944
268756.385	225	0.995	-7.903089986991944
187224.321	250	0.5	-7.903089986991944
187503.426	250	0.505	-7.903089986991944
187740.529	250	0.51	-7.903089986991944
188292.465	250	0.515	-7.903089986991944
188763.143	250	0.52	-7.903089986991944
188927.823	250	0.525	-7.903089986991944
189063.514	250	0.53	-7.903089986991944
189316.277	250	0.535	-7.903089986991944
189500.971	250	0.54	-7.903089986991944
189689.879	250	0.545	-7.903089986991944
190124.754	250	0.55	-7.903089986991944
190404.3	250	0.555	-7.903089986991944
190819.867	250	0.56	-7.903089986991944
191131.848	250	0.565	-7.903089986991944
191393.169	250	0.57	-7.903089986991944
191577.138	250	0.575	-7.903089986991944
191775.003	250	0.58	-7.903089986991944
192224.843	250	0.585	-7.903089986991944
192425.958	250	0.59	-7.903089986991944
192888.656	250	0.595	-7.903089986991944
193174.153	250	0.6	-7.903089986991944
193337.529	250	0.605	-7.903089986991944
193621.968	250	0.61	-7.903089986991944
194077.948	250	0.615	-7.903089986991944
194497.003	250	0.62	-7.903089986991944
194709.282	250	0.625	-7.903089986991944
194889.812	250	0.63	-7.903089986991944
195499.988	250	0.635	-7.903089986991944
195953.428	250	0.64	-7.903089986991944
196174.017	250	0.645	-7.903089986991944
196805.214	250	0.65	-7.903089986991944
197051.0	250	0.655	-7.903089986991944
197275.971	250	0.66	-7.903089986991944
197739.107	250	0.665	-7.903089986991944
198225.119	250	0.67	-7.903089986991944
198339.764	250	0.675	-7.903089986991944
198559.932	250	0.68	-7.903089986991944
198865.037	250	0.685	-7.903089986991944
198936.469	250	0.69	-7.903089986991944
199071.268	250	0.695	-7.903089986991944
199629.286	250	0.7	-7.903089986991944
199895.643	250	0.705	-7.903089986991944
200272.336	250	0.71	-7.903089986991944
200727.0	250	0.715	-7.903089986991944
201289.626	250	0.72	-7.903089986991944
202199.314	250	0.725	-7.903089986991944
202665.743	250	0.73	-7.903089986991944
203112.624	250	0.735	-7.903089986991944
203470.849	250	0.74	-7.903089986991944
203678.631	250	0.745	-7.903089986991944
203919.95	250	0.75	-7.903089986991944
204291.454	250	0.755	-7.903089986991944
204443.21	250	0.76	-7.903089986991944
204898.911	250	0.765	-7.903089986991944
205116.341	250	0.77	-7.903089986991944
205351.948	250	0.775	-7.903089986991944
205854.462	250	0.78	-7.903089986991944
206198.703	250	0.785	-7.903089986991944
206535.085	250	0.79	-7.903089986991944
207087.214	250	0.795	-7.903089986991944
207491.679	250	0.8	-7.903089986991944
207758.852	250	0.805	-7.903089986991944
208355.201	250	0.81	-7.903089986991944
209016.037	250	0.815	-7.903089986991944
209369.057	250	0.82	-7.903089986991944
209615.168	250	0.825	-7.903089986991944
210110.671	250	0.83	-7.903089986991944
210885.407	250	0.835	-7.903089986991944
211179.754	250	0.84	-7.903089986991944
211716.489	250	0.845	-7.903089986991944
212727.699	250	0.85	-7.903089986991944
213267.903	250	0.855	-7.903089986991944
213750.661	250	0.86	-7.903089986991944
214419.371	250	0.865	-7.903089986991944
214759.843	250	0.87	-7.903089986991944
215776.216	250	0.875	-7.903089986991944
216438.818	250	0.88	-7.903089986991944
217540.365	250	0.885	-7.903089986991944
218221.278	250	0.89	-7.903089986991944
218933.75	250	0.895	-7.903089986991944
219940.466	250	0.9	-7.903089986991944
221557.477	250	0.905	-7.903089986991944
222417.708	250	0.91	-7.903089986991944
223244.616	250	0.915	-7.903089986991944
223953.086	250	0.92	-7.903089986991944
224581.429	250	0.925	-7.903089986991944
225856.225	250	0.93	-7.903089986991944
226826.276	250	0.935	-7.903089986991944
227432.4	250	0.94	-7.903089986991944
228416.442	250	0.945	-7.903089986991944
230598.0	250	0.95	-7.903089986991944
231165.786	250	0.955	-7.903089986991944
232828.937	250	0.96	-7.903089986991944
236388.764	250	0.965	-7.903089986991944
238165.636	250	0.97	-7.903089986991944
241013.615	250	0.975	-7.903089986991944
245246.144	250	0.98	-7.903089986991944
249798.635	250	0.985	-7.903089986991944
262397.64	250	0.99	-7.903089986991944
276181.179	250	0.995	-7.903089986991944
192772.273	275	0.5	-7.903089986991944
193107.121	275	0.505	-7.903089986991944
193209.289	275	0.51	-7.903089986991944
193463.532	275	0.515	-7.903089986991944
193700.0	275	0.52	-7.903089986991944
194083.831	275	0.525	-7.903089986991944
194541.811	275	0.53	-7.903089986991944
194892.443	275	0.535	-7.903089986991944
195282.143	275	0.54	-7.903089986991944
195516.17	275	0.545	-7.903089986991944
195793.843	275	0.55	-7.903089986991944
196079.823	275	0.555	-7.903089986991944
196449.08	275	0.56	-7.903089986991944
196745.114	275	0.565	-7.903089986991944
197125.088	275	0.57	-7.903089986991944
197497.393	275	0.575	-7.903089986991944
198022.878	275	0.58	-7.903089986991944
198276.742	275	0.585	-7.903089986991944
198460.657	275	0.59	-7.903089986991944
198677.557	275	0.595	-7.903089986991944
198991.557	275	0.6	-7.903089986991944
199479.643	275	0.605	-7.903089986991944
199873.061	275	0.61	-7.903089986991944
200043.0	275	0.615	-7.903089986991944
200287.479	275	0.62	-7.903089986991944
200362.027	275	0.625	-7.903089986991944
200603.147	275	0.63	-7.903089986991944
200871.471	275	0.635	-7.903089986991944
201116.366	275	0.64	-7.903089986991944
201682.515	275	0.645	-7.903089986991944
201919.714	275	0.65	-7.903089986991944
202074.028	275	0.655	-7.903089986991944
202509.951	275	0.66	-7.903089986991944
202970.346	275	0.665	-7.903089986991944
203526.738	275	0.67	-7.903089986991944
203641.857	275	0.675	-7.903089986991944
203986.383	275	0.68	-7.903089986991944
204132.492	275	0.685	-7.903089986991944
204535.059	275	0.69	-7.903089986991944
204676.679	275	0.695	-7.903089986991944
205206.236	275	0.7	-7.903089986991944
205757.866	275	0.705	-7.903089986991944
206293.0	275	0.71	-7.903089986991944
206698.987	275	0.715	-7.903089986991944
207071.758	275	0.72	-7.903089986991944
207364.698	275	0.725	-7.903089986991944
207605.948	275	0.73	-7.903089986991944
208009.542	275	0.735	-7.903089986991944
208414.343	275	0.74	-7.903089986991944
208617.253	275	0.745	-7.903089986991944
208762.126	275	0.75	-7.903089986991944
209209.536	275	0.755	-7.903089986991944
209364.229	275	0.76	-7.903089986991944
209759.986	275	0.765	-7.903089986991944
210489.104	275	0.77	-7.903089986991944
211273.416	275	0.775	-7.903089986991944
211575.4	275	0.78	-7.903089986991944
211819.926	275	0.785	-7.903089986991944
212460.686	275	0.79	-7.903089986991944
212920.044	275	0.795	-7.903089986991944
213678.971	275	0.8	-7.903089986991944
214323.301	275	0.805	-7.903089986991944
215043.43	275	0.81	-7.903089986991944
215228.388	275	0.815	-7.903089986991944
215563.703	275	0.82	-7.903089986991944
216110.821	275	0.825	-7.903089986991944
216754.134	275	0.83	-7.903089986991944
217198.344	275	0.835	-7.903089986991944
217505.249	275	0.84	-7.903089986991944
218095.096	275	0.845	-7.903089986991944
218828.155	275	0.85	-7.903089986991944
219411.076	275	0.855	-7.903089986991944
219979.981	275	0.86	-7.903089986991944
220469.715	275	0.865	-7.903089986991944
221235.5	275	0.87	-7.903089986991944
221718.089	275	0.875	-7.903089986991944
222164.449	275	0.88	-7.903089986991944
222866.522	275	0.885	-7.903089986991944
223594.122	275	0.89	-7.903089986991944
224222.544	275	0.895	-7.903089986991944
224921.221	275	0.9	-7.903089986991944
225495.029	275	0.905	-7.903089986991944
226810.935	275	0.91	-7.903089986991944
228130.21	275	0.915	-7.903089986991944
230146.734	275	0.92	-7.903089986991944
230677.628	275	0.925	-7.903089986991944
231811.0	275	0.93	-7.903089986991944
232980.043	275	0.935	-7.903089986991944
235016.521	275	0.94	-7.903089986991944
236898.882	275	0.945	-7.903089986991944
241862.399	275	0.95	-7.903089986991944
243474.45	275	0.955	-7.903089986991944
245027.214	275	0.96	-7.903089986991944
248196.462	275	0.965	-7.903089986991944
248992.357	275	0.97	-7.903089986991944
256887.221	275	0.975	-7.903089986991944
261538.412	275	0.98	-7.903089986991944
267234.172	275	0.985	-7.903089986991944
278774.698	275	0.99	-7.903089986991944
301626.839	275	0.995	-7.903089986991944
201548.429	300	0.5	-7.903089986991944
201863.52	300	0.505	-7.903089986991944
202037.757	300	0.51	-7.903089986991944
202207.65	300	0.515	-7.903089986991944
202663.702	300	0.52	-7.903089986991944
202876.927	300	0.525	-7.903089986991944
203236.635	300	0.53	-7.903089986991944
203391.408	300	0.535	-7.903089986991944
203933.674	300	0.54	-7.903089986991944
204225.142	300	0.545	-7.903089986991944
204486.118	300	0.55	-7.903089986991944
204745.146	300	0.555	-7.903089986991944
205149.067	300	0.56	-7.903089986991944
205415.455	300	0.565	-7.903089986991944
205544.225	300	0.57	-7.903089986991944
205670.27	300	0.575	-7.903089986991944
206059.456	300	0.58	-7.903089986991944
206158.718	300	0.585	-7.903089986991944
206642.36	300	0.59	-7.903089986991944
207030.986	300	0.595	-7.903089986991944
207330.264	300	0.6	-7.903089986991944
207772.839	300	0.605	-7.903089986991944
208265.154	300	0.61	-7.903089986991944
208348.084	300	0.615	-7.903089986991944
208642.657	300	0.62	-7.903089986991944
208887.514	300	0.625	-7.903089986991944
209139.578	300	0.63	-7.903089986991944
209350.603	300	0.635	-7.903089986991944
209833.657	300	0.64	-7.903089986991944
210141.025	300	0.645	-7.903089986991944
210556.404	300	0.65	-7.903089986991944
210876.464	300	0.655	-7.903089986991944
211271.444	300	0.66	-7.903089986991944
212048.236	300	0.665	-7.903089986991944
212227.719	300	0.67	-7.903089986991944
212548.499	300	0.675	-7.903089986991944
212822.554	300	0.68	-7.903089986991944
213118.287	300	0.685	-7.903089986991944
213468.814	300	0.69	-7.903089986991944
213843.566	300	0.695	-7.903089986991944
214163.2	300	0.7	-7.903089986991944
214632.512	300	0.705	-7.903089986991944
215002.7	300	0.71	-7.903089986991944
215388.584	300	0.715	-7.903089986991944
215774.566	300	0.72	-7.903089986991944
216057.1	300	0.725	-7.903089986991944
216221.791	300	0.73	-7.903089986991944
216540.724	300	0.735	-7.903089986991944
216626.367	300	0.74	-7.903089986991944
217039.218	300	0.745	-7.903089986991944
217274.286	300	0.75	-7.903089986991944
217641.928	300	0.755	-7.903089986991944
218140.738	300	0.76	-7.903089986991944
218415.964	300	0.765	-7.903089986991944
218764.45	300	0.77	-7.903089986991944
219065.162	300	0.775	-7.903089986991944
219510.6	300	0.78	-7.903089986991944
219637.803	300	0.785	-7.903089986991944
220158.897	300	0.79	-7.903089986991944
221102.817	300	0.795	-7.903089986991944
221706.0	300	0.8	-7.903089986991944
222006.157	300	0.805	-7.903089986991944
222602.74	300	0.81	-7.903089986991944
222824.228	300	0.815	-7.903089986991944
223071.057	300	0.82	-7.903089986991944
223458.668	300	0.825	-7.903089986991944
224203.216	300	0.83	-7.903089986991944
225015.705	300	0.835	-7.903089986991944
225463.143	300	0.84	-7.903089986991944
225859.044	300	0.845	-7.903089986991944
226435.857	300	0.85	-7.903089986991944
227459.492	300	0.855	-7.903089986991944
228355.723	300	0.86	-7.903089986991944
228667.793	300	0.865	-7.903089986991944
229105.114	300	0.87	-7.903089986991944
229443.768	300	0.875	-7.903089986991944
230069.662	300	0.88	-7.903089986991944
230777.971	300	0.885	-7.903089986991944
231897.478	300	0.89	-7.903089986991944
232145.286	300	0.895	-7.903089986991944
233068.672	300	0.9	-7.903089986991944
233989.478	300	0.905	-7.903089986991944
234859.994	300	0.91	-7.903089986991944
236017.334	300	0.915	-7.903089986991944
236595.263	300	0.92	-7.903089986991944
237750.257	300	0.925	-7.903089986991944
238623.972	300	0.93	-7.903089986991944
239906.542	300	0.935	-7.903089986991944
240394.886	300	0.94	-7.903089986991944
241762.708	300	0.945	-7.903089986991944
242229.549	300	0.95	-7.903089986991944
243978.551	300	0.955	-7.903089986991944
244985.889	300	0.96	-7.903089986991944
245946.093	300	0.965	-7.903089986991944
248645.407	300	0.97	-7.903089986991944
249927.359	300	0.975	-7.903089986991944
252827.245	300	0.98	-7.903089986991944
262773.677	300	0.985	-7.903089986991944
269530.721	300	0.99	-7.903089986991944
283373.614	300	0.995	-7.903089986991944
209410.75	325	0.5	-7.903089986991944
209749.329	325	0.505	-7.903089986991944
209990.173	325	0.51	-7.903089986991944
210280.428	325	0.515	-7.903089986991944
210526.8	325	0.52	-7.903089986991944
210860.73	325	0.525	-7.903089986991944
211116.558	325	0.53	-7.903089986991944
211358.214	325	0.535	-7.903089986991944
211652.657	325	0.54	-7.903089986991944
211894.571	325	0.545	-7.903089986991944
212159.5	325	0.55	-7.903089986991944
212318.902	325	0.555	-7.903089986991944
212869.943	325	0.56	-7.903089986991944
213154.076	325	0.565	-7.903089986991944
213313.333	325	0.57	-7.903089986991944
213520.214	325	0.575	-7.903089986991944
213969.171	325	0.58	-7.903089986991944
214430.852	325	0.585	-7.903089986991944
214751.37	325	0.59	-7.903089986991944
215109.772	325	0.595	-7.903089986991944
215578.886	325	0.6	-7.903089986991944
216082.265	325	0.605	-7.903089986991944
216477.977	325	0.61	-7.903089986991944
216693.022	325	0.615	-7.903089986991944
216973.763	325	0.62	-7.903089986991944
217192.691	325	0.625	-7.903089986991944
217452.408	325	0.63	-7.903089986991944
217720.967	325	0.635	-7.903089986991944
218186.846	325	0.64	-7.903089986991944
218428.869	325	0.645	-7.903089986991944
218623.0	325	0.65	-7.903089986991944
218981.847	325	0.655	-7.903089986991944
219298.111	325	0.66	-7.903089986991944
219553.807	325	0.665	-7.903089986991944
219905.228	325	0.67	-7.903089986991944
220516.454	325	0.675	-7.903089986991944
220738.855	325	0.68	-7.903089986991944
221020.655	325	0.685	-7.903089986991944
221260.426	325	0.69	-7.903089986991944
221470.375	325	0.695	-7.903089986991944
221615.293	325	0.7	-7.903089986991944
221798.893	325	0.705	-7.903089986991944
222325.757	325	0.71	-7.903089986991944
222421.669	325	0.715	-7.903089986991944
222677.677	325	0.72	-7.903089986991944
222826.163	325	0.725	-7.903089986991944
223090.748	325	0.73	-7.903089986991944
223246.638	325	0.735	-7.903089986991944
223756.224	325	0.74	-7.903089986991944
224068.603	325	0.745	-7.903089986991944
224278.846	325	0.75	-7.903089986991944
224877.996	325	0.755	-7.903089986991944
225257.311	325	0.76	-7.903089986991944
225516.335	325	0.765	-7.903089986991944
226203.329	325	0.77	-7.903089986991944
226570.354	325	0.775	-7.903089986991944
227385.743	325	0.78	-7.903089986991944
228067.787	325	0.785	-7.903089986991944
228455.769	325	0.79	-7.903089986991944
229064.686	325	0.795	-7.903089986991944
229872.3	325	0.8	-7.903089986991944
230210.1	325	0.805	-7.903089986991944
230422.888	325	0.81	-7.903089986991944
230686.897	325	0.815	-7.903089986991944
230805.714	325	0.82	-7.903089986991944
230975.441	325	0.825	-7.903089986991944
231491.271	325	0.83	-7.903089986991944
231951.664	325	0.835	-7.903089986991944
232471.946	325	0.84	-7.903089986991944
232846.986	325	0.845	-7.903089986991944
233146.671	325	0.85	-7.903089986991944
233598.197	325	0.855	-7.903089986991944
234276.371	325	0.86	-7.903089986991944
234941.819	325	0.865	-7.903089986991944
235749.886	325	0.87	-7.903089986991944
236575.696	325	0.875	-7.903089986991944
237565.329	325	0.88	-7.903089986991944
238695.415	325	0.885	-7.903089986991944
238968.192	325	0.89	-7.903089986991944
239816.129	325	0.895	-7.903089986991944
240924.735	325	0.9	-7.903089986991944
241429.457	325	0.905	-7.903089986991944
242956.233	325	0.91	-7.903089986991944
243891.365	325	0.915	-7.903089986991944
245313.037	325	0.92	-7.903089986991944
246625.577	325	0.925	-7.903089986991944
247836.629	325	0.93	-7.903089986991944
250293.407	325	0.935	-7.903089986991944
254310.6	325	0.94	-7.903089986991944
255574.708	325	0.945	-7.903089986991944
257039.643	325	0.95	-7.903089986991944
259067.696	325	0.955	-7.903089986991944
261390.114	325	0.96	-7.903089986991944
267926.334	325	0.965	-7.903089986991944
271447.654	325	0.97	-7.903089986991944
275758.918	325	0.975	-7.903089986991944
281080.917	325	0.98	-7.903089986991944
285272.333	325	0.985	-7.903089986991944
302678.827	325	0.99	-7.903089986991944
335077.77	325	0.995	-7.903089986991944
216306.429	350	0.5	-7.903089986991944
216913.324	350	0.505	-7.903089986991944
217039.279	350	0.51	-7.903089986991944
217243.336	350	0.515	-7.903089986991944
217618.554	350	0.52	-7.903089986991944
217931.321	350	0.525	-7.903089986991944
218295.538	350	0.53	-7.903089986991944
218827.91	350	0.535	-7.903089986991944
219048.376	350	0.54	-7.903089986991944
219292.514	350	0.545	-7.903089986991944
219668.375	350	0.55	-7.903089986991944
219831.129	350	0.555	-7.903089986991944
220117.469	350	0.56	-7.903089986991944
220308.909	350	0.565	-7.903089986991944
220668.864	350	0.57	-7.903089986991944
220791.275	350	0.575	-7.903089986991944
221036.204	350	0.58	-7.903089986991944
221528.331	350	0.585	-7.903089986991944
221723.162	350	0.59	-7.903089986991944
221939.471	350	0.595	-7.903089986991944
222145.69	350	0.6	-7.903089986991944
222308.057	350	0.605	-7.903089986991944
222631.415	350	0.61	-7.903089986991944
222794.596	350	0.615	-7.903089986991944
223169.344	350	0.62	-7.903089986991944
223707.266	350	0.625	-7.903089986991944
224134.486	350	0.63	-7.903089986991944
224315.736	350	0.635	-7.903089986991944
224600.549	350	0.64	-7.903089986991944
224711.21	350	0.645	-7.903089986991944
225300.721	350	0.65	-7.903089986991944
225470.894	350	0.655	-7.903089986991944
225741.029	350	0.66	-7.903089986991944
226133.429	350	0.665	-7.903089986991944
226299.413	350	0.67	-7.903089986991944
226457.0	350	0.675	-7.903089986991944
226664.4	350	0.68	-7.903089986991944
226916.729	350	0.685	-7.903089986991944
227267.471	350	0.69	-7.903089986991944
227486.0	350	0.695	-7.903089986991944
227763.25	350	0.7	-7.903089986991944
228117.7	350	0.705	-7.903089986991944
228350.201	350	0.71	-7.903089986991944
228523.2	350	0.715	-7.903089986991944
229116.186	350	0.72	-7.903089986991944
229305.036	350	0.725	-7.903089986991944
229773.595	350	0.73	-7.903089986991944
230016.179	350	0.735	-7.903089986991944
230598.306	350	0.74	-7.903089986991944
230846.432	350	0.745	-7.903089986991944
231308.589	350	0.75	-7.903089986991944
231740.857	350	0.755	-7.903089986991944
231995.211	350	0.76	-7.903089986991944
232576.152	350	0.765	-7.903089986991944
232789.929	350	0.77	-7.903089986991944
233118.195	350	0.775	-7.903089986991944
233462.003	350	0.78	-7.903089986991944
233749.182	350	0.785	-7.903089986991944
234102.026	350	0.79	-7.903089986991944
234519.137	350	0.795	-7.903089986991944
235659.1	350	0.8	-7.903089986991944
235966.879	350	0.805	-7.903089986991944
236184.186	350	0.81	-7.903089986991944
236745.944	350	0.815	-7.903089986991944
237225.096	350	0.82	-7.903089986991944
237413.88	350	0.825	-7.903089986991944
238176.781	350	0.83	-7.903089986991944
239117.838	350	0.835	-7.903089986991944
239690.514	350	0.84	-7.903089986991944
240062.271	350	0.845	-7.903089986991944
240353.357	350	0.85	-7.903089986991944
240775.457	350	0.855	-7.903089986991944
241191.694	350	0.86	-7.903089986991944
241738.678	350	0.865	-7.903089986991944
242049.852	350	0.87	-7.903089986991944
243154.45	350	0.875	-7.903089986991944
243686.25	350	0.88	-7.903089986991944
244903.096	350	0.885	-7.903089986991944
245671.905	350	0.89	-7.903089986991944
246469.343	350	0.895	-7.903089986991944
247385.35	350	0.9	-7.903089986991944
248458.721	350	0.905	-7.903089986991944
249378.838	350	0.91	-7.903089986991944
250610.6	350	0.915	-7.903089986991944
251512.146	350	0.92	-7.903089986991944
253481.289	350	0.925	-7.903089986991944
254067.085	350	0.93	-7.903089986991944
255132.043	350	0.935	-7.903089986991944
256548.584	350	0.94	-7.903089986991944
258599.684	350	0.945	-7.903089986991944
259611.643	350	0.95	-7.903089986991944
262084.586	350	0.955	-7.903089986991944
263218.439	350	0.96	-7.903089986991944
264888.926	350	0.965	-7.903089986991944
269218.815	350	0.97	-7.903089986991944
274990.611	350	0.975	-7.903089986991944
280556.114	350	0.98	-7.903089986991944
289888.374	350	0.985	-7.903089986991944
305322.085	350	0.99	-7.903089986991944
321735.172	350	0.995	-7.903089986991944
223295.091	375	0.5	-7.903089986991944
223545.762	375	0.505	-7.903089986991944
223732.221	375	0.51	-7.903089986991944
223934.306	375	0.515	-7.903089986991944
224178.8	375	0.52	-7.903089986991944
224438.25	375	0.525	-7.903089986991944
224618.445	375	0.53	-7.903089986991944
224732.022	375	0.535	-7.903089986991944
224945.434	375	0.54	-7.903089986991944
225223.99	375	0.545	-7.903089986991944
225443.136	375	0.55	-7.903089986991944
225741.907	375	0.555	-7.903089986991944
225987.709	375	0.56	-7.903089986991944
226209.93	375	0.565	-7.903089986991944
226478.386	375	0.57	-7.903089986991944
226573.08	375	0.575	-7.903089986991944
226758.096	375	0.58	-7.903089986991944
226980.886	375	0.585	-7.903089986991944
227443.488	375	0.59	-7.903089986991944
227824.743	375	0.595	-7.903089986991944
228338.6	375	0.6	-7.903089986991944
228673.429	375	0.605	-7.903089986991944
229085.571	375	0.61	-7.903089986991944
229361.624	375	0.615	-7.903089986991944
229588.814	375	0.62	-7.903089986991944
229825.304	375	0.625	-7.903089986991944
230161.687	375	0.63	-7.903089986991944
230292.583	375	0.635	-7.903089986991944
230383.2	375	0.64	-7.903089986991944
230716.504	375	0.645	-7.903089986991944
230938.879	375	0.65	-7.903089986991944
231079.657	375	0.655	-7.903089986991944
231277.776	375	0.66	-7.903089986991944
231654.507	375	0.665	-7.903089986991944
232105.229	375	0.67	-7.903089986991944
232442.036	375	0.675	-7.903089986991944
232783.763	375	0.68	-7.903089986991944
233228.493	375	0.685	-7.903089986991944
233536.612	375	0.69	-7.903089986991944
233718.836	375	0.695	-7.903089986991944
233922.479	375	0.7	-7.903089986991944
234334.472	375	0.705	-7.903089986991944
234818.936	375	0.71	-7.903089986991944
235410.63	375	0.715	-7.903089986991944
235582.572	375	0.72	-7.903089986991944
235786.805	375	0.725	-7.903089986991944
236055.819	375	0.73	-7.903089986991944
236488.0	375	0.735	-7.903089986991944
237055.856	375	0.74	-7.903089986991944
237674.0	375	0.745	-7.903089986991944
238210.054	375	0.75	-7.903089986991944
238414.962	375	0.755	-7.903089986991944
238921.823	375	0.76	-7.903089986991944
239159.257	375	0.765	-7.903089986991944
239495.784	375	0.77	-7.903089986991944
239807.516	375	0.775	-7.903089986991944
240036.501	375	0.78	-7.903089986991944
240269.01	375	0.785	-7.903089986991944
240546.6	375	0.79	-7.903089986991944
240705.271	375	0.795	-7.903089986991944
240914.0	375	0.8	-7.903089986991944
241266.907	375	0.805	-7.903089986991944
241830.257	375	0.81	-7.903089986991944
242306.037	375	0.815	-7.903089986991944
242709.0	375	0.82	-7.903089986991944
242939.098	375	0.825	-7.903089986991944
243524.286	375	0.83	-7.903089986991944
244204.283	375	0.835	-7.903089986991944
245732.629	375	0.84	-7.903089986991944
246331.332	375	0.845	-7.903089986991944
246854.818	375	0.85	-7.903089986991944
247301.514	375	0.855	-7.903089986991944
248133.215	375	0.86	-7.903089986991944
248617.257	375	0.865	-7.903089986991944
249049.938	375	0.87	-7.903089986991944
249663.188	375	0.875	-7.903089986991944
250507.286	375	0.88	-7.903089986991944
251852.084	375	0.885	-7.903089986991944
252432.686	375	0.89	-7.903089986991944
253958.943	375	0.895	-7.903089986991944
255741.164	375	0.9	-7.903089986991944
256333.871	375	0.905	-7.903089986991944
256702.414	375	0.91	-7.903089986991944
258076.381	375	0.915	-7.903089986991944
259164.091	375	0.92	-7.903089986991944
260027.827	375	0.925	-7.903089986991944
260944.38	375	0.93	-7.903089986991944
262632.091	375	0.935	-7.903089986991944
264553.956	375	0.94	-7.903089986991944
265454.839	375	0.945	-7.903089986991944
269932.892	375	0.95	-7.903089986991944
271900.868	375	0.955	-7.903089986991944
273982.72	375	0.96	-7.903089986991944
276039.329	375	0.965	-7.903089986991944
279450.431	375	0.97	-7.903089986991944
282443.9	375	0.975	-7.903089986991944
284093.55	375	0.98	-7.903089986991944
292334.792	375	0.985	-7.903089986991944
305894.229	375	0.99	-7.903089986991944
316780.208	375	0.995	-7.903089986991944
228303.286	400	0.5	-7.903089986991944
228495.65	400	0.505	-7.903089986991944
228660.278	400	0.51	-7.903089986991944
228919.596	400	0.515	-7.903089986991944
229340.28	400	0.52	-7.903089986991944
229500.215	400	0.525	-7.903089986991944
230055.891	400	0.53	-7.903089986991944
230391.755	400	0.535	-7.903089986991944
230763.116	400	0.54	-7.903089986991944
231388.354	400	0.545	-7.903089986991944
231907.0	400	0.55	-7.903089986991944
232299.938	400	0.555	-7.903089986991944
232553.785	400	0.56	-7.903089986991944
232994.992	400	0.565	-7.903089986991944
233309.353	400	0.57	-7.903089986991944
233512.455	400	0.575	-7.903089986991944
233755.747	400	0.58	-7.903089986991944
233940.256	400	0.585	-7.903089986991944
234194.941	400	0.59	-7.903089986991944
234369.949	400	0.595	-7.903089986991944
234687.516	400	0.6	-7.903089986991944
234951.487	400	0.605	-7.903089986991944
235261.4	400	0.61	-7.903089986991944
235467.105	400	0.615	-7.903089986991944
235914.53	400	0.62	-7.903089986991944
236164.134	400	0.625	-7.903089986991944
236524.271	400	0.63	-7.903089986991944
237129.079	400	0.635	-7.903089986991944
237580.629	400	0.64	-7.903089986991944
237774.639	400	0.645	-7.903089986991944
238164.525	400	0.65	-7.903089986991944
238649.192	400	0.655	-7.903089986991944
238880.546	400	0.66	-7.903089986991944
239496.031	400	0.665	-7.903089986991944
239795.029	400	0.67	-7.903089986991944
240070.905	400	0.675	-7.903089986991944
240347.589	400	0.68	-7.903089986991944
240617.912	400	0.685	-7.903089986991944
241169.256	400	0.69	-7.903089986991944
241398.698	400	0.695	-7.903089986991944
241685.571	400	0.7	-7.903089986991944
241979.801	400	0.705	-7.903089986991944
242252.726	400	0.71	-7.903089986991944
242440.48	400	0.715	-7.903089986991944
242660.234	400	0.72	-7.903089986991944
242947.036	400	0.725	-7.903089986991944
243300.762	400	0.73	-7.903089986991944
243582.321	400	0.735	-7.903089986991944
243762.943	400	0.74	-7.903089986991944
244150.393	400	0.745	-7.903089986991944
244822.857	400	0.75	-7.903089986991944
245061.062	400	0.755	-7.903089986991944
245420.989	400	0.76	-7.903089986991944
245748.224	400	0.765	-7.903089986991944
246420.341	400	0.77	-7.903089986991944
247248.368	400	0.775	-7.903089986991944
247627.657	400	0.78	-7.903089986991944
248169.707	400	0.785	-7.903089986991944
248768.267	400	0.79	-7.903089986991944
249189.965	400	0.795	-7.903089986991944
249547.631	400	0.8	-7.903089986991944
249907.907	400	0.805	-7.903089986991944
251099.234	400	0.81	-7.903089986991944
251389.055	400	0.815	-7.903089986991944
251636.357	400	0.82	-7.903089986991944
252325.275	400	0.825	-7.903089986991944
253142.143	400	0.83	-7.903089986991944
253695.005	400	0.835	-7.903089986991944
254043.697	400	0.84	-7.903089986991944
254432.445	400	0.845	-7.903089986991944
254801.286	400	0.85	-7.903089986991944
254980.423	400	0.855	-7.903089986991944
255604.171	400	0.86	-7.903089986991944
256538.32	400	0.865	-7.903089986991944
257543.278	400	0.87	-7.903089986991944
258309.839	400	0.875	-7.903089986991944
259212.114	400	0.88	-7.903089986991944
259693.8	400	0.885	-7.903089986991944
259914.536	400	0.89	-7.903089986991944
260268.779	400	0.895	-7.903089986991944
261575.746	400	0.9	-7.903089986991944
262453.478	400	0.905	-7.903089986991944
264022.433	400	0.91	-7.903089986991944
265906.806	400	0.915	-7.903089986991944
267013.626	400	0.92	-7.903089986991944
268176.774	400	0.925	-7.903089986991944
269651.443	400	0.93	-7.903089986991944
270643.289	400	0.935	-7.903089986991944
272690.93	400	0.94	-7.903089986991944
275331.199	400	0.945	-7.903089986991944
277530.071	400	0.95	-7.903089986991944
281072.3	400	0.955	-7.903089986991944
283253.8	400	0.96	-7.903089986991944
288219.424	400	0.965	-7.903089986991944
290482.9	400	0.97	-7.903089986991944
293832.25	400	0.975	-7.903089986991944
305489.089	400	0.98	-7.903089986991944
315356.729	400	0.985	-7.903089986991944
329789.857	400	0.99	-7.903089986991944
366045.4	400	0.995	-7.903089986991944
233848.929	425	0.5	-7.903089986991944
234382.614	425	0.505	-7.903089986991944
234708.849	425	0.51	-7.903089986991944
235188.697	425	0.515	-7.903089986991944
235311.314	425	0.52	-7.903089986991944
235595.895	425	0.525	-7.903089986991944
236306.476	425	0.53	-7.903089986991944
236847.302	425	0.535	-7.903089986991944
237169.099	425	0.54	-7.903089986991944
237545.406	425	0.545	-7.903089986991944
238104.704	425	0.55	-7.903089986991944
238740.742	425	0.555	-7.903089986991944
238998.0	425	0.56	-7.903089986991944
239139.019	425	0.565	-7.903089986991944
239465.909	425	0.57	-7.903089986991944
239846.107	425	0.575	-7.903089986991944
239944.2	425	0.58	-7.903089986991944
240130.768	425	0.585	-7.903089986991944
240481.671	425	0.59	-7.903089986991944
240675.951	425	0.595	-7.903089986991944
240830.857	425	0.6	-7.903089986991944
241010.267	425	0.605	-7.903089986991944
241412.014	425	0.61	-7.903089986991944
241557.06	425	0.615	-7.903089986991944
241890.096	425	0.62	-7.903089986991944
242132.679	425	0.625	-7.903089986991944
242617.269	425	0.63	-7.903089986991944
242930.95	425	0.635	-7.903089986991944
243340.571	425	0.64	-7.903089986991944
243533.981	425	0.645	-7.903089986991944
243702.55	425	0.65	-7.903089986991944
243927.375	425	0.655	-7.903089986991944
244109.053	425	0.66	-7.903089986991944
244439.162	425	0.665	-7.903089986991944
245163.738	425	0.67	-7.903089986991944
245695.798	425	0.675	-7.903089986991944
245978.343	425	0.68	-7.903089986991944
246491.486	425	0.685	-7.903089986991944
246829.424	425	0.69	-7.903089986991944
247193.851	425	0.695	-7.903089986991944
247509.757	425	0.7	-7.903089986991944
247748.792	425	0.705	-7.903089986991944
248112.243	425	0.71	-7.903089986991944
248525.679	425	0.715	-7.903089986991944
248813.149	425	0.72	-7.903089986991944
249253.35	425	0.725	-7.903089986991944
249429.152	425	0.73	-7.903089986991944
249835.645	425	0.735	-7.903089986991944
250449.31	425	0.74	-7.903089986991944
250622.468	425	0.745	-7.903089986991944
250859.0	425	0.75	-7.903089986991944
251366.743	425	0.755	-7.903089986991944
251729.829	425	0.76	-7.903089986991944
252083.569	425	0.765	-7.903089986991944
252880.343	425	0.77	-7.903089986991944
253647.754	425	0.775	-7.903089986991944
253780.239	425	0.78	-7.903089986991944
254404.581	425	0.785	-7.903089986991944
255241.875	425	0.79	-7.903089986991944
255427.286	425	0.795	-7.903089986991944
255643.657	425	0.8	-7.903089986991944
255749.336	425	0.805	-7.903089986991944
256301.428	425	0.81	-7.903089986991944
256612.75	425	0.815	-7.903089986991944
257240.171	425	0.82	-7.903089986991944
257603.825	425	0.825	-7.903089986991944
258066.767	425	0.83	-7.903089986991944
258678.724	425	0.835	-7.903089986991944
259339.211	425	0.84	-7.903089986991944
259719.822	425	0.845	-7.903089986991944
260376.5	425	0.85	-7.903089986991944
261456.025	425	0.855	-7.903089986991944
262158.733	425	0.86	-7.903089986991944
262590.948	425	0.865	-7.903089986991944
263225.109	425	0.87	-7.903089986991944
263856.08	425	0.875	-7.903089986991944
264230.977	425	0.88	-7.903089986991944
264887.565	425	0.885	-7.903089986991944
265488.1	425	0.89	-7.903089986991944
266688.441	425	0.895	-7.903089986991944
267779.593	425	0.9	-7.903089986991944
268187.764	425	0.905	-7.903089986991944
269518.949	425	0.91	-7.903089986991944
270733.1	425	0.915	-7.903089986991944
273042.857	425	0.92	-7.903089986991944
274841.643	425	0.925	-7.903089986991944
276225.057	425	0.93	-7.903089986991944
277561.836	425	0.935	-7.903089986991944
279067.857	425	0.94	-7.903089986991944
280759.789	425	0.945	-7.903089986991944
281853.429	425	0.95	-7.903089986991944
283376.182	425	0.955	-7.903089986991944
287297.791	425	0.96	-7.903089986991944
292695.938	425	0.965	-7.903089986991944
298721.174	425	0.97	-7.903089986991944
308864.393	425	0.975	-7.903089986991944
313624.641	425	0.98	-7.903089986991944
332246.357	425	0.985	-7.903089986991944
354004.9	425	0.99	-7.903089986991944
377485.384	425	0.995	-7.903089986991944
238251.464	450	0.5	-7.903089986991944
238598.286	450	0.505	-7.903089986991944
238871.093	450	0.51	-7.903089986991944
239294.236	450	0.515	-7.903089986991944
239503.806	450	0.52	-7.903089986991944
239919.75	450	0.525	-7.903089986991944
240329.914	450	0.53	-7.903089986991944
240452.521	450	0.535	-7.903089986991944
241023.061	450	0.54	-7.903089986991944
241358.0	450	0.545	-7.903089986991944
241602.175	450	0.55	-7.903089986991944
241896.249	450	0.555	-7.903089986991944
242051.7	450	0.56	-7.903089986991944
242495.081	450	0.565	-7.903089986991944
242576.932	450	0.57	-7.903089986991944
242951.821	450	0.575	-7.903089986991944
243340.343	450	0.58	-7.903089986991944
243581.228	450	0.585	-7.903089986991944
244230.272	450	0.59	-7.903089986991944
244499.8	450	0.595	-7.903089986991944
244893.271	450	0.6	-7.903089986991944
245014.043	450	0.605	-7.903089986991944
245271.8	450	0.61	-7.903089986991944
245589.196	450	0.615	-7.903089986991944
245921.716	450	0.62	-7.903089986991944
246541.991	450	0.625	-7.903089986991944
246801.149	450	0.63	-7.903089986991944
246931.924	450	0.635	-7.903089986991944
247413.923	450	0.64	-7.903089986991944
247944.936	450	0.645	-7.903089986991944
248085.786	450	0.65	-7.903089986991944
248513.5	450	0.655	-7.903089986991944
248893.447	450	0.66	-7.903089986991944
249405.34	450	0.665	-7.903089986991944
249869.029	450	0.67	-7.903089986991944
250365.239	450	0.675	-7.903089986991944
250703.003	450	0.68	-7.903089986991944
251142.23	450	0.685	-7.903089986991944
251510.886	450	0.69	-7.903089986991944
251744.521	450	0.695	-7.903089986991944
252034.871	450	0.7	-7.903089986991944
252510.2	450	0.705	-7.903089986991944
252988.378	450	0.71	-7.903089986991944
253358.531	450	0.715	-7.903089986991944
253667.823	450	0.72	-7.903089986991944
253998.964	450	0.725	-7.903089986991944
254098.171	450	0.73	-7.903089986991944
254718.626	450	0.735	-7.903089986991944
254957.81	450	0.74	-7.903089986991944
255309.04	450	0.745	-7.903089986991944
255892.196	450	0.75	-7.903089986991944
256207.629	450	0.755	-7.903089986991944
256410.454	450	0.76	-7.903089986991944
257051.017	450	0.765	-7.903089986991944
257343.126	450	0.77	-7.903089986991944
257595.507	450	0.775	-7.903089986991944
257969.34	450	0.78	-7.903089986991944
258482.286	450	0.785	-7.903089986991944
258873.956	450	0.79	-7.903089986991944
259413.508	450	0.795	-7.903089986991944
259951.171	450	0.8	-7.903089986991944
260228.604	450	0.805	-7.903089986991944
260760.156	450	0.81	-7.903089986991944
261470.975	450	0.815	-7.903089986991944
261803.627	450	0.82	-7.903089986991944
262263.762	450	0.825	-7.903089986991944
262540.443	450	0.83	-7.903089986991944
264006.898	450	0.835	-7.903089986991944
264800.583	450	0.84	-7.903089986991944
265282.247	450	0.845	-7.903089986991944
266196.357	450	0.85	-7.903089986991944
266814.686	450	0.855	-7.903089986991944
267046.829	450	0.86	-7.903089986991944
268066.255	450	0.865	-7.903089986991944
269835.161	450	0.87	-7.903089986991944
270387.339	450	0.875	-7.903089986991944
271099.24	450	0.88	-7.903089986991944
272070.479	450	0.885	-7.903089986991944
272746.717	450	0.89	-7.903089986991944
273896.608	450	0.895	-7.903089986991944
275074.429	450	0.9	-7.903089986991944
275875.7	450	0.905	-7.903089986991944
277328.514	450	0.91	-7.903089986991944
279390.121	450	0.915	-7.903089986991944
280570.391	450	0.92	-7.903089986991944
281349.821	450	0.925	-7.903089986991944
283548.638	450	0.93	-7.903089986991944
285266.664	450	0.935	-7.903089986991944
287062.604	450	0.94	-7.903089986991944
288205.26	450	0.945	-7.903089986991944
293617.932	450	0.95	-7.903089986991944
296727.75	450	0.955	-7.903089986991944
301278.446	450	0.96	-7.903089986991944
304330.854	450	0.965	-7.903089986991944
309504.329	450	0.97	-7.903089986991944
323986.833	450	0.975	-7.903089986991944
333509.444	450	0.98	-7.903089986991944
342654.663	450	0.985	-7.903089986991944
364769.432	450	0.99	-7.903089986991944
388978.879	450	0.995	-7.903089986991944
