S*_score	SNP_num	quantile	log(local_recomb_rate)
121612.278	25	0.5	-7.903089986991944
121798.626	25	0.505	-7.903089986991944
122524.96	25	0.51	-7.903089986991944
123285.275	25	0.515	-7.903089986991944
123634.045	25	0.52	-7.903089986991944
124338.375	25	0.525	-7.903089986991944
124518.351	25	0.53	-7.903089986991944
124940.0	25	0.535	-7.903089986991944
125247.56	25	0.54	-7.903089986991944
125847.712	25	0.545	-7.903089986991944
126046.388	25	0.55	-7.903089986991944
126211.504	25	0.555	-7.903089986991944
126587.282	25	0.56	-7.903089986991944
126961.939	25	0.565	-7.903089986991944
127372.45	25	0.57	-7.903089986991944
127993.625	25	0.575	-7.903089986991944
128402.211	25	0.58	-7.903089986991944
128659.352	25	0.585	-7.903089986991944
129188.708	25	0.59	-7.903089986991944
129474.875	25	0.595	-7.903089986991944
129628.819	25	0.6	-7.903089986991944
129980.317	25	0.605	-7.903089986991944
130461.092	25	0.61	-7.903089986991944
130659.388	25	0.615	-7.903089986991944
131182.755	25	0.62	-7.903089986991944
131509.018	25	0.625	-7.903089986991944
132624.333	25	0.63	-7.903089986991944
132942.228	25	0.635	-7.903089986991944
133264.24	25	0.64	-7.903089986991944
134008.026	25	0.645	-7.903089986991944
134236.714	25	0.65	-7.903089986991944
134445.925	25	0.655	-7.903089986991944
134636.025	25	0.66	-7.903089986991944
134911.74	25	0.665	-7.903089986991944
135463.654	25	0.67	-7.903089986991944
135796.322	25	0.675	-7.903089986991944
136042.293	25	0.68	-7.903089986991944
136715.3	25	0.685	-7.903089986991944
136881.2	25	0.69	-7.903089986991944
137167.917	25	0.695	-7.903089986991944
137777.0	25	0.7	-7.903089986991944
138160.15	25	0.705	-7.903089986991944
138968.318	25	0.71	-7.903089986991944
139237.333	25	0.715	-7.903089986991944
139663.289	25	0.72	-7.903089986991944
140249.75	25	0.725	-7.903089986991944
140524.567	25	0.73	-7.903089986991944
141008.897	25	0.735	-7.903089986991944
141578.229	25	0.74	-7.903089986991944
142140.549	25	0.745	-7.903089986991944
142358.607	25	0.75	-7.903089986991944
142773.225	25	0.755	-7.903089986991944
143123.005	25	0.76	-7.903089986991944
143692.438	25	0.765	-7.903089986991944
144159.014	25	0.77	-7.903089986991944
144586.0	25	0.775	-7.903089986991944
145261.2	25	0.78	-7.903089986991944
145775.65	25	0.785	-7.903089986991944
146398.037	25	0.79	-7.903089986991944
147198.787	25	0.795	-7.903089986991944
147581.333	25	0.8	-7.903089986991944
148634.917	25	0.805	-7.903089986991944
149084.838	25	0.81	-7.903089986991944
150511.12	25	0.815	-7.903089986991944
151295.989	25	0.82	-7.903089986991944
151761.7	25	0.825	-7.903089986991944
152257.841	25	0.83	-7.903089986991944
153013.973	25	0.835	-7.903089986991944
153463.28	25	0.84	-7.903089986991944
154079.836	25	0.845	-7.903089986991944
154479.0	25	0.85	-7.903089986991944
155429.52	25	0.855	-7.903089986991944
156026.393	25	0.86	-7.903089986991944
156854.79	25	0.865	-7.903089986991944
157260.283	25	0.87	-7.903089986991944
157864.464	25	0.875	-7.903089986991944
158715.594	25	0.88	-7.903089986991944
159053.315	25	0.885	-7.903089986991944
159633.578	25	0.89	-7.903089986991944
160543.751	25	0.895	-7.903089986991944
161841.0	25	0.9	-7.903089986991944
162829.925	25	0.905	-7.903089986991944
163342.55	25	0.91	-7.903089986991944
164164.131	25	0.915	-7.903089986991944
164671.634	25	0.92	-7.903089986991944
166480.625	25	0.925	-7.903089986991944
167405.55	25	0.93	-7.903089986991944
168349.88	25	0.935	-7.903089986991944
170783.429	25	0.94	-7.903089986991944
172526.25	25	0.945	-7.903089986991944
174257.5	25	0.95	-7.903089986991944
175414.807	25	0.955	-7.903089986991944
176403.91	25	0.96	-7.903089986991944
178324.844	25	0.965	-7.903089986991944
179328.5	25	0.97	-7.903089986991944
180034.375	25	0.975	-7.903089986991944
181614.071	25	0.98	-7.903089986991944
185221.325	25	0.985	-7.903089986991944
186518.5	25	0.99	-7.903089986991944
194631.92	25	0.995	-7.903089986991944
145287.708	50	0.5	-7.903089986991944
145522.075	50	0.505	-7.903089986991944
145724.251	50	0.51	-7.903089986991944
146216.591	50	0.515	-7.903089986991944
146350.48	50	0.52	-7.903089986991944
146517.629	50	0.525	-7.903089986991944
146974.517	50	0.53	-7.903089986991944
147209.518	50	0.535	-7.903089986991944
147431.98	50	0.54	-7.903089986991944
147649.874	50	0.545	-7.903089986991944
147967.35	50	0.55	-7.903089986991944
148606.066	50	0.555	-7.903089986991944
148903.594	50	0.56	-7.903089986991944
149396.209	50	0.565	-7.903089986991944
149534.327	50	0.57	-7.903089986991944
149739.828	50	0.575	-7.903089986991944
149951.032	50	0.58	-7.903089986991944
150091.388	50	0.585	-7.903089986991944
150324.995	50	0.59	-7.903089986991944
150740.652	50	0.595	-7.903089986991944
151034.352	50	0.6	-7.903089986991944
151230.201	50	0.605	-7.903089986991944
151334.669	50	0.61	-7.903089986991944
151499.3	50	0.615	-7.903089986991944
151939.22	50	0.62	-7.903089986991944
152315.181	50	0.625	-7.903089986991944
152625.743	50	0.63	-7.903089986991944
152905.41	50	0.635	-7.903089986991944
153215.133	50	0.64	-7.903089986991944
153292.083	50	0.645	-7.903089986991944
153545.544	50	0.65	-7.903089986991944
153890.91	50	0.655	-7.903089986991944
154044.456	50	0.66	-7.903089986991944
154462.103	50	0.665	-7.903089986991944
154715.791	50	0.67	-7.903089986991944
154999.191	50	0.675	-7.903089986991944
155322.324	50	0.68	-7.903089986991944
155629.534	50	0.685	-7.903089986991944
155748.654	50	0.69	-7.903089986991944
156123.469	50	0.695	-7.903089986991944
156299.657	50	0.7	-7.903089986991944
156738.514	50	0.705	-7.903089986991944
156918.625	50	0.71	-7.903089986991944
157181.194	50	0.715	-7.903089986991944
157476.651	50	0.72	-7.903089986991944
157761.908	50	0.725	-7.903089986991944
158239.933	50	0.73	-7.903089986991944
158612.246	50	0.735	-7.903089986991944
159010.741	50	0.74	-7.903089986991944
159401.73	50	0.745	-7.903089986991944
159653.077	50	0.75	-7.903089986991944
159926.154	50	0.755	-7.903089986991944
160168.387	50	0.76	-7.903089986991944
160445.357	50	0.765	-7.903089986991944
160892.986	50	0.77	-7.903089986991944
161273.64	50	0.775	-7.903089986991944
162013.806	50	0.78	-7.903089986991944
162576.853	50	0.785	-7.903089986991944
162924.796	50	0.79	-7.903089986991944
163696.669	50	0.795	-7.903089986991944
164024.831	50	0.8	-7.903089986991944
164706.668	50	0.805	-7.903089986991944
164949.617	50	0.81	-7.903089986991944
165579.094	50	0.815	-7.903089986991944
165788.512	50	0.82	-7.903089986991944
166398.7	50	0.825	-7.903089986991944
166912.873	50	0.83	-7.903089986991944
167139.333	50	0.835	-7.903089986991944
167946.817	50	0.84	-7.903089986991944
169153.399	50	0.845	-7.903089986991944
169589.904	50	0.85	-7.903089986991944
170225.158	50	0.855	-7.903089986991944
170390.633	50	0.86	-7.903089986991944
171099.178	50	0.865	-7.903089986991944
171943.494	50	0.87	-7.903089986991944
172355.272	50	0.875	-7.903089986991944
173002.738	50	0.88	-7.903089986991944
173518.342	50	0.885	-7.903089986991944
174041.982	50	0.89	-7.903089986991944
174696.709	50	0.895	-7.903089986991944
175019.11	50	0.9	-7.903089986991944
175664.036	50	0.905	-7.903089986991944
176520.822	50	0.91	-7.903089986991944
177204.808	50	0.915	-7.903089986991944
178315.608	50	0.92	-7.903089986991944
179078.3	50	0.925	-7.903089986991944
179927.535	50	0.93	-7.903089986991944
181171.617	50	0.935	-7.903089986991944
182629.775	50	0.94	-7.903089986991944
184341.55	50	0.945	-7.903089986991944
186611.812	50	0.95	-7.903089986991944
188510.972	50	0.955	-7.903089986991944
190227.549	50	0.96	-7.903089986991944
192405.486	50	0.965	-7.903089986991944
193359.931	50	0.97	-7.903089986991944
195504.117	50	0.975	-7.903089986991944
199807.936	50	0.98	-7.903089986991944
205511.892	50	0.985	-7.903089986991944
213599.343	50	0.99	-7.903089986991944
233274.98	50	0.995	-7.903089986991944
166762.755	75	0.5	-7.903089986991944
166993.086	75	0.505	-7.903089986991944
167367.527	75	0.51	-7.903089986991944
167554.012	75	0.515	-7.903089986991944
167744.188	75	0.52	-7.903089986991944
168150.532	75	0.525	-7.903089986991944
168502.977	75	0.53	-7.903089986991944
169001.004	75	0.535	-7.903089986991944
169486.105	75	0.54	-7.903089986991944
169700.741	75	0.545	-7.903089986991944
169986.468	75	0.55	-7.903089986991944
170182.553	75	0.555	-7.903089986991944
170525.581	75	0.56	-7.903089986991944
170653.475	75	0.565	-7.903089986991944
171099.148	75	0.57	-7.903089986991944
171317.234	75	0.575	-7.903089986991944
171483.076	75	0.58	-7.903089986991944
171722.709	75	0.585	-7.903089986991944
171978.801	75	0.59	-7.903089986991944
172121.29	75	0.595	-7.903089986991944
172370.829	75	0.6	-7.903089986991944
173095.665	75	0.605	-7.903089986991944
173381.551	75	0.61	-7.903089986991944
173587.42	75	0.615	-7.903089986991944
173740.091	75	0.62	-7.903089986991944
173991.662	75	0.625	-7.903089986991944
174192.529	75	0.63	-7.903089986991944
174439.78	75	0.635	-7.903089986991944
174796.89	75	0.64	-7.903089986991944
174905.41	75	0.645	-7.903089986991944
175200.121	75	0.65	-7.903089986991944
175405.302	75	0.655	-7.903089986991944
175665.014	75	0.66	-7.903089986991944
175892.895	75	0.665	-7.903089986991944
176004.514	75	0.67	-7.903089986991944
176385.905	75	0.675	-7.903089986991944
176840.17	75	0.68	-7.903089986991944
177038.282	75	0.685	-7.903089986991944
177387.986	75	0.69	-7.903089986991944
177757.975	75	0.695	-7.903089986991944
178150.508	75	0.7	-7.903089986991944
178355.078	75	0.705	-7.903089986991944
178508.043	75	0.71	-7.903089986991944
178728.405	75	0.715	-7.903089986991944
179024.846	75	0.72	-7.903089986991944
179287.649	75	0.725	-7.903089986991944
179749.634	75	0.73	-7.903089986991944
180150.337	75	0.735	-7.903089986991944
180672.899	75	0.74	-7.903089986991944
181009.508	75	0.745	-7.903089986991944
181406.821	75	0.75	-7.903089986991944
181660.135	75	0.755	-7.903089986991944
181983.274	75	0.76	-7.903089986991944
182968.215	75	0.765	-7.903089986991944
183281.904	75	0.77	-7.903089986991944
183637.01	75	0.775	-7.903089986991944
184076.543	75	0.78	-7.903089986991944
184300.416	75	0.785	-7.903089986991944
184596.751	75	0.79	-7.903089986991944
185237.036	75	0.795	-7.903089986991944
185667.157	75	0.8	-7.903089986991944
185924.11	75	0.805	-7.903089986991944
186120.377	75	0.81	-7.903089986991944
186682.812	75	0.815	-7.903089986991944
187171.617	75	0.82	-7.903089986991944
187587.536	75	0.825	-7.903089986991944
187950.594	75	0.83	-7.903089986991944
188330.39	75	0.835	-7.903089986991944
188814.052	75	0.84	-7.903089986991944
189555.857	75	0.845	-7.903089986991944
190101.071	75	0.85	-7.903089986991944
190958.612	75	0.855	-7.903089986991944
191411.504	75	0.86	-7.903089986991944
192137.381	75	0.865	-7.903089986991944
192524.124	75	0.87	-7.903089986991944
193179.033	75	0.875	-7.903089986991944
193606.483	75	0.88	-7.903089986991944
194056.485	75	0.885	-7.903089986991944
195236.613	75	0.89	-7.903089986991944
196088.877	75	0.895	-7.903089986991944
196947.364	75	0.9	-7.903089986991944
197861.986	75	0.905	-7.903089986991944
199355.971	75	0.91	-7.903089986991944
199853.452	75	0.915	-7.903089986991944
200417.463	75	0.92	-7.903089986991944
201257.263	75	0.925	-7.903089986991944
203250.036	75	0.93	-7.903089986991944
204199.305	75	0.935	-7.903089986991944
204536.035	75	0.94	-7.903089986991944
205595.421	75	0.945	-7.903089986991944
206976.007	75	0.95	-7.903089986991944
208050.969	75	0.955	-7.903089986991944
209744.286	75	0.96	-7.903089986991944
211082.523	75	0.965	-7.903089986991944
212459.829	75	0.97	-7.903089986991944
217232.716	75	0.975	-7.903089986991944
220940.887	75	0.98	-7.903089986991944
230720.967	75	0.985	-7.903089986991944
241004.722	75	0.99	-7.903089986991944
269051.347	75	0.995	-7.903089986991944
188042.214	100	0.5	-7.903089986991944
188131.257	100	0.505	-7.903089986991944
188428.591	100	0.51	-7.903089986991944
188636.032	100	0.515	-7.903089986991944
188772.686	100	0.52	-7.903089986991944
188922.239	100	0.525	-7.903089986991944
189157.373	100	0.53	-7.903089986991944
189269.8	100	0.535	-7.903089986991944
189465.947	100	0.54	-7.903089986991944
190080.561	100	0.545	-7.903089986991944
190475.277	100	0.55	-7.903089986991944
190700.676	100	0.555	-7.903089986991944
190883.418	100	0.56	-7.903089986991944
191137.431	100	0.565	-7.903089986991944
191329.914	100	0.57	-7.903089986991944
191780.173	100	0.575	-7.903089986991944
191900.457	100	0.58	-7.903089986991944
192306.323	100	0.585	-7.903089986991944
192455.965	100	0.59	-7.903089986991944
192639.729	100	0.595	-7.903089986991944
192923.729	100	0.6	-7.903089986991944
193248.464	100	0.605	-7.903089986991944
193554.954	100	0.61	-7.903089986991944
193783.734	100	0.615	-7.903089986991944
193990.993	100	0.62	-7.903089986991944
194328.921	100	0.625	-7.903089986991944
194712.806	100	0.63	-7.903089986991944
194988.194	100	0.635	-7.903089986991944
195362.583	100	0.64	-7.903089986991944
195549.621	100	0.645	-7.903089986991944
195860.761	100	0.65	-7.903089986991944
195945.864	100	0.655	-7.903089986991944
196265.297	100	0.66	-7.903089986991944
196743.884	100	0.665	-7.903089986991944
196960.763	100	0.67	-7.903089986991944
197091.038	100	0.675	-7.903089986991944
197243.726	100	0.68	-7.903089986991944
197395.214	100	0.685	-7.903089986991944
197722.113	100	0.69	-7.903089986991944
198018.522	100	0.695	-7.903089986991944
198136.0	100	0.7	-7.903089986991944
198389.352	100	0.705	-7.903089986991944
198965.349	100	0.71	-7.903089986991944
199227.402	100	0.715	-7.903089986991944
199515.01	100	0.72	-7.903089986991944
199758.595	100	0.725	-7.903089986991944
200024.219	100	0.73	-7.903089986991944
200714.679	100	0.735	-7.903089986991944
201144.539	100	0.74	-7.903089986991944
201300.165	100	0.745	-7.903089986991944
201909.661	100	0.75	-7.903089986991944
202424.143	100	0.755	-7.903089986991944
202614.202	100	0.76	-7.903089986991944
203033.667	100	0.765	-7.903089986991944
203466.129	100	0.77	-7.903089986991944
203674.799	100	0.775	-7.903089986991944
204055.821	100	0.78	-7.903089986991944
204300.802	100	0.785	-7.903089986991944
204763.015	100	0.79	-7.903089986991944
205325.683	100	0.795	-7.903089986991944
205645.5	100	0.8	-7.903089986991944
205843.313	100	0.805	-7.903089986991944
206823.743	100	0.81	-7.903089986991944
207151.487	100	0.815	-7.903089986991944
207531.781	100	0.82	-7.903089986991944
208000.679	100	0.825	-7.903089986991944
208400.729	100	0.83	-7.903089986991944
208666.659	100	0.835	-7.903089986991944
209172.217	100	0.84	-7.903089986991944
209459.881	100	0.845	-7.903089986991944
210019.021	100	0.85	-7.903089986991944
210621.062	100	0.855	-7.903089986991944
211304.463	100	0.86	-7.903089986991944
211662.896	100	0.865	-7.903089986991944
212224.592	100	0.87	-7.903089986991944
212789.292	100	0.875	-7.903089986991944
213262.233	100	0.88	-7.903089986991944
214096.343	100	0.885	-7.903089986991944
214918.836	100	0.89	-7.903089986991944
215356.7	100	0.895	-7.903089986991944
216203.062	100	0.9	-7.903089986991944
216674.372	100	0.905	-7.903089986991944
217085.67	100	0.91	-7.903089986991944
218422.364	100	0.915	-7.903089986991944
219227.58	100	0.92	-7.903089986991944
220916.112	100	0.925	-7.903089986991944
222187.858	100	0.93	-7.903089986991944
223205.034	100	0.935	-7.903089986991944
224282.719	100	0.94	-7.903089986991944
225539.657	100	0.945	-7.903089986991944
227845.932	100	0.95	-7.903089986991944
228931.557	100	0.955	-7.903089986991944
229865.143	100	0.96	-7.903089986991944
231839.345	100	0.965	-7.903089986991944
235996.671	100	0.97	-7.903089986991944
239039.075	100	0.975	-7.903089986991944
242197.28	100	0.98	-7.903089986991944
249944.158	100	0.985	-7.903089986991944
270045.368	100	0.99	-7.903089986991944
318152.043	100	0.995	-7.903089986991944
206773.036	125	0.5	-7.903089986991944
207033.357	125	0.505	-7.903089986991944
207243.308	125	0.51	-7.903089986991944
207604.535	125	0.515	-7.903089986991944
207780.223	125	0.52	-7.903089986991944
208102.714	125	0.525	-7.903089986991944
208315.299	125	0.53	-7.903089986991944
208575.288	125	0.535	-7.903089986991944
208665.976	125	0.54	-7.903089986991944
208869.718	125	0.545	-7.903089986991944
209374.539	125	0.55	-7.903089986991944
209688.681	125	0.555	-7.903089986991944
209994.857	125	0.56	-7.903089986991944
210339.643	125	0.565	-7.903089986991944
210461.677	125	0.57	-7.903089986991944
210886.78	125	0.575	-7.903089986991944
211206.341	125	0.58	-7.903089986991944
211448.599	125	0.585	-7.903089986991944
211804.286	125	0.59	-7.903089986991944
211883.801	125	0.595	-7.903089986991944
212075.571	125	0.6	-7.903089986991944
212420.506	125	0.605	-7.903089986991944
212766.599	125	0.61	-7.903089986991944
213150.828	125	0.615	-7.903089986991944
213317.794	125	0.62	-7.903089986991944
213518.777	125	0.625	-7.903089986991944
213710.908	125	0.63	-7.903089986991944
214101.174	125	0.635	-7.903089986991944
214584.4	125	0.64	-7.903089986991944
215151.774	125	0.645	-7.903089986991944
215540.5	125	0.65	-7.903089986991944
215751.483	125	0.655	-7.903089986991944
216169.159	125	0.66	-7.903089986991944
216284.952	125	0.665	-7.903089986991944
216557.543	125	0.67	-7.903089986991944
216768.429	125	0.675	-7.903089986991944
216954.16	125	0.68	-7.903089986991944
217391.692	125	0.685	-7.903089986991944
217676.5	125	0.69	-7.903089986991944
217822.243	125	0.695	-7.903089986991944
218045.879	125	0.7	-7.903089986991944
218207.194	125	0.705	-7.903089986991944
218391.222	125	0.71	-7.903089986991944
218838.345	125	0.715	-7.903089986991944
219062.737	125	0.72	-7.903089986991944
219445.504	125	0.725	-7.903089986991944
220076.689	125	0.73	-7.903089986991944
220495.738	125	0.735	-7.903089986991944
220711.604	125	0.74	-7.903089986991944
220821.468	125	0.745	-7.903089986991944
221068.161	125	0.75	-7.903089986991944
221324.883	125	0.755	-7.903089986991944
221832.457	125	0.76	-7.903089986991944
222184.45	125	0.765	-7.903089986991944
222453.729	125	0.77	-7.903089986991944
222671.539	125	0.775	-7.903089986991944
223130.943	125	0.78	-7.903089986991944
223389.811	125	0.785	-7.903089986991944
223717.143	125	0.79	-7.903089986991944
223976.285	125	0.795	-7.903089986991944
224513.714	125	0.8	-7.903089986991944
225091.641	125	0.805	-7.903089986991944
225552.132	125	0.81	-7.903089986991944
226032.742	125	0.815	-7.903089986991944
226630.559	125	0.82	-7.903089986991944
226835.143	125	0.825	-7.903089986991944
227212.196	125	0.83	-7.903089986991944
227531.121	125	0.835	-7.903089986991944
228106.629	125	0.84	-7.903089986991944
228776.36	125	0.845	-7.903089986991944
229378.643	125	0.85	-7.903089986991944
229682.364	125	0.855	-7.903089986991944
230013.53	125	0.86	-7.903089986991944
230207.871	125	0.865	-7.903089986991944
230721.595	125	0.87	-7.903089986991944
232043.036	125	0.875	-7.903089986991944
232177.865	125	0.88	-7.903089986991944
233428.492	125	0.885	-7.903089986991944
234932.809	125	0.89	-7.903089986991944
235255.951	125	0.895	-7.903089986991944
236138.22	125	0.9	-7.903089986991944
236863.649	125	0.905	-7.903089986991944
237828.929	125	0.91	-7.903089986991944
239004.799	125	0.915	-7.903089986991944
239875.829	125	0.92	-7.903089986991944
240387.266	125	0.925	-7.903089986991944
241692.209	125	0.93	-7.903089986991944
242527.657	125	0.935	-7.903089986991944
244857.749	125	0.94	-7.903089986991944
245477.868	125	0.945	-7.903089986991944
247592.289	125	0.95	-7.903089986991944
248640.483	125	0.955	-7.903089986991944
250613.401	125	0.96	-7.903089986991944
251975.792	125	0.965	-7.903089986991944
253664.869	125	0.97	-7.903089986991944
264222.68	125	0.975	-7.903089986991944
266756.659	125	0.98	-7.903089986991944
273916.141	125	0.985	-7.903089986991944
281743.775	125	0.99	-7.903089986991944
314898.693	125	0.995	-7.903089986991944
222647.893	150	0.5	-7.903089986991944
222881.542	150	0.505	-7.903089986991944
223154.364	150	0.51	-7.903089986991944
223503.919	150	0.515	-7.903089986991944
223894.0	150	0.52	-7.903089986991944
224101.321	150	0.525	-7.903089986991944
224289.314	150	0.53	-7.903089986991944
224573.014	150	0.535	-7.903089986991944
224792.061	150	0.54	-7.903089986991944
224976.99	150	0.545	-7.903089986991944
225288.489	150	0.55	-7.903089986991944
225613.796	150	0.555	-7.903089986991944
225754.571	150	0.56	-7.903089986991944
226240.507	150	0.565	-7.903089986991944
226661.341	150	0.57	-7.903089986991944
226918.245	150	0.575	-7.903089986991944
227132.645	150	0.58	-7.903089986991944
227540.783	150	0.585	-7.903089986991944
227774.844	150	0.59	-7.903089986991944
228104.092	150	0.595	-7.903089986991944
228350.086	150	0.6	-7.903089986991944
228568.159	150	0.605	-7.903089986991944
228726.072	150	0.61	-7.903089986991944
228969.895	150	0.615	-7.903089986991944
229501.011	150	0.62	-7.903089986991944
229842.768	150	0.625	-7.903089986991944
230083.429	150	0.63	-7.903089986991944
230310.95	150	0.635	-7.903089986991944
230781.803	150	0.64	-7.903089986991944
231011.634	150	0.645	-7.903089986991944
231226.214	150	0.65	-7.903089986991944
231499.707	150	0.655	-7.903089986991944
231676.314	150	0.66	-7.903089986991944
231959.212	150	0.665	-7.903089986991944
232445.63	150	0.67	-7.903089986991944
232614.082	150	0.675	-7.903089986991944
233056.757	150	0.68	-7.903089986991944
233285.499	150	0.685	-7.903089986991944
233478.156	150	0.69	-7.903089986991944
233753.414	150	0.695	-7.903089986991944
233913.4	150	0.7	-7.903089986991944
234087.05	150	0.705	-7.903089986991944
234226.149	150	0.71	-7.903089986991944
234619.057	150	0.715	-7.903089986991944
234884.42	150	0.72	-7.903089986991944
235272.512	150	0.725	-7.903089986991944
235587.671	150	0.73	-7.903089986991944
236378.614	150	0.735	-7.903089986991944
237099.471	150	0.74	-7.903089986991944
237381.321	150	0.745	-7.903089986991944
237620.196	150	0.75	-7.903089986991944
237968.575	150	0.755	-7.903089986991944
238539.16	150	0.76	-7.903089986991944
238939.296	150	0.765	-7.903089986991944
239072.859	150	0.77	-7.903089986991944
239343.766	150	0.775	-7.903089986991944
239604.114	150	0.78	-7.903089986991944
239956.797	150	0.785	-7.903089986991944
240632.344	150	0.79	-7.903089986991944
240964.408	150	0.795	-7.903089986991944
241906.629	150	0.8	-7.903089986991944
242606.686	150	0.805	-7.903089986991944
242995.129	150	0.81	-7.903089986991944
243195.887	150	0.815	-7.903089986991944
243571.745	150	0.82	-7.903089986991944
244190.227	150	0.825	-7.903089986991944
244470.716	150	0.83	-7.903089986991944
245078.038	150	0.835	-7.903089986991944
245220.266	150	0.84	-7.903089986991944
245698.78	150	0.845	-7.903089986991944
246213.511	150	0.85	-7.903089986991944
246614.464	150	0.855	-7.903089986991944
247473.69	150	0.86	-7.903089986991944
248401.564	150	0.865	-7.903089986991944
248864.21	150	0.87	-7.903089986991944
249289.652	150	0.875	-7.903089986991944
249928.417	150	0.88	-7.903089986991944
250335.829	150	0.885	-7.903089986991944
251080.636	150	0.89	-7.903089986991944
252561.636	150	0.895	-7.903089986991944
254543.029	150	0.9	-7.903089986991944
255622.843	150	0.905	-7.903089986991944
256489.138	150	0.91	-7.903089986991944
257308.007	150	0.915	-7.903089986991944
258650.006	150	0.92	-7.903089986991944
259468.821	150	0.925	-7.903089986991944
260884.556	150	0.93	-7.903089986991944
261526.145	150	0.935	-7.903089986991944
263935.886	150	0.94	-7.903089986991944
264950.553	150	0.945	-7.903089986991944
266309.261	150	0.95	-7.903089986991944
269550.482	150	0.955	-7.903089986991944
272453.603	150	0.96	-7.903089986991944
273755.881	150	0.965	-7.903089986991944
277796.343	150	0.97	-7.903089986991944
281262.964	150	0.975	-7.903089986991944
291573.371	150	0.98	-7.903089986991944
300805.219	150	0.985	-7.903089986991944
327949.959	150	0.99	-7.903089986991944
372253.947	150	0.995	-7.903089986991944
235970.821	175	0.5	-7.903089986991944
236170.772	175	0.505	-7.903089986991944
236451.794	175	0.51	-7.903089986991944
236689.465	175	0.515	-7.903089986991944
236936.629	175	0.52	-7.903089986991944
237302.602	175	0.525	-7.903089986991944
237406.276	175	0.53	-7.903089986991944
237794.371	175	0.535	-7.903089986991944
238068.096	175	0.54	-7.903089986991944
238380.464	175	0.545	-7.903089986991944
238788.025	175	0.55	-7.903089986991944
239167.643	175	0.555	-7.903089986991944
239397.106	175	0.56	-7.903089986991944
239649.935	175	0.565	-7.903089986991944
239817.929	175	0.57	-7.903089986991944
240092.429	175	0.575	-7.903089986991944
240286.743	175	0.58	-7.903089986991944
240367.546	175	0.585	-7.903089986991944
240583.771	175	0.59	-7.903089986991944
240800.65	175	0.595	-7.903089986991944
241213.514	175	0.6	-7.903089986991944
241374.056	175	0.605	-7.903089986991944
241641.884	175	0.61	-7.903089986991944
242318.294	175	0.615	-7.903089986991944
242691.786	175	0.62	-7.903089986991944
242971.25	175	0.625	-7.903089986991944
243137.916	175	0.63	-7.903089986991944
243451.179	175	0.635	-7.903089986991944
243768.549	175	0.64	-7.903089986991944
244026.314	175	0.645	-7.903089986991944
244246.121	175	0.65	-7.903089986991944
244497.178	175	0.655	-7.903089986991944
244998.133	175	0.66	-7.903089986991944
245283.836	175	0.665	-7.903089986991944
245377.928	175	0.67	-7.903089986991944
245621.238	175	0.675	-7.903089986991944
245711.789	175	0.68	-7.903089986991944
246218.235	175	0.685	-7.903089986991944
246376.635	175	0.69	-7.903089986991944
246675.128	175	0.695	-7.903089986991944
247131.079	175	0.7	-7.903089986991944
247400.328	175	0.705	-7.903089986991944
247572.273	175	0.71	-7.903089986991944
247946.893	175	0.715	-7.903089986991944
248344.171	175	0.72	-7.903089986991944
248504.693	175	0.725	-7.903089986991944
248793.81	175	0.73	-7.903089986991944
249066.482	175	0.735	-7.903089986991944
249306.986	175	0.74	-7.903089986991944
249471.85	175	0.745	-7.903089986991944
249880.786	175	0.75	-7.903089986991944
250647.413	175	0.755	-7.903089986991944
251125.537	175	0.76	-7.903089986991944
251597.121	175	0.765	-7.903089986991944
251851.882	175	0.77	-7.903089986991944
252224.332	175	0.775	-7.903089986991944
252454.999	175	0.78	-7.903089986991944
252872.679	175	0.785	-7.903089986991944
253556.129	175	0.79	-7.903089986991944
254191.844	175	0.795	-7.903089986991944
254463.714	175	0.8	-7.903089986991944
254891.879	175	0.805	-7.903089986991944
255269.544	175	0.81	-7.903089986991944
256035.294	175	0.815	-7.903089986991944
256765.217	175	0.82	-7.903089986991944
257098.827	175	0.825	-7.903089986991944
257739.335	175	0.83	-7.903089986991944
258304.99	175	0.835	-7.903089986991944
258567.54	175	0.84	-7.903089986991944
259003.986	175	0.845	-7.903089986991944
259729.346	175	0.85	-7.903089986991944
260060.449	175	0.855	-7.903089986991944
260677.233	175	0.86	-7.903089986991944
261284.069	175	0.865	-7.903089986991944
261787.243	175	0.87	-7.903089986991944
262658.58	175	0.875	-7.903089986991944
263981.911	175	0.88	-7.903089986991944
264355.378	175	0.885	-7.903089986991944
265102.564	175	0.89	-7.903089986991944
266823.992	175	0.895	-7.903089986991944
267990.771	175	0.9	-7.903089986991944
268489.791	175	0.905	-7.903089986991944
269396.921	175	0.91	-7.903089986991944
271480.143	175	0.915	-7.903089986991944
273123.617	175	0.92	-7.903089986991944
274331.066	175	0.925	-7.903089986991944
275571.214	175	0.93	-7.903089986991944
278508.395	175	0.935	-7.903089986991944
281284.629	175	0.94	-7.903089986991944
284030.232	175	0.945	-7.903089986991944
286355.56	175	0.95	-7.903089986991944
287595.286	175	0.955	-7.903089986991944
289391.326	175	0.96	-7.903089986991944
291686.19	175	0.965	-7.903089986991944
302528.682	175	0.97	-7.903089986991944
311705.036	175	0.975	-7.903089986991944
319776.493	175	0.98	-7.903089986991944
331488.01	175	0.985	-7.903089986991944
341384.301	175	0.99	-7.903089986991944
388679.473	175	0.995	-7.903089986991944
251638.536	200	0.5	-7.903089986991944
251893.005	200	0.505	-7.903089986991944
252074.97	200	0.51	-7.903089986991944
252201.279	200	0.515	-7.903089986991944
252531.58	200	0.52	-7.903089986991944
252774.961	200	0.525	-7.903089986991944
253023.348	200	0.53	-7.903089986991944
253395.243	200	0.535	-7.903089986991944
253487.429	200	0.54	-7.903089986991944
253659.939	200	0.545	-7.903089986991944
253837.104	200	0.55	-7.903089986991944
254406.395	200	0.555	-7.903089986991944
254937.377	200	0.56	-7.903089986991944
255362.088	200	0.565	-7.903089986991944
255494.692	200	0.57	-7.903089986991944
255775.082	200	0.575	-7.903089986991944
255983.316	200	0.58	-7.903089986991944
256184.893	200	0.585	-7.903089986991944
256410.616	200	0.59	-7.903089986991944
256790.208	200	0.595	-7.903089986991944
256937.257	200	0.6	-7.903089986991944
257035.735	200	0.605	-7.903089986991944
257268.415	200	0.61	-7.903089986991944
257497.339	200	0.615	-7.903089986991944
257754.486	200	0.62	-7.903089986991944
257982.625	200	0.625	-7.903089986991944
258246.929	200	0.63	-7.903089986991944
258661.336	200	0.635	-7.903089986991944
258924.571	200	0.64	-7.903089986991944
259264.288	200	0.645	-7.903089986991944
259334.879	200	0.65	-7.903089986991944
259463.335	200	0.655	-7.903089986991944
259601.761	200	0.66	-7.903089986991944
259831.283	200	0.665	-7.903089986991944
260165.524	200	0.67	-7.903089986991944
260306.084	200	0.675	-7.903089986991944
260533.623	200	0.68	-7.903089986991944
261052.815	200	0.685	-7.903089986991944
261421.021	200	0.69	-7.903089986991944
261720.758	200	0.695	-7.903089986991944
261995.421	200	0.7	-7.903089986991944
262269.078	200	0.705	-7.903089986991944
262564.801	200	0.71	-7.903089986991944
262746.758	200	0.715	-7.903089986991944
263487.334	200	0.72	-7.903089986991944
263857.354	200	0.725	-7.903089986991944
263991.157	200	0.73	-7.903089986991944
264306.833	200	0.735	-7.903089986991944
264694.514	200	0.74	-7.903089986991944
265445.949	200	0.745	-7.903089986991944
266042.982	200	0.75	-7.903089986991944
266467.985	200	0.755	-7.903089986991944
266873.171	200	0.76	-7.903089986991944
267241.826	200	0.765	-7.903089986991944
267534.457	200	0.77	-7.903089986991944
268107.782	200	0.775	-7.903089986991944
268585.701	200	0.78	-7.903089986991944
269047.879	200	0.785	-7.903089986991944
269215.314	200	0.79	-7.903089986991944
269559.285	200	0.795	-7.903089986991944
270007.771	200	0.8	-7.903089986991944
270607.408	200	0.805	-7.903089986991944
271130.811	200	0.81	-7.903089986991944
271646.895	200	0.815	-7.903089986991944
271962.401	200	0.82	-7.903089986991944
272724.191	200	0.825	-7.903089986991944
273259.988	200	0.83	-7.903089986991944
273637.555	200	0.835	-7.903089986991944
274139.657	200	0.84	-7.903089986991944
274981.771	200	0.845	-7.903089986991944
275745.346	200	0.85	-7.903089986991944
276393.189	200	0.855	-7.903089986991944
276941.71	200	0.86	-7.903089986991944
277786.098	200	0.865	-7.903089986991944
278316.634	200	0.87	-7.903089986991944
278726.616	200	0.875	-7.903089986991944
279567.666	200	0.88	-7.903089986991944
280793.331	200	0.885	-7.903089986991944
281394.324	200	0.89	-7.903089986991944
282407.422	200	0.895	-7.903089986991944
283512.15	200	0.9	-7.903089986991944
284644.914	200	0.905	-7.903089986991944
285536.083	200	0.91	-7.903089986991944
286816.94	200	0.915	-7.903089986991944
287773.991	200	0.92	-7.903089986991944
289102.75	200	0.925	-7.903089986991944
291183.036	200	0.93	-7.903089986991944
293386.371	200	0.935	-7.903089986991944
296873.179	200	0.94	-7.903089986991944
299279.285	200	0.945	-7.903089986991944
303040.168	200	0.95	-7.903089986991944
304847.493	200	0.955	-7.903089986991944
306568.857	200	0.96	-7.903089986991944
309322.998	200	0.965	-7.903089986991944
315359.828	200	0.97	-7.903089986991944
316837.714	200	0.975	-7.903089986991944
330584.829	200	0.98	-7.903089986991944
345380.005	200	0.985	-7.903089986991944
359513.153	200	0.99	-7.903089986991944
396760.379	200	0.995	-7.903089986991944
263910.786	225	0.5	-7.903089986991944
264337.443	225	0.505	-7.903089986991944
264544.459	225	0.51	-7.903089986991944
264916.249	225	0.515	-7.903089986991944
265260.343	225	0.52	-7.903089986991944
265543.002	225	0.525	-7.903089986991944
265997.78	225	0.53	-7.903089986991944
266250.663	225	0.535	-7.903089986991944
266600.573	225	0.54	-7.903089986991944
266830.944	225	0.545	-7.903089986991944
267296.468	225	0.55	-7.903089986991944
267910.0	225	0.555	-7.903089986991944
268235.974	225	0.56	-7.903089986991944
268382.502	225	0.565	-7.903089986991944
268698.669	225	0.57	-7.903089986991944
269350.648	225	0.575	-7.903089986991944
269570.327	225	0.58	-7.903089986991944
269739.991	225	0.585	-7.903089986991944
270052.472	225	0.59	-7.903089986991944
270647.099	225	0.595	-7.903089986991944
271112.843	225	0.6	-7.903089986991944
271526.807	225	0.605	-7.903089986991944
271654.759	225	0.61	-7.903089986991944
271996.075	225	0.615	-7.903089986991944
272421.236	225	0.62	-7.903089986991944
272810.714	225	0.625	-7.903089986991944
273173.857	225	0.63	-7.903089986991944
273375.917	225	0.635	-7.903089986991944
273584.846	225	0.64	-7.903089986991944
273909.824	225	0.645	-7.903089986991944
274294.143	225	0.65	-7.903089986991944
274584.968	225	0.655	-7.903089986991944
275342.833	225	0.66	-7.903089986991944
275652.581	225	0.665	-7.903089986991944
275922.686	225	0.67	-7.903089986991944
276134.236	225	0.675	-7.903089986991944
276453.943	225	0.68	-7.903089986991944
276663.935	225	0.685	-7.903089986991944
277231.522	225	0.69	-7.903089986991944
277524.62	225	0.695	-7.903089986991944
277918.0	225	0.7	-7.903089986991944
278261.171	225	0.705	-7.903089986991944
278420.364	225	0.71	-7.903089986991944
278784.708	225	0.715	-7.903089986991944
279253.22	225	0.72	-7.903089986991944
279639.821	225	0.725	-7.903089986991944
279985.857	225	0.73	-7.903089986991944
280166.341	225	0.735	-7.903089986991944
280694.057	225	0.74	-7.903089986991944
281163.821	225	0.745	-7.903089986991944
281507.536	225	0.75	-7.903089986991944
281988.194	225	0.755	-7.903089986991944
282283.56	225	0.76	-7.903089986991944
283011.002	225	0.765	-7.903089986991944
283531.531	225	0.77	-7.903089986991944
283894.857	225	0.775	-7.903089986991944
284156.636	225	0.78	-7.903089986991944
284530.099	225	0.785	-7.903089986991944
285072.542	225	0.79	-7.903089986991944
285723.636	225	0.795	-7.903089986991944
286146.914	225	0.8	-7.903089986991944
286735.4	225	0.805	-7.903089986991944
287059.058	225	0.81	-7.903089986991944
287640.721	225	0.815	-7.903089986991944
288091.771	225	0.82	-7.903089986991944
288482.952	225	0.825	-7.903089986991944
289641.074	225	0.83	-7.903089986991944
290134.391	225	0.835	-7.903089986991944
290715.486	225	0.84	-7.903089986991944
291202.536	225	0.845	-7.903089986991944
291716.0	225	0.85	-7.903089986991944
292301.875	225	0.855	-7.903089986991944
292838.299	225	0.86	-7.903089986991944
293570.014	225	0.865	-7.903089986991944
294218.581	225	0.87	-7.903089986991944
295415.955	225	0.875	-7.903089986991944
296589.286	225	0.88	-7.903089986991944
297618.138	225	0.885	-7.903089986991944
298384.922	225	0.89	-7.903089986991944
298957.231	225	0.895	-7.903089986991944
300708.207	225	0.9	-7.903089986991944
301863.179	225	0.905	-7.903089986991944
303787.113	225	0.91	-7.903089986991944
305563.187	225	0.915	-7.903089986991944
307966.743	225	0.92	-7.903089986991944
310139.75	225	0.925	-7.903089986991944
313497.743	225	0.93	-7.903089986991944
314507.7	225	0.935	-7.903089986991944
316908.414	225	0.94	-7.903089986991944
320070.653	225	0.945	-7.903089986991944
322128.918	225	0.95	-7.903089986991944
326874.054	225	0.955	-7.903089986991944
331412.746	225	0.96	-7.903089986991944
337745.107	225	0.965	-7.903089986991944
349564.144	225	0.97	-7.903089986991944
357514.72	225	0.975	-7.903089986991944
366952.146	225	0.98	-7.903089986991944
380394.893	225	0.985	-7.903089986991944
385715.701	225	0.99	-7.903089986991944
427571.025	225	0.995	-7.903089986991944
275919.286	250	0.5	-7.903089986991944
276079.699	250	0.505	-7.903089986991944
276185.4	250	0.51	-7.903089986991944
276360.164	250	0.515	-7.903089986991944
276716.931	250	0.52	-7.903089986991944
276905.602	250	0.525	-7.903089986991944
277370.039	250	0.53	-7.903089986991944
277494.476	250	0.535	-7.903089986991944
277940.127	250	0.54	-7.903089986991944
278116.115	250	0.545	-7.903089986991944
278458.682	250	0.55	-7.903089986991944
278803.86	250	0.555	-7.903089986991944
279145.631	250	0.56	-7.903089986991944
279640.707	250	0.565	-7.903089986991944
280008.655	250	0.57	-7.903089986991944
280166.775	250	0.575	-7.903089986991944
280420.999	250	0.58	-7.903089986991944
280674.83	250	0.585	-7.903089986991944
281055.243	250	0.59	-7.903089986991944
281232.686	250	0.595	-7.903089986991944
281348.171	250	0.6	-7.903089986991944
281488.556	250	0.605	-7.903089986991944
281918.114	250	0.61	-7.903089986991944
282050.021	250	0.615	-7.903089986991944
282624.484	250	0.62	-7.903089986991944
283012.17	250	0.625	-7.903089986991944
283192.247	250	0.63	-7.903089986991944
283830.774	250	0.635	-7.903089986991944
284257.34	250	0.64	-7.903089986991944
284550.243	250	0.645	-7.903089986991944
284803.618	250	0.65	-7.903089986991944
285103.722	250	0.655	-7.903089986991944
285448.523	250	0.66	-7.903089986991944
286246.971	250	0.665	-7.903089986991944
286710.061	250	0.67	-7.903089986991944
286988.75	250	0.675	-7.903089986991944
287289.086	250	0.68	-7.903089986991944
287472.246	250	0.685	-7.903089986991944
287931.073	250	0.69	-7.903089986991944
288417.714	250	0.695	-7.903089986991944
288960.286	250	0.7	-7.903089986991944
289241.293	250	0.705	-7.903089986991944
289731.687	250	0.71	-7.903089986991944
290376.144	250	0.715	-7.903089986991944
290649.257	250	0.72	-7.903089986991944
290880.604	250	0.725	-7.903089986991944
291353.057	250	0.73	-7.903089986991944
291879.474	250	0.735	-7.903089986991944
292596.857	250	0.74	-7.903089986991944
292892.375	250	0.745	-7.903089986991944
293368.429	250	0.75	-7.903089986991944
293872.496	250	0.755	-7.903089986991944
294211.446	250	0.76	-7.903089986991944
294705.771	250	0.765	-7.903089986991944
294872.416	250	0.77	-7.903089986991944
295225.143	250	0.775	-7.903089986991944
295679.78	250	0.78	-7.903089986991944
296499.643	250	0.785	-7.903089986991944
296941.886	250	0.79	-7.903089986991944
297464.149	250	0.795	-7.903089986991944
298039.143	250	0.8	-7.903089986991944
298925.53	250	0.805	-7.903089986991944
299322.585	250	0.81	-7.903089986991944
299828.837	250	0.815	-7.903089986991944
300828.071	250	0.82	-7.903089986991944
301912.429	250	0.825	-7.903089986991944
302239.03	250	0.83	-7.903089986991944
302693.455	250	0.835	-7.903089986991944
303850.171	250	0.84	-7.903089986991944
304244.864	250	0.845	-7.903089986991944
304495.032	250	0.85	-7.903089986991944
305087.636	250	0.855	-7.903089986991944
305945.894	250	0.86	-7.903089986991944
306554.298	250	0.865	-7.903089986991944
307201.186	250	0.87	-7.903089986991944
308509.348	250	0.875	-7.903089986991944
309263.2	250	0.88	-7.903089986991944
310179.712	250	0.885	-7.903089986991944
312251.786	250	0.89	-7.903089986991944
313078.943	250	0.895	-7.903089986991944
313662.007	250	0.9	-7.903089986991944
315735.364	250	0.905	-7.903089986991944
317346.636	250	0.91	-7.903089986991944
319745.647	250	0.915	-7.903089986991944
322719.783	250	0.92	-7.903089986991944
325267.429	250	0.925	-7.903089986991944
326991.529	250	0.93	-7.903089986991944
329232.717	250	0.935	-7.903089986991944
331948.686	250	0.94	-7.903089986991944
335533.95	250	0.945	-7.903089986991944
336262.207	250	0.95	-7.903089986991944
342574.77	250	0.955	-7.903089986991944
347329.614	250	0.96	-7.903089986991944
352963.031	250	0.965	-7.903089986991944
358289.5	250	0.97	-7.903089986991944
373021.966	250	0.975	-7.903089986991944
391016.127	250	0.98	-7.903089986991944
404325.684	250	0.985	-7.903089986991944
424793.571	250	0.99	-7.903089986991944
460173.51	250	0.995	-7.903089986991944
287180.214	275	0.5	-7.903089986991944
287399.95	275	0.505	-7.903089986991944
287685.522	275	0.51	-7.903089986991944
288029.093	275	0.515	-7.903089986991944
288319.743	275	0.52	-7.903089986991944
288680.0	275	0.525	-7.903089986991944
288960.986	275	0.53	-7.903089986991944
289227.231	275	0.535	-7.903089986991944
289558.364	275	0.54	-7.903089986991944
289844.557	275	0.545	-7.903089986991944
290206.714	275	0.55	-7.903089986991944
290645.768	275	0.555	-7.903089986991944
291177.76	275	0.56	-7.903089986991944
291644.014	275	0.565	-7.903089986991944
291931.059	275	0.57	-7.903089986991944
292018.888	275	0.575	-7.903089986991944
292489.886	275	0.58	-7.903089986991944
292707.71	275	0.585	-7.903089986991944
293029.671	275	0.59	-7.903089986991944
293135.171	275	0.595	-7.903089986991944
293510.457	275	0.6	-7.903089986991944
293838.886	275	0.605	-7.903089986991944
295087.487	275	0.61	-7.903089986991944
295405.185	275	0.615	-7.903089986991944
295811.471	275	0.62	-7.903089986991944
296494.509	275	0.625	-7.903089986991944
297359.4	275	0.63	-7.903089986991944
297756.845	275	0.635	-7.903089986991944
298041.526	275	0.64	-7.903089986991944
298282.068	275	0.645	-7.903089986991944
298557.929	275	0.65	-7.903089986991944
299073.357	275	0.655	-7.903089986991944
299569.066	275	0.66	-7.903089986991944
299926.914	275	0.665	-7.903089986991944
300181.909	275	0.67	-7.903089986991944
300425.321	275	0.675	-7.903089986991944
300638.971	275	0.68	-7.903089986991944
300866.059	275	0.685	-7.903089986991944
301240.087	275	0.69	-7.903089986991944
301526.113	275	0.695	-7.903089986991944
301777.979	275	0.7	-7.903089986991944
302159.55	275	0.705	-7.903089986991944
302468.8	275	0.71	-7.903089986991944
302971.294	275	0.715	-7.903089986991944
303506.42	275	0.72	-7.903089986991944
303667.857	275	0.725	-7.903089986991944
303867.316	275	0.73	-7.903089986991944
304482.857	275	0.735	-7.903089986991944
304664.081	275	0.74	-7.903089986991944
305260.225	275	0.745	-7.903089986991944
305889.643	275	0.75	-7.903089986991944
306438.258	275	0.755	-7.903089986991944
306683.714	275	0.76	-7.903089986991944
306907.741	275	0.765	-7.903089986991944
307787.659	275	0.77	-7.903089986991944
308313.925	275	0.775	-7.903089986991944
308943.127	275	0.78	-7.903089986991944
309350.821	275	0.785	-7.903089986991944
309990.574	275	0.79	-7.903089986991944
311129.779	275	0.795	-7.903089986991944
311565.214	275	0.8	-7.903089986991944
311941.878	275	0.805	-7.903089986991944
312849.799	275	0.81	-7.903089986991944
313494.572	275	0.815	-7.903089986991944
313957.87	275	0.82	-7.903089986991944
314742.382	275	0.825	-7.903089986991944
315042.808	275	0.83	-7.903089986991944
315830.083	275	0.835	-7.903089986991944
316363.143	275	0.84	-7.903089986991944
316980.439	275	0.845	-7.903089986991944
318285.604	275	0.85	-7.903089986991944
319186.858	275	0.855	-7.903089986991944
319588.429	275	0.86	-7.903089986991944
320694.503	275	0.865	-7.903089986991944
321240.524	275	0.87	-7.903089986991944
323531.607	275	0.875	-7.903089986991944
324793.54	275	0.88	-7.903089986991944
326264.628	275	0.885	-7.903089986991944
327732.457	275	0.89	-7.903089986991944
329611.015	275	0.895	-7.903089986991944
330611.207	275	0.9	-7.903089986991944
331813.429	275	0.905	-7.903089986991944
334076.629	275	0.91	-7.903089986991944
335662.521	275	0.915	-7.903089986991944
337210.271	275	0.92	-7.903089986991944
339230.43	275	0.925	-7.903089986991944
341210.904	275	0.93	-7.903089986991944
342576.316	275	0.935	-7.903089986991944
344592.124	275	0.94	-7.903089986991944
349943.487	275	0.945	-7.903089986991944
352150.011	275	0.95	-7.903089986991944
358664.425	275	0.955	-7.903089986991944
363427.086	275	0.96	-7.903089986991944
372559.598	275	0.965	-7.903089986991944
382331.871	275	0.97	-7.903089986991944
391871.895	275	0.975	-7.903089986991944
405347.989	275	0.98	-7.903089986991944
417024.794	275	0.985	-7.903089986991944
433584.586	275	0.99	-7.903089986991944
451759.093	275	0.995	-7.903089986991944
298614.5	300	0.5	-7.903089986991944
299104.259	300	0.505	-7.903089986991944
299356.987	300	0.51	-7.903089986991944
299586.271	300	0.515	-7.903089986991944
299917.417	300	0.52	-7.903089986991944
300152.859	300	0.525	-7.903089986991944
300303.446	300	0.53	-7.903089986991944
300736.901	300	0.535	-7.903089986991944
301001.967	300	0.54	-7.903089986991944
301281.109	300	0.545	-7.903089986991944
301499.214	300	0.55	-7.903089986991944
301805.968	300	0.555	-7.903089986991944
302184.954	300	0.56	-7.903089986991944
302516.734	300	0.565	-7.903089986991944
302877.669	300	0.57	-7.903089986991944
303056.632	300	0.575	-7.903089986991944
303358.586	300	0.58	-7.903089986991944
303649.755	300	0.585	-7.903089986991944
303944.414	300	0.59	-7.903089986991944
304400.065	300	0.595	-7.903089986991944
304868.029	300	0.6	-7.903089986991944
305168.157	300	0.605	-7.903089986991944
305522.601	300	0.61	-7.903089986991944
305867.62	300	0.615	-7.903089986991944
306060.631	300	0.62	-7.903089986991944
306353.393	300	0.625	-7.903089986991944
306681.0	300	0.63	-7.903089986991944
306999.829	300	0.635	-7.903089986991944
307480.514	300	0.64	-7.903089986991944
307706.601	300	0.645	-7.903089986991944
308183.357	300	0.65	-7.903089986991944
308460.4	300	0.655	-7.903089986991944
308950.829	300	0.66	-7.903089986991944
309239.8	300	0.665	-7.903089986991944
309813.471	300	0.67	-7.903089986991944
310078.093	300	0.675	-7.903089986991944
310530.946	300	0.68	-7.903089986991944
310921.32	300	0.685	-7.903089986991944
311480.738	300	0.69	-7.903089986991944
311860.186	300	0.695	-7.903089986991944
312059.164	300	0.7	-7.903089986991944
312434.822	300	0.705	-7.903089986991944
312608.914	300	0.71	-7.903089986991944
312850.614	300	0.715	-7.903089986991944
313244.0	300	0.72	-7.903089986991944
313518.73	300	0.725	-7.903089986991944
313956.762	300	0.73	-7.903089986991944
314185.002	300	0.735	-7.903089986991944
314641.743	300	0.74	-7.903089986991944
314880.04	300	0.745	-7.903089986991944
315320.357	300	0.75	-7.903089986991944
315635.458	300	0.755	-7.903089986991944
316074.246	300	0.76	-7.903089986991944
316500.529	300	0.765	-7.903089986991944
317126.135	300	0.77	-7.903089986991944
317783.75	300	0.775	-7.903089986991944
318406.369	300	0.78	-7.903089986991944
319303.714	300	0.785	-7.903089986991944
319856.74	300	0.79	-7.903089986991944
320147.043	300	0.795	-7.903089986991944
321500.243	300	0.8	-7.903089986991944
322130.664	300	0.805	-7.903089986991944
322757.341	300	0.81	-7.903089986991944
323651.679	300	0.815	-7.903089986991944
324308.383	300	0.82	-7.903089986991944
324463.488	300	0.825	-7.903089986991944
324757.974	300	0.83	-7.903089986991944
325514.526	300	0.835	-7.903089986991944
326070.417	300	0.84	-7.903089986991944
326669.911	300	0.845	-7.903089986991944
327245.032	300	0.85	-7.903089986991944
328576.125	300	0.855	-7.903089986991944
329784.804	300	0.86	-7.903089986991944
330712.788	300	0.865	-7.903089986991944
331228.118	300	0.87	-7.903089986991944
333516.018	300	0.875	-7.903089986991944
334741.714	300	0.88	-7.903089986991944
335897.937	300	0.885	-7.903089986991944
336677.786	300	0.89	-7.903089986991944
337726.615	300	0.895	-7.903089986991944
339138.571	300	0.9	-7.903089986991944
341162.336	300	0.905	-7.903089986991944
342755.956	300	0.91	-7.903089986991944
344871.886	300	0.915	-7.903089986991944
348918.457	300	0.92	-7.903089986991944
351801.209	300	0.925	-7.903089986991944
355005.657	300	0.93	-7.903089986991944
358462.924	300	0.935	-7.903089986991944
361409.05	300	0.94	-7.903089986991944
363238.394	300	0.945	-7.903089986991944
367112.45	300	0.95	-7.903089986991944
373060.111	300	0.955	-7.903089986991944
375777.9	300	0.96	-7.903089986991944
382650.145	300	0.965	-7.903089986991944
395241.212	300	0.97	-7.903089986991944
406032.148	300	0.975	-7.903089986991944
427673.63	300	0.98	-7.903089986991944
437762.007	300	0.985	-7.903089986991944
461239.03	300	0.99	-7.903089986991944
488124.969	300	0.995	-7.903089986991944
310755.071	325	0.5	-7.903089986991944
311392.993	325	0.505	-7.903089986991944
311663.5	325	0.51	-7.903089986991944
311963.285	325	0.515	-7.903089986991944
312263.903	325	0.52	-7.903089986991944
312385.071	325	0.525	-7.903089986991944
312791.362	325	0.53	-7.903089986991944
313039.223	325	0.535	-7.903089986991944
313232.834	325	0.54	-7.903089986991944
313707.621	325	0.545	-7.903089986991944
314021.286	325	0.55	-7.903089986991944
314508.204	325	0.555	-7.903089986991944
314886.457	325	0.56	-7.903089986991944
315180.095	325	0.565	-7.903089986991944
315722.778	325	0.57	-7.903089986991944
315861.082	325	0.575	-7.903089986991944
316096.371	325	0.58	-7.903089986991944
316436.971	325	0.585	-7.903089986991944
317047.974	325	0.59	-7.903089986991944
317678.256	325	0.595	-7.903089986991944
317958.614	325	0.6	-7.903089986991944
318159.821	325	0.605	-7.903089986991944
318432.857	325	0.61	-7.903089986991944
318731.578	325	0.615	-7.903089986991944
319077.1	325	0.62	-7.903089986991944
319414.589	325	0.625	-7.903089986991944
319799.969	325	0.63	-7.903089986991944
320198.564	325	0.635	-7.903089986991944
320923.029	325	0.64	-7.903089986991944
321356.11	325	0.645	-7.903089986991944
321567.096	325	0.65	-7.903089986991944
322019.732	325	0.655	-7.903089986991944
322384.486	325	0.66	-7.903089986991944
322591.05	325	0.665	-7.903089986991944
323230.758	325	0.67	-7.903089986991944
323668.241	325	0.675	-7.903089986991944
324009.337	325	0.68	-7.903089986991944
324587.207	325	0.685	-7.903089986991944
324868.513	325	0.69	-7.903089986991944
325286.816	325	0.695	-7.903089986991944
325589.814	325	0.7	-7.903089986991944
325955.322	325	0.705	-7.903089986991944
326244.973	325	0.71	-7.903089986991944
326573.114	325	0.715	-7.903089986991944
327052.903	325	0.72	-7.903089986991944
327963.957	325	0.725	-7.903089986991944
328468.226	325	0.73	-7.903089986991944
329208.207	325	0.735	-7.903089986991944
329698.881	325	0.74	-7.903089986991944
330210.393	325	0.745	-7.903089986991944
330755.339	325	0.75	-7.903089986991944
331167.497	325	0.755	-7.903089986991944
331498.077	325	0.76	-7.903089986991944
331820.674	325	0.765	-7.903089986991944
332574.243	325	0.77	-7.903089986991944
333043.913	325	0.775	-7.903089986991944
333298.164	325	0.78	-7.903089986991944
333979.021	325	0.785	-7.903089986991944
334611.284	325	0.79	-7.903089986991944
335110.271	325	0.795	-7.903089986991944
335754.029	325	0.8	-7.903089986991944
336339.494	325	0.805	-7.903089986991944
337119.314	325	0.81	-7.903089986991944
337752.648	325	0.815	-7.903089986991944
338678.72	325	0.82	-7.903089986991944
340472.952	325	0.825	-7.903089986991944
341819.2	325	0.83	-7.903089986991944
342447.478	325	0.835	-7.903089986991944
343554.329	325	0.84	-7.903089986991944
344333.843	325	0.845	-7.903089986991944
345318.039	325	0.85	-7.903089986991944
347022.229	325	0.855	-7.903089986991944
347730.2	325	0.86	-7.903089986991944
348638.065	325	0.865	-7.903089986991944
349254.711	325	0.87	-7.903089986991944
350062.848	325	0.875	-7.903089986991944
352965.574	325	0.88	-7.903089986991944
354746.121	325	0.885	-7.903089986991944
357091.643	325	0.89	-7.903089986991944
358242.13	325	0.895	-7.903089986991944
360356.843	325	0.9	-7.903089986991944
361568.45	325	0.905	-7.903089986991944
365261.384	325	0.91	-7.903089986991944
368315.65	325	0.915	-7.903089986991944
371044.049	325	0.92	-7.903089986991944
376013.036	325	0.925	-7.903089986991944
377731.024	325	0.93	-7.903089986991944
381904.895	325	0.935	-7.903089986991944
383971.337	325	0.94	-7.903089986991944
388431.802	325	0.945	-7.903089986991944
392375.496	325	0.95	-7.903089986991944
397035.248	325	0.955	-7.903089986991944
403904.491	325	0.96	-7.903089986991944
409364.858	325	0.965	-7.903089986991944
421618.657	325	0.97	-7.903089986991944
435927.855	325	0.975	-7.903089986991944
451692.029	325	0.98	-7.903089986991944
483306.829	325	0.985	-7.903089986991944
512202.529	325	0.99	-7.903089986991944
551434.914	325	0.995	-7.903089986991944
322395.786	350	0.5	-7.903089986991944
322709.829	350	0.505	-7.903089986991944
322962.213	350	0.51	-7.903089986991944
323195.771	350	0.515	-7.903089986991944
323618.229	350	0.52	-7.903089986991944
324126.284	350	0.525	-7.903089986991944
324645.01	350	0.53	-7.903089986991944
324984.976	350	0.535	-7.903089986991944
325662.729	350	0.54	-7.903089986991944
326194.404	350	0.545	-7.903089986991944
326430.986	350	0.55	-7.903089986991944
326687.793	350	0.555	-7.903089986991944
327094.831	350	0.56	-7.903089986991944
327884.662	350	0.565	-7.903089986991944
328179.874	350	0.57	-7.903089986991944
328567.536	350	0.575	-7.903089986991944
328993.559	350	0.58	-7.903089986991944
329287.969	350	0.585	-7.903089986991944
329541.309	350	0.59	-7.903089986991944
329922.147	350	0.595	-7.903089986991944
330516.686	350	0.6	-7.903089986991944
330730.922	350	0.605	-7.903089986991944
331108.586	350	0.61	-7.903089986991944
331376.425	350	0.615	-7.903089986991944
331798.39	350	0.62	-7.903089986991944
332035.902	350	0.625	-7.903089986991944
332384.924	350	0.63	-7.903089986991944
333108.157	350	0.635	-7.903089986991944
333494.06	350	0.64	-7.903089986991944
333847.614	350	0.645	-7.903089986991944
334368.046	350	0.65	-7.903089986991944
334689.04	350	0.655	-7.903089986991944
335219.833	350	0.66	-7.903089986991944
335693.402	350	0.665	-7.903089986991944
335964.19	350	0.67	-7.903089986991944
336321.429	350	0.675	-7.903089986991944
336506.726	350	0.68	-7.903089986991944
336816.126	350	0.685	-7.903089986991944
337367.094	350	0.69	-7.903089986991944
337599.028	350	0.695	-7.903089986991944
337777.257	350	0.7	-7.903089986991944
338209.115	350	0.705	-7.903089986991944
338446.679	350	0.71	-7.903089986991944
338807.58	350	0.715	-7.903089986991944
339273.486	350	0.72	-7.903089986991944
339678.509	350	0.725	-7.903089986991944
340196.624	350	0.73	-7.903089986991944
340772.753	350	0.735	-7.903089986991944
341507.624	350	0.74	-7.903089986991944
342094.479	350	0.745	-7.903089986991944
343532.875	350	0.75	-7.903089986991944
344020.641	350	0.755	-7.903089986991944
344680.774	350	0.76	-7.903089986991944
345237.683	350	0.765	-7.903089986991944
345496.298	350	0.77	-7.903089986991944
345934.559	350	0.775	-7.903089986991944
346832.086	350	0.78	-7.903089986991944
347428.398	350	0.785	-7.903089986991944
348272.086	350	0.79	-7.903089986991944
348937.324	350	0.795	-7.903089986991944
350569.614	350	0.8	-7.903089986991944
351105.943	350	0.805	-7.903089986991944
351674.543	350	0.81	-7.903089986991944
352656.748	350	0.815	-7.903089986991944
354295.413	350	0.82	-7.903089986991944
356420.452	350	0.825	-7.903089986991944
357632.514	350	0.83	-7.903089986991944
358790.026	350	0.835	-7.903089986991944
361830.666	350	0.84	-7.903089986991944
364447.613	350	0.845	-7.903089986991944
365727.286	350	0.85	-7.903089986991944
368352.989	350	0.855	-7.903089986991944
369322.304	350	0.86	-7.903089986991944
370991.888	350	0.865	-7.903089986991944
372393.7	350	0.87	-7.903089986991944
373477.321	350	0.875	-7.903089986991944
375196.074	350	0.88	-7.903089986991944
376273.039	350	0.885	-7.903089986991944
377380.483	350	0.89	-7.903089986991944
378554.509	350	0.895	-7.903089986991944
379259.593	350	0.9	-7.903089986991944
381689.55	350	0.905	-7.903089986991944
383350.571	350	0.91	-7.903089986991944
386282.545	350	0.915	-7.903089986991944
387257.449	350	0.92	-7.903089986991944
390695.739	350	0.925	-7.903089986991944
394909.21	350	0.93	-7.903089986991944
398606.771	350	0.935	-7.903089986991944
403802.953	350	0.94	-7.903089986991944
407143.0	350	0.945	-7.903089986991944
412355.857	350	0.95	-7.903089986991944
415421.05	350	0.955	-7.903089986991944
430007.626	350	0.96	-7.903089986991944
440325.791	350	0.965	-7.903089986991944
451877.602	350	0.97	-7.903089986991944
473565.727	350	0.975	-7.903089986991944
502534.886	350	0.98	-7.903089986991944
542876.135	350	0.985	-7.903089986991944
574182.399	350	0.99	-7.903089986991944
595624.896	350	0.995	-7.903089986991944
333740.143	375	0.5	-7.903089986991944
333981.378	375	0.505	-7.903089986991944
334438.836	375	0.51	-7.903089986991944
334601.634	375	0.515	-7.903089986991944
335043.029	375	0.52	-7.903089986991944
335422.782	375	0.525	-7.903089986991944
335731.486	375	0.53	-7.903089986991944
336044.883	375	0.535	-7.903089986991944
336184.191	375	0.54	-7.903089986991944
336438.11	375	0.545	-7.903089986991944
336778.786	375	0.55	-7.903089986991944
337453.817	375	0.555	-7.903089986991944
337900.194	375	0.56	-7.903089986991944
338313.293	375	0.565	-7.903089986991944
338932.245	375	0.57	-7.903089986991944
339431.434	375	0.575	-7.903089986991944
339859.773	375	0.58	-7.903089986991944
340175.057	375	0.585	-7.903089986991944
340487.556	375	0.59	-7.903089986991944
341096.076	375	0.595	-7.903089986991944
341329.557	375	0.6	-7.903089986991944
342133.543	375	0.605	-7.903089986991944
342358.586	375	0.61	-7.903089986991944
342811.257	375	0.615	-7.903089986991944
343445.33	375	0.62	-7.903089986991944
343713.062	375	0.625	-7.903089986991944
344179.104	375	0.63	-7.903089986991944
344635.912	375	0.635	-7.903089986991944
345081.829	375	0.64	-7.903089986991944
345573.4	375	0.645	-7.903089986991944
345944.554	375	0.65	-7.903089986991944
346997.047	375	0.655	-7.903089986991944
347591.356	375	0.66	-7.903089986991944
347862.005	375	0.665	-7.903089986991944
348231.551	375	0.67	-7.903089986991944
348714.761	375	0.675	-7.903089986991944
349247.474	375	0.68	-7.903089986991944
349653.774	375	0.685	-7.903089986991944
350354.451	375	0.69	-7.903089986991944
350681.615	375	0.695	-7.903089986991944
350936.121	375	0.7	-7.903089986991944
351464.893	375	0.705	-7.903089986991944
352160.329	375	0.71	-7.903089986991944
352485.87	375	0.715	-7.903089986991944
353223.314	375	0.72	-7.903089986991944
353565.754	375	0.725	-7.903089986991944
354277.105	375	0.73	-7.903089986991944
354628.733	375	0.735	-7.903089986991944
355065.034	375	0.74	-7.903089986991944
355573.288	375	0.745	-7.903089986991944
355913.161	375	0.75	-7.903089986991944
356287.071	375	0.755	-7.903089986991944
356682.96	375	0.76	-7.903089986991944
357656.933	375	0.765	-7.903089986991944
358813.888	375	0.77	-7.903089986991944
359695.72	375	0.775	-7.903089986991944
360532.174	375	0.78	-7.903089986991944
361724.584	375	0.785	-7.903089986991944
362586.744	375	0.79	-7.903089986991944
363968.386	375	0.795	-7.903089986991944
364438.929	375	0.8	-7.903089986991944
365436.758	375	0.805	-7.903089986991944
366082.414	375	0.81	-7.903089986991944
366830.521	375	0.815	-7.903089986991944
367259.229	375	0.82	-7.903089986991944
368013.988	375	0.825	-7.903089986991944
369202.281	375	0.83	-7.903089986991944
369651.771	375	0.835	-7.903089986991944
370523.52	375	0.84	-7.903089986991944
371879.264	375	0.845	-7.903089986991944
373368.654	375	0.85	-7.903089986991944
374958.265	375	0.855	-7.903089986991944
376541.97	375	0.86	-7.903089986991944
377453.05	375	0.865	-7.903089986991944
379099.786	375	0.87	-7.903089986991944
380704.938	375	0.875	-7.903089986991944
381918.46	375	0.88	-7.903089986991944
383402.616	375	0.885	-7.903089986991944
386058.044	375	0.89	-7.903089986991944
388770.079	375	0.895	-7.903089986991944
391775.414	375	0.9	-7.903089986991944
393780.386	375	0.905	-7.903089986991944
395830.814	375	0.91	-7.903089986991944
397818.801	375	0.915	-7.903089986991944
399299.937	375	0.92	-7.903089986991944
403491.588	375	0.925	-7.903089986991944
406549.324	375	0.93	-7.903089986991944
412306.2	375	0.935	-7.903089986991944
415911.239	375	0.94	-7.903089986991944
420532.333	375	0.945	-7.903089986991944
426735.846	375	0.95	-7.903089986991944
432866.907	375	0.955	-7.903089986991944
436722.586	375	0.96	-7.903089986991944
447291.2	375	0.965	-7.903089986991944
455193.01	375	0.97	-7.903089986991944
465973.036	375	0.975	-7.903089986991944
475034.897	375	0.98	-7.903089986991944
516468.266	375	0.985	-7.903089986991944
549531.201	375	0.99	-7.903089986991944
622324.464	375	0.995	-7.903089986991944
344137.821	400	0.5	-7.903089986991944
345043.807	400	0.505	-7.903089986991944
345387.771	400	0.51	-7.903089986991944
345774.029	400	0.515	-7.903089986991944
346356.777	400	0.52	-7.903089986991944
346799.895	400	0.525	-7.903089986991944
347153.971	400	0.53	-7.903089986991944
347547.393	400	0.535	-7.903089986991944
347850.829	400	0.54	-7.903089986991944
348228.529	400	0.545	-7.903089986991944
348879.207	400	0.55	-7.903089986991944
349537.139	400	0.555	-7.903089986991944
350316.717	400	0.56	-7.903089986991944
350748.579	400	0.565	-7.903089986991944
351312.71	400	0.57	-7.903089986991944
351488.857	400	0.575	-7.903089986991944
352104.827	400	0.58	-7.903089986991944
352563.819	400	0.585	-7.903089986991944
352975.532	400	0.59	-7.903089986991944
353391.235	400	0.595	-7.903089986991944
353994.286	400	0.6	-7.903089986991944
354283.624	400	0.605	-7.903089986991944
354870.315	400	0.61	-7.903089986991944
355548.793	400	0.615	-7.903089986991944
355840.0	400	0.62	-7.903089986991944
356218.446	400	0.625	-7.903089986991944
356599.294	400	0.63	-7.903089986991944
357279.938	400	0.635	-7.903089986991944
358737.086	400	0.64	-7.903089986991944
359167.453	400	0.645	-7.903089986991944
359600.068	400	0.65	-7.903089986991944
359878.275	400	0.655	-7.903089986991944
360345.793	400	0.66	-7.903089986991944
360889.188	400	0.665	-7.903089986991944
361220.828	400	0.67	-7.903089986991944
361617.977	400	0.675	-7.903089986991944
361993.2	400	0.68	-7.903089986991944
362530.118	400	0.685	-7.903089986991944
363115.857	400	0.69	-7.903089986991944
363541.192	400	0.695	-7.903089986991944
363912.207	400	0.7	-7.903089986991944
363996.764	400	0.705	-7.903089986991944
364136.857	400	0.71	-7.903089986991944
364338.812	400	0.715	-7.903089986991944
364707.937	400	0.72	-7.903089986991944
365719.627	400	0.725	-7.903089986991944
366744.543	400	0.73	-7.903089986991944
367129.916	400	0.735	-7.903089986991944
367509.49	400	0.74	-7.903089986991944
368303.639	400	0.745	-7.903089986991944
368657.5	400	0.75	-7.903089986991944
368914.61	400	0.755	-7.903089986991944
369522.291	400	0.76	-7.903089986991944
369981.736	400	0.765	-7.903089986991944
370677.059	400	0.77	-7.903089986991944
372970.052	400	0.775	-7.903089986991944
373502.63	400	0.78	-7.903089986991944
374973.686	400	0.785	-7.903089986991944
375663.583	400	0.79	-7.903089986991944
376218.978	400	0.795	-7.903089986991944
377358.914	400	0.8	-7.903089986991944
377899.871	400	0.805	-7.903089986991944
378917.772	400	0.81	-7.903089986991944
379388.885	400	0.815	-7.903089986991944
380786.89	400	0.82	-7.903089986991944
381712.868	400	0.825	-7.903089986991944
383164.702	400	0.83	-7.903089986991944
384108.857	400	0.835	-7.903089986991944
385094.803	400	0.84	-7.903089986991944
385979.482	400	0.845	-7.903089986991944
386642.011	400	0.85	-7.903089986991944
388304.793	400	0.855	-7.903089986991944
390706.881	400	0.86	-7.903089986991944
393051.75	400	0.865	-7.903089986991944
394855.124	400	0.87	-7.903089986991944
396406.625	400	0.875	-7.903089986991944
398696.526	400	0.88	-7.903089986991944
399731.757	400	0.885	-7.903089986991944
400462.886	400	0.89	-7.903089986991944
403196.043	400	0.895	-7.903089986991944
405390.736	400	0.9	-7.903089986991944
409475.521	400	0.905	-7.903089986991944
413734.039	400	0.91	-7.903089986991944
418073.666	400	0.915	-7.903089986991944
420800.96	400	0.92	-7.903089986991944
424102.346	400	0.925	-7.903089986991944
427016.381	400	0.93	-7.903089986991944
432101.721	400	0.935	-7.903089986991944
436884.324	400	0.94	-7.903089986991944
443296.714	400	0.945	-7.903089986991944
447632.921	400	0.95	-7.903089986991944
455165.794	400	0.955	-7.903089986991944
459376.106	400	0.96	-7.903089986991944
470295.167	400	0.965	-7.903089986991944
480748.688	400	0.97	-7.903089986991944
493235.252	400	0.975	-7.903089986991944
500712.626	400	0.98	-7.903089986991944
505195.799	400	0.985	-7.903089986991944
528252.528	400	0.99	-7.903089986991944
581990.356	400	0.995	-7.903089986991944
355937.179	425	0.5	-7.903089986991944
356088.436	425	0.505	-7.903089986991944
356516.505	425	0.51	-7.903089986991944
356857.45	425	0.515	-7.903089986991944
357255.12	425	0.52	-7.903089986991944
357717.82	425	0.525	-7.903089986991944
358001.657	425	0.53	-7.903089986991944
358336.036	425	0.535	-7.903089986991944
358902.419	425	0.54	-7.903089986991944
359569.114	425	0.545	-7.903089986991944
359938.325	425	0.55	-7.903089986991944
360565.564	425	0.555	-7.903089986991944
360848.097	425	0.56	-7.903089986991944
361412.353	425	0.565	-7.903089986991944
361789.539	425	0.57	-7.903089986991944
362242.22	425	0.575	-7.903089986991944
362680.777	425	0.58	-7.903089986991944
362922.334	425	0.585	-7.903089986991944
363309.841	425	0.59	-7.903089986991944
364193.886	425	0.595	-7.903089986991944
364616.971	425	0.6	-7.903089986991944
365069.164	425	0.605	-7.903089986991944
365638.586	425	0.61	-7.903089986991944
366190.594	425	0.615	-7.903089986991944
366969.731	425	0.62	-7.903089986991944
367423.527	425	0.625	-7.903089986991944
367811.471	425	0.63	-7.903089986991944
368253.624	425	0.635	-7.903089986991944
368630.274	425	0.64	-7.903089986991944
369102.182	425	0.645	-7.903089986991944
369806.996	425	0.65	-7.903089986991944
370140.146	425	0.655	-7.903089986991944
370975.381	425	0.66	-7.903089986991944
371344.371	425	0.665	-7.903089986991944
371636.629	425	0.67	-7.903089986991944
371999.036	425	0.675	-7.903089986991944
372666.971	425	0.68	-7.903089986991944
373408.179	425	0.685	-7.903089986991944
373886.999	425	0.69	-7.903089986991944
374663.257	425	0.695	-7.903089986991944
375515.764	425	0.7	-7.903089986991944
375968.121	425	0.705	-7.903089986991944
376479.608	425	0.71	-7.903089986991944
377177.123	425	0.715	-7.903089986991944
378230.451	425	0.72	-7.903089986991944
378887.702	425	0.725	-7.903089986991944
379369.9	425	0.73	-7.903089986991944
379760.771	425	0.735	-7.903089986991944
380107.381	425	0.74	-7.903089986991944
380786.919	425	0.745	-7.903089986991944
381497.589	425	0.75	-7.903089986991944
381820.882	425	0.755	-7.903089986991944
382920.4	425	0.76	-7.903089986991944
383720.227	425	0.765	-7.903089986991944
384321.89	425	0.77	-7.903089986991944
385128.932	425	0.775	-7.903089986991944
385732.713	425	0.78	-7.903089986991944
387022.005	425	0.785	-7.903089986991944
387946.941	425	0.79	-7.903089986991944
388496.665	425	0.795	-7.903089986991944
389294.543	425	0.8	-7.903089986991944
390485.108	425	0.805	-7.903089986991944
391419.028	425	0.81	-7.903089986991944
391977.697	425	0.815	-7.903089986991944
392630.274	425	0.82	-7.903089986991944
393949.168	425	0.825	-7.903089986991944
395377.096	425	0.83	-7.903089986991944
396598.0	425	0.835	-7.903089986991944
398052.686	425	0.84	-7.903089986991944
398891.395	425	0.845	-7.903089986991944
400859.818	425	0.85	-7.903089986991944
402673.006	425	0.855	-7.903089986991944
405065.431	425	0.86	-7.903089986991944
407452.119	425	0.865	-7.903089986991944
409413.586	425	0.87	-7.903089986991944
412717.393	425	0.875	-7.903089986991944
414025.614	425	0.88	-7.903089986991944
414571.72	425	0.885	-7.903089986991944
418896.908	425	0.89	-7.903089986991944
421448.116	425	0.895	-7.903089986991944
423698.907	425	0.9	-7.903089986991944
426176.287	425	0.905	-7.903089986991944
431753.529	425	0.91	-7.903089986991944
437465.384	425	0.915	-7.903089986991944
444817.657	425	0.92	-7.903089986991944
448994.25	425	0.925	-7.903089986991944
455182.371	425	0.93	-7.903089986991944
460827.175	425	0.935	-7.903089986991944
468652.421	425	0.94	-7.903089986991944
474056.734	425	0.945	-7.903089986991944
481398.286	425	0.95	-7.903089986991944
487105.771	425	0.955	-7.903089986991944
495220.397	425	0.96	-7.903089986991944
507078.628	425	0.965	-7.903089986991944
517620.179	425	0.97	-7.903089986991944
529751.75	425	0.975	-7.903089986991944
539722.55	425	0.98	-7.903089986991944
549289.679	425	0.985	-7.903089986991944
577434.468	425	0.99	-7.903089986991944
608643.45	425	0.995	-7.903089986991944
367397.143	450	0.5	-7.903089986991944
368063.864	450	0.505	-7.903089986991944
368672.495	450	0.51	-7.903089986991944
368966.187	450	0.515	-7.903089986991944
369649.56	450	0.52	-7.903089986991944
370107.207	450	0.525	-7.903089986991944
370486.781	450	0.53	-7.903089986991944
371027.636	450	0.535	-7.903089986991944
371554.904	450	0.54	-7.903089986991944
372102.118	450	0.545	-7.903089986991944
372409.818	450	0.55	-7.903089986991944
372995.011	450	0.555	-7.903089986991944
373385.131	450	0.56	-7.903089986991944
373627.657	450	0.565	-7.903089986991944
373906.757	450	0.57	-7.903089986991944
374457.75	450	0.575	-7.903089986991944
374803.383	450	0.58	-7.903089986991944
375404.171	450	0.585	-7.903089986991944
376024.744	450	0.59	-7.903089986991944
376339.2	450	0.595	-7.903089986991944
376959.557	450	0.6	-7.903089986991944
377111.965	450	0.605	-7.903089986991944
377680.915	450	0.61	-7.903089986991944
378233.743	450	0.615	-7.903089986991944
378506.027	450	0.62	-7.903089986991944
378652.054	450	0.625	-7.903089986991944
379077.771	450	0.63	-7.903089986991944
379932.324	450	0.635	-7.903089986991944
380247.946	450	0.64	-7.903089986991944
380583.964	450	0.645	-7.903089986991944
381183.5	450	0.65	-7.903089986991944
381614.936	450	0.655	-7.903089986991944
381798.433	450	0.66	-7.903089986991944
382109.695	450	0.665	-7.903089986991944
382424.291	450	0.67	-7.903089986991944
383036.786	450	0.675	-7.903089986991944
383367.957	450	0.68	-7.903089986991944
383940.114	450	0.685	-7.903089986991944
384310.486	450	0.69	-7.903089986991944
385065.222	450	0.695	-7.903089986991944
385934.957	450	0.7	-7.903089986991944
386624.965	450	0.705	-7.903089986991944
387567.114	450	0.71	-7.903089986991944
388433.23	450	0.715	-7.903089986991944
389875.691	450	0.72	-7.903089986991944
390704.621	450	0.725	-7.903089986991944
391672.243	450	0.73	-7.903089986991944
392481.134	450	0.735	-7.903089986991944
393249.59	450	0.74	-7.903089986991944
393766.03	450	0.745	-7.903089986991944
394663.589	450	0.75	-7.903089986991944
395205.55	450	0.755	-7.903089986991944
395685.771	450	0.76	-7.903089986991944
396327.132	450	0.765	-7.903089986991944
397226.655	450	0.77	-7.903089986991944
397691.993	450	0.775	-7.903089986991944
399059.504	450	0.78	-7.903089986991944
400355.157	450	0.785	-7.903089986991944
400738.458	450	0.79	-7.903089986991944
401615.649	450	0.795	-7.903089986991944
402314.0	450	0.8	-7.903089986991944
402749.257	450	0.805	-7.903089986991944
404308.401	450	0.81	-7.903089986991944
405379.271	450	0.815	-7.903089986991944
407082.404	450	0.82	-7.903089986991944
408118.904	450	0.825	-7.903089986991944
409180.843	450	0.83	-7.903089986991944
411031.002	450	0.835	-7.903089986991944
411587.323	450	0.84	-7.903089986991944
412973.343	450	0.845	-7.903089986991944
413838.021	450	0.85	-7.903089986991944
414529.112	450	0.855	-7.903089986991944
415455.686	450	0.86	-7.903089986991944
416742.788	450	0.865	-7.903089986991944
417977.071	450	0.87	-7.903089986991944
419330.241	450	0.875	-7.903089986991944
422123.486	450	0.88	-7.903089986991944
423869.73	450	0.885	-7.903089986991944
425342.857	450	0.89	-7.903089986991944
426706.008	450	0.895	-7.903089986991944
428676.286	450	0.9	-7.903089986991944
432537.286	450	0.905	-7.903089986991944
433993.714	450	0.91	-7.903089986991944
437645.558	450	0.915	-7.903089986991944
438939.886	450	0.92	-7.903089986991944
440294.25	450	0.925	-7.903089986991944
441453.928	450	0.93	-7.903089986991944
443570.284	450	0.935	-7.903089986991944
447312.337	450	0.94	-7.903089986991944
449463.954	450	0.945	-7.903089986991944
452131.075	450	0.95	-7.903089986991944
457984.871	450	0.955	-7.903089986991944
474576.369	450	0.96	-7.903089986991944
484663.264	450	0.965	-7.903089986991944
497185.479	450	0.97	-7.903089986991944
506120.546	450	0.975	-7.903089986991944
541568.861	450	0.98	-7.903089986991944
568121.984	450	0.985	-7.903089986991944
586315.7	450	0.99	-7.903089986991944
693085.422	450	0.995	-7.903089986991944
