S*_score	SNP_num	quantile	log(local_recomb_rate)
108237.5	25	0.5	-7.903089986991944
108594.5	25	0.505	-7.903089986991944
108762.727	25	0.51	-7.903089986991944
109367.5	25	0.515	-7.903089986991944
110055.0	25	0.52	-7.903089986991944
110733.125	25	0.525	-7.903089986991944
111070.0	25	0.53	-7.903089986991944
112349.545	25	0.535	-7.903089986991944
112600.0	25	0.54	-7.903089986991944
112789.875	25	0.545	-7.903089986991944
113485.5	25	0.55	-7.903089986991944
114267.5	25	0.555	-7.903089986991944
116139.5	25	0.56	-7.903089986991944
116261.625	25	0.565	-7.903089986991944
116796.25	25	0.57	-7.903089986991944
118059.75	25	0.575	-7.903089986991944
118210.0	25	0.58	-7.903089986991944
118714.5	25	0.585	-7.903089986991944
119304.25	25	0.59	-7.903089986991944
119760.0	25	0.595	-7.903089986991944
119880.0	25	0.6	-7.903089986991944
120247.5	25	0.605	-7.903089986991944
120432.875	25	0.61	-7.903089986991944
120672.5	25	0.615	-7.903089986991944
123151.944	25	0.62	-7.903089986991944
123632.5	25	0.625	-7.903089986991944
124455.0	25	0.63	-7.903089986991944
125223.0	25	0.635	-7.903089986991944
125760.0	25	0.64	-7.903089986991944
126015.625	25	0.645	-7.903089986991944
127730.25	25	0.65	-7.903089986991944
128316.375	25	0.655	-7.903089986991944
128570.0	25	0.66	-7.903089986991944
129197.5	25	0.665	-7.903089986991944
131960.0	25	0.67	-7.903089986991944
132600.0	25	0.675	-7.903089986991944
133630.0	25	0.68	-7.903089986991944
133957.5	25	0.685	-7.903089986991944
134595.0	25	0.69	-7.903089986991944
135305.0	25	0.695	-7.903089986991944
135562.667	25	0.7	-7.903089986991944
136070.833	25	0.705	-7.903089986991944
137985.75	25	0.71	-7.903089986991944
138552.5	25	0.715	-7.903089986991944
139190.5	25	0.72	-7.903089986991944
139377.5	25	0.725	-7.903089986991944
140005.917	25	0.73	-7.903089986991944
141075.458	25	0.735	-7.903089986991944
142182.0	25	0.74	-7.903089986991944
143203.375	25	0.745	-7.903089986991944
144350.0	25	0.75	-7.903089986991944
145780.0	25	0.755	-7.903089986991944
146955.556	25	0.76	-7.903089986991944
147850.0	25	0.765	-7.903089986991944
148825.0	25	0.77	-7.903089986991944
149355.0	25	0.775	-7.903089986991944
150672.2	25	0.78	-7.903089986991944
151014.0	25	0.785	-7.903089986991944
151064.821	25	0.79	-7.903089986991944
151560.0	25	0.795	-7.903089986991944
152154.909	25	0.8	-7.903089986991944
152885.0	25	0.805	-7.903089986991944
153555.0	25	0.81	-7.903089986991944
156370.0	25	0.815	-7.903089986991944
157261.429	25	0.82	-7.903089986991944
158987.2	25	0.825	-7.903089986991944
159805.0	25	0.83	-7.903089986991944
160861.938	25	0.835	-7.903089986991944
161640.0	25	0.84	-7.903089986991944
162880.0	25	0.845	-7.903089986991944
163689.444	25	0.85	-7.903089986991944
164722.222	25	0.855	-7.903089986991944
166028.571	25	0.86	-7.903089986991944
167101.875	25	0.865	-7.903089986991944
168468.75	25	0.87	-7.903089986991944
169669.125	25	0.875	-7.903089986991944
170870.0	25	0.88	-7.903089986991944
171526.875	25	0.885	-7.903089986991944
172480.0	25	0.89	-7.903089986991944
172845.833	25	0.895	-7.903089986991944
173730.0	25	0.9	-7.903089986991944
175525.5	25	0.905	-7.903089986991944
175966.0	25	0.91	-7.903089986991944
176230.0	25	0.915	-7.903089986991944
176395.0	25	0.92	-7.903089986991944
178496.25	25	0.925	-7.903089986991944
180865.0	25	0.93	-7.903089986991944
182617.5	25	0.935	-7.903089986991944
183770.0	25	0.94	-7.903089986991944
184780.0	25	0.945	-7.903089986991944
187350.0	25	0.95	-7.903089986991944
187958.125	25	0.955	-7.903089986991944
189240.0	25	0.96	-7.903089986991944
190501.25	25	0.965	-7.903089986991944
193425.0	25	0.97	-7.903089986991944
195297.5	25	0.975	-7.903089986991944
196717.143	25	0.98	-7.903089986991944
197915.875	25	0.985	-7.903089986991944
199421.667	25	0.99	-7.903089986991944
213167.5	25	0.995	-7.903089986991944
117220.0	50	0.5	-7.903089986991944
118056.2	50	0.505	-7.903089986991944
118291.564	50	0.51	-7.903089986991944
118635.403	50	0.515	-7.903089986991944
119176.8	50	0.52	-7.903089986991944
119771.305	50	0.525	-7.903089986991944
120620.0	50	0.53	-7.903089986991944
120890.315	50	0.535	-7.903089986991944
121034.667	50	0.54	-7.903089986991944
121432.8	50	0.545	-7.903089986991944
122692.768	50	0.55	-7.903089986991944
123308.81	50	0.555	-7.903089986991944
124259.68	50	0.56	-7.903089986991944
125130.0	50	0.565	-7.903089986991944
125813.646	50	0.57	-7.903089986991944
126217.464	50	0.575	-7.903089986991944
127002.186	50	0.58	-7.903089986991944
127878.962	50	0.585	-7.903089986991944
128455.467	50	0.59	-7.903089986991944
129157.05	50	0.595	-7.903089986991944
129566.667	50	0.6	-7.903089986991944
130016.91	50	0.605	-7.903089986991944
130796.0	50	0.61	-7.903089986991944
131193.771	50	0.615	-7.903089986991944
131498.84	50	0.62	-7.903089986991944
132027.477	50	0.625	-7.903089986991944
132843.543	50	0.63	-7.903089986991944
133090.8	50	0.635	-7.903089986991944
133692.64	50	0.64	-7.903089986991944
134117.7	50	0.645	-7.903089986991944
134570.0	50	0.65	-7.903089986991944
134892.3	50	0.655	-7.903089986991944
135277.743	50	0.66	-7.903089986991944
135715.511	50	0.665	-7.903089986991944
136072.356	50	0.67	-7.903089986991944
136412.857	50	0.675	-7.903089986991944
136670.533	50	0.68	-7.903089986991944
137083.28	50	0.685	-7.903089986991944
137658.4	50	0.69	-7.903089986991944
138033.743	50	0.695	-7.903089986991944
138504.5	50	0.7	-7.903089986991944
138614.7	50	0.705	-7.903089986991944
139144.52	50	0.71	-7.903089986991944
139684.8	50	0.715	-7.903089986991944
140426.328	50	0.72	-7.903089986991944
141200.5	50	0.725	-7.903089986991944
141729.8	50	0.73	-7.903089986991944
142120.84	50	0.735	-7.903089986991944
142430.476	50	0.74	-7.903089986991944
143070.867	50	0.745	-7.903089986991944
143660.0	50	0.75	-7.903089986991944
144913.3	50	0.755	-7.903089986991944
146533.084	50	0.76	-7.903089986991944
146987.8	50	0.765	-7.903089986991944
147821.2	50	0.77	-7.903089986991944
148466.0	50	0.775	-7.903089986991944
148915.267	50	0.78	-7.903089986991944
149723.253	50	0.785	-7.903089986991944
150457.0	50	0.79	-7.903089986991944
151723.2	50	0.795	-7.903089986991944
152260.0	50	0.8	-7.903089986991944
153035.0	50	0.805	-7.903089986991944
153477.212	50	0.81	-7.903089986991944
154429.823	50	0.815	-7.903089986991944
155159.6	50	0.82	-7.903089986991944
155664.2	50	0.825	-7.903089986991944
156354.222	50	0.83	-7.903089986991944
156973.549	50	0.835	-7.903089986991944
157405.8	50	0.84	-7.903089986991944
158166.1	50	0.845	-7.903089986991944
159487.608	50	0.85	-7.903089986991944
160035.18	50	0.855	-7.903089986991944
160490.57	50	0.86	-7.903089986991944
160736.4	50	0.865	-7.903089986991944
161830.4	50	0.87	-7.903089986991944
162140.75	50	0.875	-7.903089986991944
163213.6	50	0.88	-7.903089986991944
164191.2	50	0.885	-7.903089986991944
164932.04	50	0.89	-7.903089986991944
165265.711	50	0.895	-7.903089986991944
166268.0	50	0.9	-7.903089986991944
166943.6	50	0.905	-7.903089986991944
167999.333	50	0.91	-7.903089986991944
168494.8	50	0.915	-7.903089986991944
169405.067	50	0.92	-7.903089986991944
170199.167	50	0.925	-7.903089986991944
172705.793	50	0.93	-7.903089986991944
174377.58	50	0.935	-7.903089986991944
174705.511	50	0.94	-7.903089986991944
176851.547	50	0.945	-7.903089986991944
178966.7	50	0.95	-7.903089986991944
179868.85	50	0.955	-7.903089986991944
180497.418	50	0.96	-7.903089986991944
181541.6	50	0.965	-7.903089986991944
182118.0	50	0.97	-7.903089986991944
187094.0	50	0.975	-7.903089986991944
191627.63	50	0.98	-7.903089986991944
193317.8	50	0.985	-7.903089986991944
195470.0	50	0.99	-7.903089986991944
205406.267	50	0.995	-7.903089986991944
126130.0	75	0.5	-7.903089986991944
126652.214	75	0.505	-7.903089986991944
127165.5	75	0.51	-7.903089986991944
127230.143	75	0.515	-7.903089986991944
127741.0	75	0.52	-7.903089986991944
128023.635	75	0.525	-7.903089986991944
128207.7	75	0.53	-7.903089986991944
129055.62	75	0.535	-7.903089986991944
129472.307	75	0.54	-7.903089986991944
129959.1	75	0.545	-7.903089986991944
130616.25	75	0.55	-7.903089986991944
131122.556	75	0.555	-7.903089986991944
131629.333	75	0.56	-7.903089986991944
132029.452	75	0.565	-7.903089986991944
132155.325	75	0.57	-7.903089986991944
132413.222	75	0.575	-7.903089986991944
133194.99	75	0.58	-7.903089986991944
134288.133	75	0.585	-7.903089986991944
134933.333	75	0.59	-7.903089986991944
135297.7	75	0.595	-7.903089986991944
135653.917	75	0.6	-7.903089986991944
136056.706	75	0.605	-7.903089986991944
136625.429	75	0.61	-7.903089986991944
137340.618	75	0.615	-7.903089986991944
137518.286	75	0.62	-7.903089986991944
138291.76	75	0.625	-7.903089986991944
138824.409	75	0.63	-7.903089986991944
139449.296	75	0.635	-7.903089986991944
139966.769	75	0.64	-7.903089986991944
140352.529	75	0.645	-7.903089986991944
140979.524	75	0.65	-7.903089986991944
141211.936	75	0.655	-7.903089986991944
141650.48	75	0.66	-7.903089986991944
141940.275	75	0.665	-7.903089986991944
142259.6	75	0.67	-7.903089986991944
142698.333	75	0.675	-7.903089986991944
142874.545	75	0.68	-7.903089986991944
143288.79	75	0.685	-7.903089986991944
143694.0	75	0.69	-7.903089986991944
143934.95	75	0.695	-7.903089986991944
144253.333	75	0.7	-7.903089986991944
144666.8	75	0.705	-7.903089986991944
144973.575	75	0.71	-7.903089986991944
145347.363	75	0.715	-7.903089986991944
145706.4	75	0.72	-7.903089986991944
146095.243	75	0.725	-7.903089986991944
146530.571	75	0.73	-7.903089986991944
146881.521	75	0.735	-7.903089986991944
147138.095	75	0.74	-7.903089986991944
147355.875	75	0.745	-7.903089986991944
147962.542	75	0.75	-7.903089986991944
149311.824	75	0.755	-7.903089986991944
149701.333	75	0.76	-7.903089986991944
150304.962	75	0.765	-7.903089986991944
150609.592	75	0.77	-7.903089986991944
151345.0	75	0.775	-7.903089986991944
152450.867	75	0.78	-7.903089986991944
153182.5	75	0.785	-7.903089986991944
153620.0	75	0.79	-7.903089986991944
154062.05	75	0.795	-7.903089986991944
154535.9	75	0.8	-7.903089986991944
154989.5	75	0.805	-7.903089986991944
155510.644	75	0.81	-7.903089986991944
156471.667	75	0.815	-7.903089986991944
156845.714	75	0.82	-7.903089986991944
158024.286	75	0.825	-7.903089986991944
158802.057	75	0.83	-7.903089986991944
159625.05	75	0.835	-7.903089986991944
159944.987	75	0.84	-7.903089986991944
160248.5	75	0.845	-7.903089986991944
160583.045	75	0.85	-7.903089986991944
161840.8	75	0.855	-7.903089986991944
163252.686	75	0.86	-7.903089986991944
163870.0	75	0.865	-7.903089986991944
164800.0	75	0.87	-7.903089986991944
165535.75	75	0.875	-7.903089986991944
165847.01	75	0.88	-7.903089986991944
167098.656	75	0.885	-7.903089986991944
168273.767	75	0.89	-7.903089986991944
169808.971	75	0.895	-7.903089986991944
170527.692	75	0.9	-7.903089986991944
171601.0	75	0.905	-7.903089986991944
172431.5	75	0.91	-7.903089986991944
172707.6	75	0.915	-7.903089986991944
173642.207	75	0.92	-7.903089986991944
175430.0	75	0.925	-7.903089986991944
177158.593	75	0.93	-7.903089986991944
177816.6	75	0.935	-7.903089986991944
179093.273	75	0.94	-7.903089986991944
181703.75	75	0.945	-7.903089986991944
183355.077	75	0.95	-7.903089986991944
185133.404	75	0.955	-7.903089986991944
186311.385	75	0.96	-7.903089986991944
187988.571	75	0.965	-7.903089986991944
190355.9	75	0.97	-7.903089986991944
195394.75	75	0.975	-7.903089986991944
198221.6	75	0.98	-7.903089986991944
200568.031	75	0.985	-7.903089986991944
207750.121	75	0.99	-7.903089986991944
213350.333	75	0.995	-7.903089986991944
132002.222	100	0.5	-7.903089986991944
132561.169	100	0.505	-7.903089986991944
133203.577	100	0.51	-7.903089986991944
133629.711	100	0.515	-7.903089986991944
133819.966	100	0.52	-7.903089986991944
134303.731	100	0.525	-7.903089986991944
134546.442	100	0.53	-7.903089986991944
135011.265	100	0.535	-7.903089986991944
135196.842	100	0.54	-7.903089986991944
135968.093	100	0.545	-7.903089986991944
136326.3	100	0.55	-7.903089986991944
136598.899	100	0.555	-7.903089986991944
136873.634	100	0.56	-7.903089986991944
137473.854	100	0.565	-7.903089986991944
137940.0	100	0.57	-7.903089986991944
138145.394	100	0.575	-7.903089986991944
139084.269	100	0.58	-7.903089986991944
139595.902	100	0.585	-7.903089986991944
139981.229	100	0.59	-7.903089986991944
140483.914	100	0.595	-7.903089986991944
141305.257	100	0.6	-7.903089986991944
141649.942	100	0.605	-7.903089986991944
142259.061	100	0.61	-7.903089986991944
142873.561	100	0.615	-7.903089986991944
143110.827	100	0.62	-7.903089986991944
143511.391	100	0.625	-7.903089986991944
143732.605	100	0.63	-7.903089986991944
144272.905	100	0.635	-7.903089986991944
144419.04	100	0.64	-7.903089986991944
144645.143	100	0.645	-7.903089986991944
145012.225	100	0.65	-7.903089986991944
145396.238	100	0.655	-7.903089986991944
145813.3	100	0.66	-7.903089986991944
146409.351	100	0.665	-7.903089986991944
146890.609	100	0.67	-7.903089986991944
147558.528	100	0.675	-7.903089986991944
147983.96	100	0.68	-7.903089986991944
148559.496	100	0.685	-7.903089986991944
148999.416	100	0.69	-7.903089986991944
149324.133	100	0.695	-7.903089986991944
149922.818	100	0.7	-7.903089986991944
150387.366	100	0.705	-7.903089986991944
151030.239	100	0.71	-7.903089986991944
151503.233	100	0.715	-7.903089986991944
151936.333	100	0.72	-7.903089986991944
152299.51	100	0.725	-7.903089986991944
152928.2	100	0.73	-7.903089986991944
153685.442	100	0.735	-7.903089986991944
154221.007	100	0.74	-7.903089986991944
154690.925	100	0.745	-7.903089986991944
155371.944	100	0.75	-7.903089986991944
155754.739	100	0.755	-7.903089986991944
156155.52	100	0.76	-7.903089986991944
156668.457	100	0.765	-7.903089986991944
157356.681	100	0.77	-7.903089986991944
157805.557	100	0.775	-7.903089986991944
158820.36	100	0.78	-7.903089986991944
159597.873	100	0.785	-7.903089986991944
160106.532	100	0.79	-7.903089986991944
160637.656	100	0.795	-7.903089986991944
161093.067	100	0.8	-7.903089986991944
161557.725	100	0.805	-7.903089986991944
162203.01	100	0.81	-7.903089986991944
162546.313	100	0.815	-7.903089986991944
162991.228	100	0.82	-7.903089986991944
163949.932	100	0.825	-7.903089986991944
164245.05	100	0.83	-7.903089986991944
164802.468	100	0.835	-7.903089986991944
165556.697	100	0.84	-7.903089986991944
166203.109	100	0.845	-7.903089986991944
167731.738	100	0.85	-7.903089986991944
168497.5	100	0.855	-7.903089986991944
168895.807	100	0.86	-7.903089986991944
169364.115	100	0.865	-7.903089986991944
169889.099	100	0.87	-7.903089986991944
170639.375	100	0.875	-7.903089986991944
171401.997	100	0.88	-7.903089986991944
172155.18	100	0.885	-7.903089986991944
172700.278	100	0.89	-7.903089986991944
173021.183	100	0.895	-7.903089986991944
174654.714	100	0.9	-7.903089986991944
175762.685	100	0.905	-7.903089986991944
176733.989	100	0.91	-7.903089986991944
178107.91	100	0.915	-7.903089986991944
179010.933	100	0.92	-7.903089986991944
180288.572	100	0.925	-7.903089986991944
181129.506	100	0.93	-7.903089986991944
182156.95	100	0.935	-7.903089986991944
183492.662	100	0.94	-7.903089986991944
185273.978	100	0.945	-7.903089986991944
187547.855	100	0.95	-7.903089986991944
189830.335	100	0.955	-7.903089986991944
192838.532	100	0.96	-7.903089986991944
193572.325	100	0.965	-7.903089986991944
194492.482	100	0.97	-7.903089986991944
196642.125	100	0.975	-7.903089986991944
199284.901	100	0.98	-7.903089986991944
202818.317	100	0.985	-7.903089986991944
209101.9	100	0.99	-7.903089986991944
226047.86	100	0.995	-7.903089986991944
143682.667	125	0.5	-7.903089986991944
143844.705	125	0.505	-7.903089986991944
144006.238	125	0.51	-7.903089986991944
144424.277	125	0.515	-7.903089986991944
144708.262	125	0.52	-7.903089986991944
144886.273	125	0.525	-7.903089986991944
145653.826	125	0.53	-7.903089986991944
145864.737	125	0.535	-7.903089986991944
146228.76	125	0.54	-7.903089986991944
146770.437	125	0.545	-7.903089986991944
147307.916	125	0.55	-7.903089986991944
147750.823	125	0.555	-7.903089986991944
148155.907	125	0.56	-7.903089986991944
148627.683	125	0.565	-7.903089986991944
148889.125	125	0.57	-7.903089986991944
149395.113	125	0.575	-7.903089986991944
149867.919	125	0.58	-7.903089986991944
150398.48	125	0.585	-7.903089986991944
150608.164	125	0.59	-7.903089986991944
150838.468	125	0.595	-7.903089986991944
151148.646	125	0.6	-7.903089986991944
151680.882	125	0.605	-7.903089986991944
151892.266	125	0.61	-7.903089986991944
152396.539	125	0.615	-7.903089986991944
152830.646	125	0.62	-7.903089986991944
153067.0	125	0.625	-7.903089986991944
153391.833	125	0.63	-7.903089986991944
153581.918	125	0.635	-7.903089986991944
153842.252	125	0.64	-7.903089986991944
153983.38	125	0.645	-7.903089986991944
154369.073	125	0.65	-7.903089986991944
154760.39	125	0.655	-7.903089986991944
155001.835	125	0.66	-7.903089986991944
155238.679	125	0.665	-7.903089986991944
155399.692	125	0.67	-7.903089986991944
155570.75	125	0.675	-7.903089986991944
155808.727	125	0.68	-7.903089986991944
156481.674	125	0.685	-7.903089986991944
156883.557	125	0.69	-7.903089986991944
157229.551	125	0.695	-7.903089986991944
158128.556	125	0.7	-7.903089986991944
158785.218	125	0.705	-7.903089986991944
159232.037	125	0.71	-7.903089986991944
159567.234	125	0.715	-7.903089986991944
160091.28	125	0.72	-7.903089986991944
160638.741	125	0.725	-7.903089986991944
160909.772	125	0.73	-7.903089986991944
161211.813	125	0.735	-7.903089986991944
161638.436	125	0.74	-7.903089986991944
162344.369	125	0.745	-7.903089986991944
162571.142	125	0.75	-7.903089986991944
162894.738	125	0.755	-7.903089986991944
163330.127	125	0.76	-7.903089986991944
163608.394	125	0.765	-7.903089986991944
163989.416	125	0.77	-7.903089986991944
164401.277	125	0.775	-7.903089986991944
164986.74	125	0.78	-7.903089986991944
165646.219	125	0.785	-7.903089986991944
166154.967	125	0.79	-7.903089986991944
166359.046	125	0.795	-7.903089986991944
166879.6	125	0.8	-7.903089986991944
167295.054	125	0.805	-7.903089986991944
167801.964	125	0.81	-7.903089986991944
168474.886	125	0.815	-7.903089986991944
168924.0	125	0.82	-7.903089986991944
169596.5	125	0.825	-7.903089986991944
170175.07	125	0.83	-7.903089986991944
171048.924	125	0.835	-7.903089986991944
171580.121	125	0.84	-7.903089986991944
171896.821	125	0.845	-7.903089986991944
172801.771	125	0.85	-7.903089986991944
173363.212	125	0.855	-7.903089986991944
174523.653	125	0.86	-7.903089986991944
175149.167	125	0.865	-7.903089986991944
176087.111	125	0.87	-7.903089986991944
176920.657	125	0.875	-7.903089986991944
177262.706	125	0.88	-7.903089986991944
177689.83	125	0.885	-7.903089986991944
178257.538	125	0.89	-7.903089986991944
178591.743	125	0.895	-7.903089986991944
178969.857	125	0.9	-7.903089986991944
180085.956	125	0.905	-7.903089986991944
181111.866	125	0.91	-7.903089986991944
181872.051	125	0.915	-7.903089986991944
182532.8	125	0.92	-7.903089986991944
183323.748	125	0.925	-7.903089986991944
183812.831	125	0.93	-7.903089986991944
185091.113	125	0.935	-7.903089986991944
185741.526	125	0.94	-7.903089986991944
188056.507	125	0.945	-7.903089986991944
189537.423	125	0.95	-7.903089986991944
193347.675	125	0.955	-7.903089986991944
195520.41	125	0.96	-7.903089986991944
195934.119	125	0.965	-7.903089986991944
197839.979	125	0.97	-7.903089986991944
205890.632	125	0.975	-7.903089986991944
208111.196	125	0.98	-7.903089986991944
213230.411	125	0.985	-7.903089986991944
218563.334	125	0.99	-7.903089986991944
225305.512	125	0.995	-7.903089986991944
151909.429	150	0.5	-7.903089986991944
152155.422	150	0.505	-7.903089986991944
152289.61	150	0.51	-7.903089986991944
152445.346	150	0.515	-7.903089986991944
152709.516	150	0.52	-7.903089986991944
153120.687	150	0.525	-7.903089986991944
153742.09	150	0.53	-7.903089986991944
154331.768	150	0.535	-7.903089986991944
154823.493	150	0.54	-7.903089986991944
155100.993	150	0.545	-7.903089986991944
156075.3	150	0.55	-7.903089986991944
156619.077	150	0.555	-7.903089986991944
156831.886	150	0.56	-7.903089986991944
157099.279	150	0.565	-7.903089986991944
157669.835	150	0.57	-7.903089986991944
158391.409	150	0.575	-7.903089986991944
158692.081	150	0.58	-7.903089986991944
158834.321	150	0.585	-7.903089986991944
159322.729	150	0.59	-7.903089986991944
159603.614	150	0.595	-7.903089986991944
160241.959	150	0.6	-7.903089986991944
160460.971	150	0.605	-7.903089986991944
160902.814	150	0.61	-7.903089986991944
161712.544	150	0.615	-7.903089986991944
161980.411	150	0.62	-7.903089986991944
162187.062	150	0.625	-7.903089986991944
162440.275	150	0.63	-7.903089986991944
162618.412	150	0.635	-7.903089986991944
163148.006	150	0.64	-7.903089986991944
163763.353	150	0.645	-7.903089986991944
164522.304	150	0.65	-7.903089986991944
165111.411	150	0.655	-7.903089986991944
165676.743	150	0.66	-7.903089986991944
166103.433	150	0.665	-7.903089986991944
166392.128	150	0.67	-7.903089986991944
166628.683	150	0.675	-7.903089986991944
166815.283	150	0.68	-7.903089986991944
167146.46	150	0.685	-7.903089986991944
167689.158	150	0.69	-7.903089986991944
168156.937	150	0.695	-7.903089986991944
168622.539	150	0.7	-7.903089986991944
168914.61	150	0.705	-7.903089986991944
169063.587	150	0.71	-7.903089986991944
169361.435	150	0.715	-7.903089986991944
169928.174	150	0.72	-7.903089986991944
170213.012	150	0.725	-7.903089986991944
170365.632	150	0.73	-7.903089986991944
170909.119	150	0.735	-7.903089986991944
171197.032	150	0.74	-7.903089986991944
171457.985	150	0.745	-7.903089986991944
172043.135	150	0.75	-7.903089986991944
172612.08	150	0.755	-7.903089986991944
173536.364	150	0.76	-7.903089986991944
174501.39	150	0.765	-7.903089986991944
174936.9	150	0.77	-7.903089986991944
175752.965	150	0.775	-7.903089986991944
176560.08	150	0.78	-7.903089986991944
177065.482	150	0.785	-7.903089986991944
177563.636	150	0.79	-7.903089986991944
177990.062	150	0.795	-7.903089986991944
178338.143	150	0.8	-7.903089986991944
178963.657	150	0.805	-7.903089986991944
179637.673	150	0.81	-7.903089986991944
180307.645	150	0.815	-7.903089986991944
180858.108	150	0.82	-7.903089986991944
181291.0	150	0.825	-7.903089986991944
182337.738	150	0.83	-7.903089986991944
182779.0	150	0.835	-7.903089986991944
183430.22	150	0.84	-7.903089986991944
183749.036	150	0.845	-7.903089986991944
183988.357	150	0.85	-7.903089986991944
184671.371	150	0.855	-7.903089986991944
185450.29	150	0.86	-7.903089986991944
185855.546	150	0.865	-7.903089986991944
186329.014	150	0.87	-7.903089986991944
187196.843	150	0.875	-7.903089986991944
187969.108	150	0.88	-7.903089986991944
188870.92	150	0.885	-7.903089986991944
190264.644	150	0.89	-7.903089986991944
190988.656	150	0.895	-7.903089986991944
192019.423	150	0.9	-7.903089986991944
194014.101	150	0.905	-7.903089986991944
195030.214	150	0.91	-7.903089986991944
195961.177	150	0.915	-7.903089986991944
197102.333	150	0.92	-7.903089986991944
197743.625	150	0.925	-7.903089986991944
199696.945	150	0.93	-7.903089986991944
200372.741	150	0.935	-7.903089986991944
201449.357	150	0.94	-7.903089986991944
202201.4	150	0.945	-7.903089986991944
203490.011	150	0.95	-7.903089986991944
205905.801	150	0.955	-7.903089986991944
209353.257	150	0.96	-7.903089986991944
210914.073	150	0.965	-7.903089986991944
216407.933	150	0.97	-7.903089986991944
217814.476	150	0.975	-7.903089986991944
222342.2	150	0.98	-7.903089986991944
238677.693	150	0.985	-7.903089986991944
251617.218	150	0.99	-7.903089986991944
273980.318	150	0.995	-7.903089986991944
161427.143	175	0.5	-7.903089986991944
161792.036	175	0.505	-7.903089986991944
162040.041	175	0.51	-7.903089986991944
162410.198	175	0.515	-7.903089986991944
162565.538	175	0.52	-7.903089986991944
162892.137	175	0.525	-7.903089986991944
163258.255	175	0.53	-7.903089986991944
163617.771	175	0.535	-7.903089986991944
163771.042	175	0.54	-7.903089986991944
164100.0	175	0.545	-7.903089986991944
164574.654	175	0.55	-7.903089986991944
165002.909	175	0.555	-7.903089986991944
165730.641	175	0.56	-7.903089986991944
165966.737	175	0.565	-7.903089986991944
166230.347	175	0.57	-7.903089986991944
166669.73	175	0.575	-7.903089986991944
166947.785	175	0.58	-7.903089986991944
167388.838	175	0.585	-7.903089986991944
167578.575	175	0.59	-7.903089986991944
167910.028	175	0.595	-7.903089986991944
168224.083	175	0.6	-7.903089986991944
168553.701	175	0.605	-7.903089986991944
168912.498	175	0.61	-7.903089986991944
169231.369	175	0.615	-7.903089986991944
169918.819	175	0.62	-7.903089986991944
170414.432	175	0.625	-7.903089986991944
171139.196	175	0.63	-7.903089986991944
171619.557	175	0.635	-7.903089986991944
171681.374	175	0.64	-7.903089986991944
172389.186	175	0.645	-7.903089986991944
172597.336	175	0.65	-7.903089986991944
172795.771	175	0.655	-7.903089986991944
172910.491	175	0.66	-7.903089986991944
173563.786	175	0.665	-7.903089986991944
174248.92	175	0.67	-7.903089986991944
174608.33	175	0.675	-7.903089986991944
174998.227	175	0.68	-7.903089986991944
175431.45	175	0.685	-7.903089986991944
175789.419	175	0.69	-7.903089986991944
176134.02	175	0.695	-7.903089986991944
176606.33	175	0.7	-7.903089986991944
177148.873	175	0.705	-7.903089986991944
177403.01	175	0.71	-7.903089986991944
177598.398	175	0.715	-7.903089986991944
177840.333	175	0.72	-7.903089986991944
178759.92	175	0.725	-7.903089986991944
179173.324	175	0.73	-7.903089986991944
179777.748	175	0.735	-7.903089986991944
180055.16	175	0.74	-7.903089986991944
180662.034	175	0.745	-7.903089986991944
180815.0	175	0.75	-7.903089986991944
181339.83	175	0.755	-7.903089986991944
181856.149	175	0.76	-7.903089986991944
182623.146	175	0.765	-7.903089986991944
183344.553	175	0.77	-7.903089986991944
183736.355	175	0.775	-7.903089986991944
184586.092	175	0.78	-7.903089986991944
185111.712	175	0.785	-7.903089986991944
185359.812	175	0.79	-7.903089986991944
185686.062	175	0.795	-7.903089986991944
186298.755	175	0.8	-7.903089986991944
187119.377	175	0.805	-7.903089986991944
187626.083	175	0.81	-7.903089986991944
188081.786	175	0.815	-7.903089986991944
188449.138	175	0.82	-7.903089986991944
189014.767	175	0.825	-7.903089986991944
189955.314	175	0.83	-7.903089986991944
190202.1	175	0.835	-7.903089986991944
190714.992	175	0.84	-7.903089986991944
191441.889	175	0.845	-7.903089986991944
191825.045	175	0.85	-7.903089986991944
192138.428	175	0.855	-7.903089986991944
192597.969	175	0.86	-7.903089986991944
193111.51	175	0.865	-7.903089986991944
193424.167	175	0.87	-7.903089986991944
194784.286	175	0.875	-7.903089986991944
195304.901	175	0.88	-7.903089986991944
195905.233	175	0.885	-7.903089986991944
196245.229	175	0.89	-7.903089986991944
197046.603	175	0.895	-7.903089986991944
197600.743	175	0.9	-7.903089986991944
198238.123	175	0.905	-7.903089986991944
198756.599	175	0.91	-7.903089986991944
200379.6	175	0.915	-7.903089986991944
201429.02	175	0.92	-7.903089986991944
202500.418	175	0.925	-7.903089986991944
203884.524	175	0.93	-7.903089986991944
204668.371	175	0.935	-7.903089986991944
206376.499	175	0.94	-7.903089986991944
208060.292	175	0.945	-7.903089986991944
209888.493	175	0.95	-7.903089986991944
212350.901	175	0.955	-7.903089986991944
214603.792	175	0.96	-7.903089986991944
216501.95	175	0.965	-7.903089986991944
223332.001	175	0.97	-7.903089986991944
228984.443	175	0.975	-7.903089986991944
233121.829	175	0.98	-7.903089986991944
239326.71	175	0.985	-7.903089986991944
250332.173	175	0.99	-7.903089986991944
260796.509	175	0.995	-7.903089986991944
168106.623	200	0.5	-7.903089986991944
168467.376	200	0.505	-7.903089986991944
168700.453	200	0.51	-7.903089986991944
169072.809	200	0.515	-7.903089986991944
169430.72	200	0.52	-7.903089986991944
169881.878	200	0.525	-7.903089986991944
170445.908	200	0.53	-7.903089986991944
170677.522	200	0.535	-7.903089986991944
171220.914	200	0.54	-7.903089986991944
171633.682	200	0.545	-7.903089986991944
172020.571	200	0.55	-7.903089986991944
172383.57	200	0.555	-7.903089986991944
173054.231	200	0.56	-7.903089986991944
173205.54	200	0.565	-7.903089986991944
173469.174	200	0.57	-7.903089986991944
173824.846	200	0.575	-7.903089986991944
174282.251	200	0.58	-7.903089986991944
174619.818	200	0.585	-7.903089986991944
174904.002	200	0.59	-7.903089986991944
175517.596	200	0.595	-7.903089986991944
175916.186	200	0.6	-7.903089986991944
176468.48	200	0.605	-7.903089986991944
176796.504	200	0.61	-7.903089986991944
177528.824	200	0.615	-7.903089986991944
177739.511	200	0.62	-7.903089986991944
177921.0	200	0.625	-7.903089986991944
178053.455	200	0.63	-7.903089986991944
178472.92	200	0.635	-7.903089986991944
178944.121	200	0.64	-7.903089986991944
179433.624	200	0.645	-7.903089986991944
179674.638	200	0.65	-7.903089986991944
179884.222	200	0.655	-7.903089986991944
180423.886	200	0.66	-7.903089986991944
180936.503	200	0.665	-7.903089986991944
181873.876	200	0.67	-7.903089986991944
182062.639	200	0.675	-7.903089986991944
182456.669	200	0.68	-7.903089986991944
182699.012	200	0.685	-7.903089986991944
182855.73	200	0.69	-7.903089986991944
183248.556	200	0.695	-7.903089986991944
183729.714	200	0.7	-7.903089986991944
184200.323	200	0.705	-7.903089986991944
184680.354	200	0.71	-7.903089986991944
185065.284	200	0.715	-7.903089986991944
185527.311	200	0.72	-7.903089986991944
185793.495	200	0.725	-7.903089986991944
185983.991	200	0.73	-7.903089986991944
186929.988	200	0.735	-7.903089986991944
187214.557	200	0.74	-7.903089986991944
187575.876	200	0.745	-7.903089986991944
187876.341	200	0.75	-7.903089986991944
188462.967	200	0.755	-7.903089986991944
188722.52	200	0.76	-7.903089986991944
189283.982	200	0.765	-7.903089986991944
189590.461	200	0.77	-7.903089986991944
189856.25	200	0.775	-7.903089986991944
190324.346	200	0.78	-7.903089986991944
191053.813	200	0.785	-7.903089986991944
191511.115	200	0.79	-7.903089986991944
192272.929	200	0.795	-7.903089986991944
192551.533	200	0.8	-7.903089986991944
193180.308	200	0.805	-7.903089986991944
193863.714	200	0.81	-7.903089986991944
194286.079	200	0.815	-7.903089986991944
194676.469	200	0.82	-7.903089986991944
195149.635	200	0.825	-7.903089986991944
196546.269	200	0.83	-7.903089986991944
197224.848	200	0.835	-7.903089986991944
197470.971	200	0.84	-7.903089986991944
197913.237	200	0.845	-7.903089986991944
198841.643	200	0.85	-7.903089986991944
199667.972	200	0.855	-7.903089986991944
199932.068	200	0.86	-7.903089986991944
200897.222	200	0.865	-7.903089986991944
201694.862	200	0.87	-7.903089986991944
202431.654	200	0.875	-7.903089986991944
203372.274	200	0.88	-7.903089986991944
203961.41	200	0.885	-7.903089986991944
205585.926	200	0.89	-7.903089986991944
206063.699	200	0.895	-7.903089986991944
206747.714	200	0.9	-7.903089986991944
207723.527	200	0.905	-7.903089986991944
208271.286	200	0.91	-7.903089986991944
208794.642	200	0.915	-7.903089986991944
209594.466	200	0.92	-7.903089986991944
211410.948	200	0.925	-7.903089986991944
212376.462	200	0.93	-7.903089986991944
213992.829	200	0.935	-7.903089986991944
215496.286	200	0.94	-7.903089986991944
219251.242	200	0.945	-7.903089986991944
220925.757	200	0.95	-7.903089986991944
223747.975	200	0.955	-7.903089986991944
229051.938	200	0.96	-7.903089986991944
230742.421	200	0.965	-7.903089986991944
232102.057	200	0.97	-7.903089986991944
237723.639	200	0.975	-7.903089986991944
247808.996	200	0.98	-7.903089986991944
252584.171	200	0.985	-7.903089986991944
267771.73	200	0.99	-7.903089986991944
291696.835	200	0.995	-7.903089986991944
178255.5	225	0.5	-7.903089986991944
178588.029	225	0.505	-7.903089986991944
179044.448	225	0.51	-7.903089986991944
179198.562	225	0.515	-7.903089986991944
179530.257	225	0.52	-7.903089986991944
180015.591	225	0.525	-7.903089986991944
180417.105	225	0.53	-7.903089986991944
180540.499	225	0.535	-7.903089986991944
180817.274	225	0.54	-7.903089986991944
181158.334	225	0.545	-7.903089986991944
181751.022	225	0.55	-7.903089986991944
182331.005	225	0.555	-7.903089986991944
182723.874	225	0.56	-7.903089986991944
182983.748	225	0.565	-7.903089986991944
183462.294	225	0.57	-7.903089986991944
183998.702	225	0.575	-7.903089986991944
184613.225	225	0.58	-7.903089986991944
184807.317	225	0.585	-7.903089986991944
185122.333	225	0.59	-7.903089986991944
185758.828	225	0.595	-7.903089986991944
185998.286	225	0.6	-7.903089986991944
186294.407	225	0.605	-7.903089986991944
186611.541	225	0.61	-7.903089986991944
187033.012	225	0.615	-7.903089986991944
187272.086	225	0.62	-7.903089986991944
187527.661	225	0.625	-7.903089986991944
187774.25	225	0.63	-7.903089986991944
187982.967	225	0.635	-7.903089986991944
188495.895	225	0.64	-7.903089986991944
189099.126	225	0.645	-7.903089986991944
189534.071	225	0.65	-7.903089986991944
190169.153	225	0.655	-7.903089986991944
190735.991	225	0.66	-7.903089986991944
191668.429	225	0.665	-7.903089986991944
192251.983	225	0.67	-7.903089986991944
192632.48	225	0.675	-7.903089986991944
192866.665	225	0.68	-7.903089986991944
193087.378	225	0.685	-7.903089986991944
193614.943	225	0.69	-7.903089986991944
193912.104	225	0.695	-7.903089986991944
194209.0	225	0.7	-7.903089986991944
194557.302	225	0.705	-7.903089986991944
194854.119	225	0.71	-7.903089986991944
195098.571	225	0.715	-7.903089986991944
195636.938	225	0.72	-7.903089986991944
196070.423	225	0.725	-7.903089986991944
196308.029	225	0.73	-7.903089986991944
196500.254	225	0.735	-7.903089986991944
196706.093	225	0.74	-7.903089986991944
197050.632	225	0.745	-7.903089986991944
197801.071	225	0.75	-7.903089986991944
198359.791	225	0.755	-7.903089986991944
198856.8	225	0.76	-7.903089986991944
199600.821	225	0.765	-7.903089986991944
200052.024	225	0.77	-7.903089986991944
200536.598	225	0.775	-7.903089986991944
200817.423	225	0.78	-7.903089986991944
201912.331	225	0.785	-7.903089986991944
202096.774	225	0.79	-7.903089986991944
202908.264	225	0.795	-7.903089986991944
203587.131	225	0.8	-7.903089986991944
203954.426	225	0.805	-7.903089986991944
204326.773	225	0.81	-7.903089986991944
204784.829	225	0.815	-7.903089986991944
205607.802	225	0.82	-7.903089986991944
206123.308	225	0.825	-7.903089986991944
206424.113	225	0.83	-7.903089986991944
206850.136	225	0.835	-7.903089986991944
207571.958	225	0.84	-7.903089986991944
208017.628	225	0.845	-7.903089986991944
208736.595	225	0.85	-7.903089986991944
209457.724	225	0.855	-7.903089986991944
210235.011	225	0.86	-7.903089986991944
210722.916	225	0.865	-7.903089986991944
211456.931	225	0.87	-7.903089986991944
212411.991	225	0.875	-7.903089986991944
213135.771	225	0.88	-7.903089986991944
214486.619	225	0.885	-7.903089986991944
215288.891	225	0.89	-7.903089986991944
216637.299	225	0.895	-7.903089986991944
217993.656	225	0.9	-7.903089986991944
219194.758	225	0.905	-7.903089986991944
220882.943	225	0.91	-7.903089986991944
221704.021	225	0.915	-7.903089986991944
223794.825	225	0.92	-7.903089986991944
226141.536	225	0.925	-7.903089986991944
226824.359	225	0.93	-7.903089986991944
228004.633	225	0.935	-7.903089986991944
229570.286	225	0.94	-7.903089986991944
231467.264	225	0.945	-7.903089986991944
233962.214	225	0.95	-7.903089986991944
234594.879	225	0.955	-7.903089986991944
238380.057	225	0.96	-7.903089986991944
240932.276	225	0.965	-7.903089986991944
242393.357	225	0.97	-7.903089986991944
245348.505	225	0.975	-7.903089986991944
249122.087	225	0.98	-7.903089986991944
257515.843	225	0.985	-7.903089986991944
263908.761	225	0.99	-7.903089986991944
277682.77	225	0.995	-7.903089986991944
183209.106	250	0.5	-7.903089986991944
183551.788	250	0.505	-7.903089986991944
184205.514	250	0.51	-7.903089986991944
184438.529	250	0.515	-7.903089986991944
185357.745	250	0.52	-7.903089986991944
185654.03	250	0.525	-7.903089986991944
185922.012	250	0.53	-7.903089986991944
186604.236	250	0.535	-7.903089986991944
187090.653	250	0.54	-7.903089986991944
187532.486	250	0.545	-7.903089986991944
187834.182	250	0.55	-7.903089986991944
187934.161	250	0.555	-7.903089986991944
188337.223	250	0.56	-7.903089986991944
188518.886	250	0.565	-7.903089986991944
188745.371	250	0.57	-7.903089986991944
189137.362	250	0.575	-7.903089986991944
189593.87	250	0.58	-7.903089986991944
189729.621	250	0.585	-7.903089986991944
190068.175	250	0.59	-7.903089986991944
190378.77	250	0.595	-7.903089986991944
190833.486	250	0.6	-7.903089986991944
191182.221	250	0.605	-7.903089986991944
191578.367	250	0.61	-7.903089986991944
191798.036	250	0.615	-7.903089986991944
192094.006	250	0.62	-7.903089986991944
192399.259	250	0.625	-7.903089986991944
192534.358	250	0.63	-7.903089986991944
192717.129	250	0.635	-7.903089986991944
193069.002	250	0.64	-7.903089986991944
193258.78	250	0.645	-7.903089986991944
193531.904	250	0.65	-7.903089986991944
193685.029	250	0.655	-7.903089986991944
193881.254	250	0.66	-7.903089986991944
194569.488	250	0.665	-7.903089986991944
194878.761	250	0.67	-7.903089986991944
195084.08	250	0.675	-7.903089986991944
195350.674	250	0.68	-7.903089986991944
195740.507	250	0.685	-7.903089986991944
196253.3	250	0.69	-7.903089986991944
196648.128	250	0.695	-7.903089986991944
196951.521	250	0.7	-7.903089986991944
197988.666	250	0.705	-7.903089986991944
198879.431	250	0.71	-7.903089986991944
199315.726	250	0.715	-7.903089986991944
199712.575	250	0.72	-7.903089986991944
200366.854	250	0.725	-7.903089986991944
200759.457	250	0.73	-7.903089986991944
200989.187	250	0.735	-7.903089986991944
201348.686	250	0.74	-7.903089986991944
201669.768	250	0.745	-7.903089986991944
202730.583	250	0.75	-7.903089986991944
203378.852	250	0.755	-7.903089986991944
204219.657	250	0.76	-7.903089986991944
204649.404	250	0.765	-7.903089986991944
205256.961	250	0.77	-7.903089986991944
205550.81	250	0.775	-7.903089986991944
206225.246	250	0.78	-7.903089986991944
206769.535	250	0.785	-7.903089986991944
207275.957	250	0.79	-7.903089986991944
207641.214	250	0.795	-7.903089986991944
207921.176	250	0.8	-7.903089986991944
208462.496	250	0.805	-7.903089986991944
209054.5	250	0.81	-7.903089986991944
209744.652	250	0.815	-7.903089986991944
210136.543	250	0.82	-7.903089986991944
210568.084	250	0.825	-7.903089986991944
211070.586	250	0.83	-7.903089986991944
211610.691	250	0.835	-7.903089986991944
212598.8	250	0.84	-7.903089986991944
213421.957	250	0.845	-7.903089986991944
214073.715	250	0.85	-7.903089986991944
215521.125	250	0.855	-7.903089986991944
216883.6	250	0.86	-7.903089986991944
217430.964	250	0.865	-7.903089986991944
218060.089	250	0.87	-7.903089986991944
219231.964	250	0.875	-7.903089986991944
219915.468	250	0.88	-7.903089986991944
220762.475	250	0.885	-7.903089986991944
222619.782	250	0.89	-7.903089986991944
223321.118	250	0.895	-7.903089986991944
224025.829	250	0.9	-7.903089986991944
224645.828	250	0.905	-7.903089986991944
226623.506	250	0.91	-7.903089986991944
227389.127	250	0.915	-7.903089986991944
228968.057	250	0.92	-7.903089986991944
230580.679	250	0.925	-7.903089986991944
231600.958	250	0.93	-7.903089986991944
233813.9	250	0.935	-7.903089986991944
234641.76	250	0.94	-7.903089986991944
236122.565	250	0.945	-7.903089986991944
238825.675	250	0.95	-7.903089986991944
241650.257	250	0.955	-7.903089986991944
246218.686	250	0.96	-7.903089986991944
247182.854	250	0.965	-7.903089986991944
249202.692	250	0.97	-7.903089986991944
251930.184	250	0.975	-7.903089986991944
257180.079	250	0.98	-7.903089986991944
267500.378	250	0.985	-7.903089986991944
287535.326	250	0.99	-7.903089986991944
310787.679	250	0.995	-7.903089986991944
192104.56	275	0.5	-7.903089986991944
192335.512	275	0.505	-7.903089986991944
192552.044	275	0.51	-7.903089986991944
192813.26	275	0.515	-7.903089986991944
193130.514	275	0.52	-7.903089986991944
193425.17	275	0.525	-7.903089986991944
193699.052	275	0.53	-7.903089986991944
194215.835	275	0.535	-7.903089986991944
194530.269	275	0.54	-7.903089986991944
194643.411	275	0.545	-7.903089986991944
195170.143	275	0.55	-7.903089986991944
195378.987	275	0.555	-7.903089986991944
195755.746	275	0.56	-7.903089986991944
196260.145	275	0.565	-7.903089986991944
196512.053	275	0.57	-7.903089986991944
196911.374	275	0.575	-7.903089986991944
197276.612	275	0.58	-7.903089986991944
197788.815	275	0.585	-7.903089986991944
197834.312	275	0.59	-7.903089986991944
198344.473	275	0.595	-7.903089986991944
198965.714	275	0.6	-7.903089986991944
199524.237	275	0.605	-7.903089986991944
199874.493	275	0.61	-7.903089986991944
200221.93	275	0.615	-7.903089986991944
200522.082	275	0.62	-7.903089986991944
201141.401	275	0.625	-7.903089986991944
201276.368	275	0.63	-7.903089986991944
201990.371	275	0.635	-7.903089986991944
202328.411	275	0.64	-7.903089986991944
202895.418	275	0.645	-7.903089986991944
203474.442	275	0.65	-7.903089986991944
204065.389	275	0.655	-7.903089986991944
204388.709	275	0.66	-7.903089986991944
204950.75	275	0.665	-7.903089986991944
205381.544	275	0.67	-7.903089986991944
205940.165	275	0.675	-7.903089986991944
206161.754	275	0.68	-7.903089986991944
206623.94	275	0.685	-7.903089986991944
206867.386	275	0.69	-7.903089986991944
207289.694	275	0.695	-7.903089986991944
207674.0	275	0.7	-7.903089986991944
207968.063	275	0.705	-7.903089986991944
208379.427	275	0.71	-7.903089986991944
208680.969	275	0.715	-7.903089986991944
208932.457	275	0.72	-7.903089986991944
209453.925	275	0.725	-7.903089986991944
209817.871	275	0.73	-7.903089986991944
209960.843	275	0.735	-7.903089986991944
210191.016	275	0.74	-7.903089986991944
210540.158	275	0.745	-7.903089986991944
210745.036	275	0.75	-7.903089986991944
211265.396	275	0.755	-7.903089986991944
211557.431	275	0.76	-7.903089986991944
212049.16	275	0.765	-7.903089986991944
212445.843	275	0.77	-7.903089986991944
213233.555	275	0.775	-7.903089986991944
213835.016	275	0.78	-7.903089986991944
214706.264	275	0.785	-7.903089986991944
215115.786	275	0.79	-7.903089986991944
215419.279	275	0.795	-7.903089986991944
215773.229	275	0.8	-7.903089986991944
216856.85	275	0.805	-7.903089986991944
217547.856	275	0.81	-7.903089986991944
218276.464	275	0.815	-7.903089986991944
218799.056	275	0.82	-7.903089986991944
219674.719	275	0.825	-7.903089986991944
220170.417	275	0.83	-7.903089986991944
220561.064	275	0.835	-7.903089986991944
220856.074	275	0.84	-7.903089986991944
221461.607	275	0.845	-7.903089986991944
222236.77	275	0.85	-7.903089986991944
222668.886	275	0.855	-7.903089986991944
223263.474	275	0.86	-7.903089986991944
224127.846	275	0.865	-7.903089986991944
224362.6	275	0.87	-7.903089986991944
224978.886	275	0.875	-7.903089986991944
226299.56	275	0.88	-7.903089986991944
227313.421	275	0.885	-7.903089986991944
228082.312	275	0.89	-7.903089986991944
228688.878	275	0.895	-7.903089986991944
229880.414	275	0.9	-7.903089986991944
230603.197	275	0.905	-7.903089986991944
231646.793	275	0.91	-7.903089986991944
233037.986	275	0.915	-7.903089986991944
234073.771	275	0.92	-7.903089986991944
235373.637	275	0.925	-7.903089986991944
236100.071	275	0.93	-7.903089986991944
238669.129	275	0.935	-7.903089986991944
241021.87	275	0.94	-7.903089986991944
243050.685	275	0.945	-7.903089986991944
246259.626	275	0.95	-7.903089986991944
251863.054	275	0.955	-7.903089986991944
255738.686	275	0.96	-7.903089986991944
260824.059	275	0.965	-7.903089986991944
267289.943	275	0.97	-7.903089986991944
273260.563	275	0.975	-7.903089986991944
279520.8	275	0.98	-7.903089986991944
283867.8	275	0.985	-7.903089986991944
291480.026	275	0.99	-7.903089986991944
309459.508	275	0.995	-7.903089986991944
199778.821	300	0.5	-7.903089986991944
200701.407	300	0.505	-7.903089986991944
201061.576	300	0.51	-7.903089986991944
201285.015	300	0.515	-7.903089986991944
201484.209	300	0.52	-7.903089986991944
201966.343	300	0.525	-7.903089986991944
202264.805	300	0.53	-7.903089986991944
202785.433	300	0.535	-7.903089986991944
203337.679	300	0.54	-7.903089986991944
203703.96	300	0.545	-7.903089986991944
204203.396	300	0.55	-7.903089986991944
204443.475	300	0.555	-7.903089986991944
205053.673	300	0.56	-7.903089986991944
205294.613	300	0.565	-7.903089986991944
205413.531	300	0.57	-7.903089986991944
205980.146	300	0.575	-7.903089986991944
206248.697	300	0.58	-7.903089986991944
206490.257	300	0.585	-7.903089986991944
206999.9	300	0.59	-7.903089986991944
207398.95	300	0.595	-7.903089986991944
207966.571	300	0.6	-7.903089986991944
208315.327	300	0.605	-7.903089986991944
208399.97	300	0.61	-7.903089986991944
208659.788	300	0.615	-7.903089986991944
209266.171	300	0.62	-7.903089986991944
209590.973	300	0.625	-7.903089986991944
209813.439	300	0.63	-7.903089986991944
210381.866	300	0.635	-7.903089986991944
210633.6	300	0.64	-7.903089986991944
211088.486	300	0.645	-7.903089986991944
211585.675	300	0.65	-7.903089986991944
211789.821	300	0.655	-7.903089986991944
212112.733	300	0.66	-7.903089986991944
212290.964	300	0.665	-7.903089986991944
212515.953	300	0.67	-7.903089986991944
212978.571	300	0.675	-7.903089986991944
213607.734	300	0.68	-7.903089986991944
213792.836	300	0.685	-7.903089986991944
214006.801	300	0.69	-7.903089986991944
214255.001	300	0.695	-7.903089986991944
214621.829	300	0.7	-7.903089986991944
215203.064	300	0.705	-7.903089986991944
215318.165	300	0.71	-7.903089986991944
215828.957	300	0.715	-7.903089986991944
216174.686	300	0.72	-7.903089986991944
216483.248	300	0.725	-7.903089986991944
216994.967	300	0.73	-7.903089986991944
217289.748	300	0.735	-7.903089986991944
217960.029	300	0.74	-7.903089986991944
218587.657	300	0.745	-7.903089986991944
218814.753	300	0.75	-7.903089986991944
218993.771	300	0.755	-7.903089986991944
219542.526	300	0.76	-7.903089986991944
219761.464	300	0.765	-7.903089986991944
220170.177	300	0.77	-7.903089986991944
220536.409	300	0.775	-7.903089986991944
220875.759	300	0.78	-7.903089986991944
221670.007	300	0.785	-7.903089986991944
222215.371	300	0.79	-7.903089986991944
223109.557	300	0.795	-7.903089986991944
223463.759	300	0.8	-7.903089986991944
223941.243	300	0.805	-7.903089986991944
224453.058	300	0.81	-7.903089986991944
224935.706	300	0.815	-7.903089986991944
225562.487	300	0.82	-7.903089986991944
226421.429	300	0.825	-7.903089986991944
227032.571	300	0.83	-7.903089986991944
228027.814	300	0.835	-7.903089986991944
228425.892	300	0.84	-7.903089986991944
229228.604	300	0.845	-7.903089986991944
229566.011	300	0.85	-7.903089986991944
230073.025	300	0.855	-7.903089986991944
230402.057	300	0.86	-7.903089986991944
231161.874	300	0.865	-7.903089986991944
232489.043	300	0.87	-7.903089986991944
233150.366	300	0.875	-7.903089986991944
233768.523	300	0.88	-7.903089986991944
234846.014	300	0.885	-7.903089986991944
235337.986	300	0.89	-7.903089986991944
237249.813	300	0.895	-7.903089986991944
238837.231	300	0.9	-7.903089986991944
239853.917	300	0.905	-7.903089986991944
240853.857	300	0.91	-7.903089986991944
242760.243	300	0.915	-7.903089986991944
243558.434	300	0.92	-7.903089986991944
246478.709	300	0.925	-7.903089986991944
250106.394	300	0.93	-7.903089986991944
251864.563	300	0.935	-7.903089986991944
253503.127	300	0.94	-7.903089986991944
257186.933	300	0.945	-7.903089986991944
259188.0	300	0.95	-7.903089986991944
263009.689	300	0.955	-7.903089986991944
268109.383	300	0.96	-7.903089986991944
273998.119	300	0.965	-7.903089986991944
276705.391	300	0.97	-7.903089986991944
282124.959	300	0.975	-7.903089986991944
287924.875	300	0.98	-7.903089986991944
300351.979	300	0.985	-7.903089986991944
307623.614	300	0.99	-7.903089986991944
330383.228	300	0.995	-7.903089986991944
205933.25	325	0.5	-7.903089986991944
206159.578	325	0.505	-7.903089986991944
206618.392	325	0.51	-7.903089986991944
206856.118	325	0.515	-7.903089986991944
207116.149	325	0.52	-7.903089986991944
207633.073	325	0.525	-7.903089986991944
208030.448	325	0.53	-7.903089986991944
208194.883	325	0.535	-7.903089986991944
208465.604	325	0.54	-7.903089986991944
208884.551	325	0.545	-7.903089986991944
209272.182	325	0.55	-7.903089986991944
209637.793	325	0.555	-7.903089986991944
209762.28	325	0.56	-7.903089986991944
210157.707	325	0.565	-7.903089986991944
210882.81	325	0.57	-7.903089986991944
211812.758	325	0.575	-7.903089986991944
212211.684	325	0.58	-7.903089986991944
212442.427	325	0.585	-7.903089986991944
212702.143	325	0.59	-7.903089986991944
213034.629	325	0.595	-7.903089986991944
213102.376	325	0.6	-7.903089986991944
213395.75	325	0.605	-7.903089986991944
213899.099	325	0.61	-7.903089986991944
214671.429	325	0.615	-7.903089986991944
215353.794	325	0.62	-7.903089986991944
215727.188	325	0.625	-7.903089986991944
215844.267	325	0.63	-7.903089986991944
216235.848	325	0.635	-7.903089986991944
216966.571	325	0.64	-7.903089986991944
217587.082	325	0.645	-7.903089986991944
218235.304	325	0.65	-7.903089986991944
218755.003	325	0.655	-7.903089986991944
218932.831	325	0.66	-7.903089986991944
219138.379	325	0.665	-7.903089986991944
219698.066	325	0.67	-7.903089986991944
220517.8	325	0.675	-7.903089986991944
220946.243	325	0.68	-7.903089986991944
221414.905	325	0.685	-7.903089986991944
221838.26	325	0.69	-7.903089986991944
222038.08	325	0.695	-7.903089986991944
222306.571	325	0.7	-7.903089986991944
222577.729	325	0.705	-7.903089986991944
223411.419	325	0.71	-7.903089986991944
223870.8	325	0.715	-7.903089986991944
224500.069	325	0.72	-7.903089986991944
224962.032	325	0.725	-7.903089986991944
225581.862	325	0.73	-7.903089986991944
226168.336	325	0.735	-7.903089986991944
226706.439	325	0.74	-7.903089986991944
226846.575	325	0.745	-7.903089986991944
227107.036	325	0.75	-7.903089986991944
227730.678	325	0.755	-7.903089986991944
228093.886	325	0.76	-7.903089986991944
228416.562	325	0.765	-7.903089986991944
229079.382	325	0.77	-7.903089986991944
229502.518	325	0.775	-7.903089986991944
230257.26	325	0.78	-7.903089986991944
230566.749	325	0.785	-7.903089986991944
230949.643	325	0.79	-7.903089986991944
231302.693	325	0.795	-7.903089986991944
231737.214	325	0.8	-7.903089986991944
232720.301	325	0.805	-7.903089986991944
233137.538	325	0.81	-7.903089986991944
234396.357	325	0.815	-7.903089986991944
235102.521	325	0.82	-7.903089986991944
236098.568	325	0.825	-7.903089986991944
236722.843	325	0.83	-7.903089986991944
237095.988	325	0.835	-7.903089986991944
237919.206	325	0.84	-7.903089986991944
238209.8	325	0.845	-7.903089986991944
238524.907	325	0.85	-7.903089986991944
239073.721	325	0.855	-7.903089986991944
240019.157	325	0.86	-7.903089986991944
241154.195	325	0.865	-7.903089986991944
242204.029	325	0.87	-7.903089986991944
243806.429	325	0.875	-7.903089986991944
245014.394	325	0.88	-7.903089986991944
245932.536	325	0.885	-7.903089986991944
247469.628	325	0.89	-7.903089986991944
248388.643	325	0.895	-7.903089986991944
250312.443	325	0.9	-7.903089986991944
251757.321	325	0.905	-7.903089986991944
252712.629	325	0.91	-7.903089986991944
253387.064	325	0.915	-7.903089986991944
254874.959	325	0.92	-7.903089986991944
256346.429	325	0.925	-7.903089986991944
258995.694	325	0.93	-7.903089986991944
260867.841	325	0.935	-7.903089986991944
264079.8	325	0.94	-7.903089986991944
267027.557	325	0.945	-7.903089986991944
269681.714	325	0.95	-7.903089986991944
271978.207	325	0.955	-7.903089986991944
272667.651	325	0.96	-7.903089986991944
277139.893	325	0.965	-7.903089986991944
282568.869	325	0.97	-7.903089986991944
286751.388	325	0.975	-7.903089986991944
297113.921	325	0.98	-7.903089986991944
307988.917	325	0.985	-7.903089986991944
333864.002	325	0.99	-7.903089986991944
357534.676	325	0.995	-7.903089986991944
212508.571	350	0.5	-7.903089986991944
212839.964	350	0.505	-7.903089986991944
213050.59	350	0.51	-7.903089986991944
213197.442	350	0.515	-7.903089986991944
213384.823	350	0.52	-7.903089986991944
213725.507	350	0.525	-7.903089986991944
213974.948	350	0.53	-7.903089986991944
214129.767	350	0.535	-7.903089986991944
214829.187	350	0.54	-7.903089986991944
215205.939	350	0.545	-7.903089986991944
215757.961	350	0.55	-7.903089986991944
216137.692	350	0.555	-7.903089986991944
216315.543	350	0.56	-7.903089986991944
216627.4	350	0.565	-7.903089986991944
216892.126	350	0.57	-7.903089986991944
217089.207	350	0.575	-7.903089986991944
217660.086	350	0.58	-7.903089986991944
218382.788	350	0.585	-7.903089986991944
218740.757	350	0.59	-7.903089986991944
219046.364	350	0.595	-7.903089986991944
219367.457	350	0.6	-7.903089986991944
219618.069	350	0.605	-7.903089986991944
219862.071	350	0.61	-7.903089986991944
220285.37	350	0.615	-7.903089986991944
220531.713	350	0.62	-7.903089986991944
220748.723	350	0.625	-7.903089986991944
221241.319	350	0.63	-7.903089986991944
221581.083	350	0.635	-7.903089986991944
221897.9	350	0.64	-7.903089986991944
222142.771	350	0.645	-7.903089986991944
222339.2	350	0.65	-7.903089986991944
222645.849	350	0.655	-7.903089986991944
223215.359	350	0.66	-7.903089986991944
223645.009	350	0.665	-7.903089986991944
223916.656	350	0.67	-7.903089986991944
224160.75	350	0.675	-7.903089986991944
224489.126	350	0.68	-7.903089986991944
224794.05	350	0.685	-7.903089986991944
225032.081	350	0.69	-7.903089986991944
225504.885	350	0.695	-7.903089986991944
226223.714	350	0.7	-7.903089986991944
226646.053	350	0.705	-7.903089986991944
226890.778	350	0.71	-7.903089986991944
227707.899	350	0.715	-7.903089986991944
228177.303	350	0.72	-7.903089986991944
228813.357	350	0.725	-7.903089986991944
229206.978	350	0.73	-7.903089986991944
229753.849	350	0.735	-7.903089986991944
230222.676	350	0.74	-7.903089986991944
230619.486	350	0.745	-7.903089986991944
231030.804	350	0.75	-7.903089986991944
231595.679	350	0.755	-7.903089986991944
232423.594	350	0.76	-7.903089986991944
232955.558	350	0.765	-7.903089986991944
233718.912	350	0.77	-7.903089986991944
234237.143	350	0.775	-7.903089986991944
234432.316	350	0.78	-7.903089986991944
235685.515	350	0.785	-7.903089986991944
236034.629	350	0.79	-7.903089986991944
236982.525	350	0.795	-7.903089986991944
237496.014	350	0.8	-7.903089986991944
238398.45	350	0.805	-7.903089986991944
238639.287	350	0.81	-7.903089986991944
239225.933	350	0.815	-7.903089986991944
239769.371	350	0.82	-7.903089986991944
240613.421	350	0.825	-7.903089986991944
241198.381	350	0.83	-7.903089986991944
242210.819	350	0.835	-7.903089986991944
243197.017	350	0.84	-7.903089986991944
243925.636	350	0.845	-7.903089986991944
244892.779	350	0.85	-7.903089986991944
245678.197	350	0.855	-7.903089986991944
246436.993	350	0.86	-7.903089986991944
248242.572	350	0.865	-7.903089986991944
248595.891	350	0.87	-7.903089986991944
249544.643	350	0.875	-7.903089986991944
250996.966	350	0.88	-7.903089986991944
251336.834	350	0.885	-7.903089986991944
252225.131	350	0.89	-7.903089986991944
254393.334	350	0.895	-7.903089986991944
254944.514	350	0.9	-7.903089986991944
255953.922	350	0.905	-7.903089986991944
256881.414	350	0.91	-7.903089986991944
257922.371	350	0.915	-7.903089986991944
258946.057	350	0.92	-7.903089986991944
259786.002	350	0.925	-7.903089986991944
261107.242	350	0.93	-7.903089986991944
263699.414	350	0.935	-7.903089986991944
266101.29	350	0.94	-7.903089986991944
269647.465	350	0.945	-7.903089986991944
270900.854	350	0.95	-7.903089986991944
272296.129	350	0.955	-7.903089986991944
273886.629	350	0.96	-7.903089986991944
277327.933	350	0.965	-7.903089986991944
279321.798	350	0.97	-7.903089986991944
282868.389	350	0.975	-7.903089986991944
290596.457	350	0.98	-7.903089986991944
301350.53	350	0.985	-7.903089986991944
308344.186	350	0.99	-7.903089986991944
340635.945	350	0.995	-7.903089986991944
219520.607	375	0.5	-7.903089986991944
219703.342	375	0.505	-7.903089986991944
220338.436	375	0.51	-7.903089986991944
220763.892	375	0.515	-7.903089986991944
220946.32	375	0.52	-7.903089986991944
221142.357	375	0.525	-7.903089986991944
221558.437	375	0.53	-7.903089986991944
221804.624	375	0.535	-7.903089986991944
222237.896	375	0.54	-7.903089986991944
222428.971	375	0.545	-7.903089986991944
222831.461	375	0.55	-7.903089986991944
223163.128	375	0.555	-7.903089986991944
223317.46	375	0.56	-7.903089986991944
223512.83	375	0.565	-7.903089986991944
223716.029	375	0.57	-7.903089986991944
224109.143	375	0.575	-7.903089986991944
225100.671	375	0.58	-7.903089986991944
225382.721	375	0.585	-7.903089986991944
225583.257	375	0.59	-7.903089986991944
225868.356	375	0.595	-7.903089986991944
226418.031	375	0.6	-7.903089986991944
226701.151	375	0.605	-7.903089986991944
227222.577	375	0.61	-7.903089986991944
227508.371	375	0.615	-7.903089986991944
227799.275	375	0.62	-7.903089986991944
228224.259	375	0.625	-7.903089986991944
228580.026	375	0.63	-7.903089986991944
228846.605	375	0.635	-7.903089986991944
229571.854	375	0.64	-7.903089986991944
230153.965	375	0.645	-7.903089986991944
230621.568	375	0.65	-7.903089986991944
231302.911	375	0.655	-7.903089986991944
231730.906	375	0.66	-7.903089986991944
232382.964	375	0.665	-7.903089986991944
232772.795	375	0.67	-7.903089986991944
233015.073	375	0.675	-7.903089986991944
233475.14	375	0.68	-7.903089986991944
233896.954	375	0.685	-7.903089986991944
234053.251	375	0.69	-7.903089986991944
234262.835	375	0.695	-7.903089986991944
234522.714	375	0.7	-7.903089986991944
235084.264	375	0.705	-7.903089986991944
235775.447	375	0.71	-7.903089986991944
236267.159	375	0.715	-7.903089986991944
236520.611	375	0.72	-7.903089986991944
237239.766	375	0.725	-7.903089986991944
237499.417	375	0.73	-7.903089986991944
237848.263	375	0.735	-7.903089986991944
238229.836	375	0.74	-7.903089986991944
238573.929	375	0.745	-7.903089986991944
238979.0	375	0.75	-7.903089986991944
239311.68	375	0.755	-7.903089986991944
240053.292	375	0.76	-7.903089986991944
240210.308	375	0.765	-7.903089986991944
240799.645	375	0.77	-7.903089986991944
241412.416	375	0.775	-7.903089986991944
242007.006	375	0.78	-7.903089986991944
242159.72	375	0.785	-7.903089986991944
242597.958	375	0.79	-7.903089986991944
244251.0	375	0.795	-7.903089986991944
245423.457	375	0.8	-7.903089986991944
246046.579	375	0.805	-7.903089986991944
246543.099	375	0.81	-7.903089986991944
247079.956	375	0.815	-7.903089986991944
247661.959	375	0.82	-7.903089986991944
248368.548	375	0.825	-7.903089986991944
249530.043	375	0.83	-7.903089986991944
250374.638	375	0.835	-7.903089986991944
251533.797	375	0.84	-7.903089986991944
251811.429	375	0.845	-7.903089986991944
252245.193	375	0.85	-7.903089986991944
253596.3	375	0.855	-7.903089986991944
253978.953	375	0.86	-7.903089986991944
254716.055	375	0.865	-7.903089986991944
255894.614	375	0.87	-7.903089986991944
257039.098	375	0.875	-7.903089986991944
258536.806	375	0.88	-7.903089986991944
259401.347	375	0.885	-7.903089986991944
260481.014	375	0.89	-7.903089986991944
261460.45	375	0.895	-7.903089986991944
262923.125	375	0.9	-7.903089986991944
263840.243	375	0.905	-7.903089986991944
266124.342	375	0.91	-7.903089986991944
266719.881	375	0.915	-7.903089986991944
267283.34	375	0.92	-7.903089986991944
268064.821	375	0.925	-7.903089986991944
268987.727	375	0.93	-7.903089986991944
270074.03	375	0.935	-7.903089986991944
273321.839	375	0.94	-7.903089986991944
274992.808	375	0.945	-7.903089986991944
276345.204	375	0.95	-7.903089986991944
281858.462	375	0.955	-7.903089986991944
285417.818	375	0.96	-7.903089986991944
292609.448	375	0.965	-7.903089986991944
298024.386	375	0.97	-7.903089986991944
308756.034	375	0.975	-7.903089986991944
313286.985	375	0.98	-7.903089986991944
321021.907	375	0.985	-7.903089986991944
354218.028	375	0.99	-7.903089986991944
391887.349	375	0.995	-7.903089986991944
224689.909	400	0.5	-7.903089986991944
225058.478	400	0.505	-7.903089986991944
225264.523	400	0.51	-7.903089986991944
225414.863	400	0.515	-7.903089986991944
225857.691	400	0.52	-7.903089986991944
226181.964	400	0.525	-7.903089986991944
226344.01	400	0.53	-7.903089986991944
226709.335	400	0.535	-7.903089986991944
226944.657	400	0.54	-7.903089986991944
227140.786	400	0.545	-7.903089986991944
227992.571	400	0.55	-7.903089986991944
228064.157	400	0.555	-7.903089986991944
228388.933	400	0.56	-7.903089986991944
228679.555	400	0.565	-7.903089986991944
228860.314	400	0.57	-7.903089986991944
229227.807	400	0.575	-7.903089986991944
229722.382	400	0.58	-7.903089986991944
230374.486	400	0.585	-7.903089986991944
230686.553	400	0.59	-7.903089986991944
231538.063	400	0.595	-7.903089986991944
231736.0	400	0.6	-7.903089986991944
232061.277	400	0.605	-7.903089986991944
232223.9	400	0.61	-7.903089986991944
232464.964	400	0.615	-7.903089986991944
232641.041	400	0.62	-7.903089986991944
232995.0	400	0.625	-7.903089986991944
233347.929	400	0.63	-7.903089986991944
233873.674	400	0.635	-7.903089986991944
234080.757	400	0.64	-7.903089986991944
234464.558	400	0.645	-7.903089986991944
234858.663	400	0.65	-7.903089986991944
235401.734	400	0.655	-7.903089986991944
235984.543	400	0.66	-7.903089986991944
236235.257	400	0.665	-7.903089986991944
236422.829	400	0.67	-7.903089986991944
236712.571	400	0.675	-7.903089986991944
237002.629	400	0.68	-7.903089986991944
237614.736	400	0.685	-7.903089986991944
237659.922	400	0.69	-7.903089986991944
237853.086	400	0.695	-7.903089986991944
238226.836	400	0.7	-7.903089986991944
238678.822	400	0.705	-7.903089986991944
239005.614	400	0.71	-7.903089986991944
239270.279	400	0.715	-7.903089986991944
240132.171	400	0.72	-7.903089986991944
240933.084	400	0.725	-7.903089986991944
241388.042	400	0.73	-7.903089986991944
241894.64	400	0.735	-7.903089986991944
242286.2	400	0.74	-7.903089986991944
242694.837	400	0.745	-7.903089986991944
243150.357	400	0.75	-7.903089986991944
243694.264	400	0.755	-7.903089986991944
244432.114	400	0.76	-7.903089986991944
244807.479	400	0.765	-7.903089986991944
245258.414	400	0.77	-7.903089986991944
245664.575	400	0.775	-7.903089986991944
245857.786	400	0.78	-7.903089986991944
246172.746	400	0.785	-7.903089986991944
246577.229	400	0.79	-7.903089986991944
246879.815	400	0.795	-7.903089986991944
247509.729	400	0.8	-7.903089986991944
247783.121	400	0.805	-7.903089986991944
248420.029	400	0.81	-7.903089986991944
249134.632	400	0.815	-7.903089986991944
249839.962	400	0.82	-7.903089986991944
250570.571	400	0.825	-7.903089986991944
251759.976	400	0.83	-7.903089986991944
252048.865	400	0.835	-7.903089986991944
254681.826	400	0.84	-7.903089986991944
255579.583	400	0.845	-7.903089986991944
256045.571	400	0.85	-7.903089986991944
256615.554	400	0.855	-7.903089986991944
257036.847	400	0.86	-7.903089986991944
257538.789	400	0.865	-7.903089986991944
258079.144	400	0.87	-7.903089986991944
258659.518	400	0.875	-7.903089986991944
259026.111	400	0.88	-7.903089986991944
259909.286	400	0.885	-7.903089986991944
260884.219	400	0.89	-7.903089986991944
262225.371	400	0.895	-7.903089986991944
262851.479	400	0.9	-7.903089986991944
263804.815	400	0.905	-7.903089986991944
264632.814	400	0.91	-7.903089986991944
266062.202	400	0.915	-7.903089986991944
267549.771	400	0.92	-7.903089986991944
268425.893	400	0.925	-7.903089986991944
269340.757	400	0.93	-7.903089986991944
271862.7	400	0.935	-7.903089986991944
272823.564	400	0.94	-7.903089986991944
276102.304	400	0.945	-7.903089986991944
279179.793	400	0.95	-7.903089986991944
282089.907	400	0.955	-7.903089986991944
284351.257	400	0.96	-7.903089986991944
287185.3	400	0.965	-7.903089986991944
293149.645	400	0.97	-7.903089986991944
299734.612	400	0.975	-7.903089986991944
311080.881	400	0.98	-7.903089986991944
342347.323	400	0.985	-7.903089986991944
351955.829	400	0.99	-7.903089986991944
387272.0	400	0.995	-7.903089986991944
230802.429	425	0.5	-7.903089986991944
231204.75	425	0.505	-7.903089986991944
231665.171	425	0.51	-7.903089986991944
232047.75	425	0.515	-7.903089986991944
232228.297	425	0.52	-7.903089986991944
232397.577	425	0.525	-7.903089986991944
232516.829	425	0.53	-7.903089986991944
232879.472	425	0.535	-7.903089986991944
233295.486	425	0.54	-7.903089986991944
233595.202	425	0.545	-7.903089986991944
234211.682	425	0.55	-7.903089986991944
234577.702	425	0.555	-7.903089986991944
234773.26	425	0.56	-7.903089986991944
235030.064	425	0.565	-7.903089986991944
235240.029	425	0.57	-7.903089986991944
235658.5	425	0.575	-7.903089986991944
235895.262	425	0.58	-7.903089986991944
236535.62	425	0.585	-7.903089986991944
236892.745	425	0.59	-7.903089986991944
237389.249	425	0.595	-7.903089986991944
237667.143	425	0.6	-7.903089986991944
237985.917	425	0.605	-7.903089986991944
238516.029	425	0.61	-7.903089986991944
238714.115	425	0.615	-7.903089986991944
239077.249	425	0.62	-7.903089986991944
239368.625	425	0.625	-7.903089986991944
239717.255	425	0.63	-7.903089986991944
239848.255	425	0.635	-7.903089986991944
239983.511	425	0.64	-7.903089986991944
240674.971	425	0.645	-7.903089986991944
241196.6	425	0.65	-7.903089986991944
241466.952	425	0.655	-7.903089986991944
241910.647	425	0.66	-7.903089986991944
242125.843	425	0.665	-7.903089986991944
243191.757	425	0.67	-7.903089986991944
243590.957	425	0.675	-7.903089986991944
243863.369	425	0.68	-7.903089986991944
243991.296	425	0.685	-7.903089986991944
244364.514	425	0.69	-7.903089986991944
245002.091	425	0.695	-7.903089986991944
245398.714	425	0.7	-7.903089986991944
246042.243	425	0.705	-7.903089986991944
246768.241	425	0.71	-7.903089986991944
246986.704	425	0.715	-7.903089986991944
247473.771	425	0.72	-7.903089986991944
248494.663	425	0.725	-7.903089986991944
249105.519	425	0.73	-7.903089986991944
249756.492	425	0.735	-7.903089986991944
250194.083	425	0.74	-7.903089986991944
250512.157	425	0.745	-7.903089986991944
250950.393	425	0.75	-7.903089986991944
252113.361	425	0.755	-7.903089986991944
252812.554	425	0.76	-7.903089986991944
253229.136	425	0.765	-7.903089986991944
254172.371	425	0.77	-7.903089986991944
254760.23	425	0.775	-7.903089986991944
255160.104	425	0.78	-7.903089986991944
255648.207	425	0.785	-7.903089986991944
256011.571	425	0.79	-7.903089986991944
256900.579	425	0.795	-7.903089986991944
257479.854	425	0.8	-7.903089986991944
258521.6	425	0.805	-7.903089986991944
258897.414	425	0.81	-7.903089986991944
259500.851	425	0.815	-7.903089986991944
260862.196	425	0.82	-7.903089986991944
261886.214	425	0.825	-7.903089986991944
262292.134	425	0.83	-7.903089986991944
263460.479	425	0.835	-7.903089986991944
264644.003	425	0.84	-7.903089986991944
265444.041	425	0.845	-7.903089986991944
266133.511	425	0.85	-7.903089986991944
267714.293	425	0.855	-7.903089986991944
269176.009	425	0.86	-7.903089986991944
270114.912	425	0.865	-7.903089986991944
271843.239	425	0.87	-7.903089986991944
273554.027	425	0.875	-7.903089986991944
275172.629	425	0.88	-7.903089986991944
276760.765	425	0.885	-7.903089986991944
277075.829	425	0.89	-7.903089986991944
279055.414	425	0.895	-7.903089986991944
281409.332	425	0.9	-7.903089986991944
282480.473	425	0.905	-7.903089986991944
284650.257	425	0.91	-7.903089986991944
287869.519	425	0.915	-7.903089986991944
289438.98	425	0.92	-7.903089986991944
292154.214	425	0.925	-7.903089986991944
294435.744	425	0.93	-7.903089986991944
296483.155	425	0.935	-7.903089986991944
299605.943	425	0.94	-7.903089986991944
303751.464	425	0.945	-7.903089986991944
308869.429	425	0.95	-7.903089986991944
310437.916	425	0.955	-7.903089986991944
316254.704	425	0.96	-7.903089986991944
323966.316	425	0.965	-7.903089986991944
333145.716	425	0.97	-7.903089986991944
338761.973	425	0.975	-7.903089986991944
342507.171	425	0.98	-7.903089986991944
359833.47	425	0.985	-7.903089986991944
384748.571	425	0.99	-7.903089986991944
405897.883	425	0.995	-7.903089986991944
237372.107	450	0.5	-7.903089986991944
237654.136	450	0.505	-7.903089986991944
237797.057	450	0.51	-7.903089986991944
238024.381	450	0.515	-7.903089986991944
238261.806	450	0.52	-7.903089986991944
238786.038	450	0.525	-7.903089986991944
239097.633	450	0.53	-7.903089986991944
239257.307	450	0.535	-7.903089986991944
239536.257	450	0.54	-7.903089986991944
239887.436	450	0.545	-7.903089986991944
240537.754	450	0.55	-7.903089986991944
240826.212	450	0.555	-7.903089986991944
241483.631	450	0.56	-7.903089986991944
241720.652	450	0.565	-7.903089986991944
241883.886	450	0.57	-7.903089986991944
242383.036	450	0.575	-7.903089986991944
242747.459	450	0.58	-7.903089986991944
242966.843	450	0.585	-7.903089986991944
243318.756	450	0.59	-7.903089986991944
243593.343	450	0.595	-7.903089986991944
243888.347	450	0.6	-7.903089986991944
244282.685	450	0.605	-7.903089986991944
244915.657	450	0.61	-7.903089986991944
245590.479	450	0.615	-7.903089986991944
246140.481	450	0.62	-7.903089986991944
246532.723	450	0.625	-7.903089986991944
247975.643	450	0.63	-7.903089986991944
248241.826	450	0.635	-7.903089986991944
248753.04	450	0.64	-7.903089986991944
249125.492	450	0.645	-7.903089986991944
249720.5	450	0.65	-7.903089986991944
249874.857	450	0.655	-7.903089986991944
250139.34	450	0.66	-7.903089986991944
250768.593	450	0.665	-7.903089986991944
251400.324	450	0.67	-7.903089986991944
251689.441	450	0.675	-7.903089986991944
252212.134	450	0.68	-7.903089986991944
252586.221	450	0.685	-7.903089986991944
252973.706	450	0.69	-7.903089986991944
253280.921	450	0.695	-7.903089986991944
253399.086	450	0.7	-7.903089986991944
253699.449	450	0.705	-7.903089986991944
254128.086	450	0.71	-7.903089986991944
254494.099	450	0.715	-7.903089986991944
254653.714	450	0.72	-7.903089986991944
255027.091	450	0.725	-7.903089986991944
255342.219	450	0.73	-7.903089986991944
255753.179	450	0.735	-7.903089986991944
256043.397	450	0.74	-7.903089986991944
256432.175	450	0.745	-7.903089986991944
257082.857	450	0.75	-7.903089986991944
257267.092	450	0.755	-7.903089986991944
257810.409	450	0.76	-7.903089986991944
258203.0	450	0.765	-7.903089986991944
258971.092	450	0.77	-7.903089986991944
259428.38	450	0.775	-7.903089986991944
259637.054	450	0.78	-7.903089986991944
260140.923	450	0.785	-7.903089986991944
261235.486	450	0.79	-7.903089986991944
261854.436	450	0.795	-7.903089986991944
262488.857	450	0.8	-7.903089986991944
263622.9	450	0.805	-7.903089986991944
264264.543	450	0.81	-7.903089986991944
264796.293	450	0.815	-7.903089986991944
265528.216	450	0.82	-7.903089986991944
266592.702	450	0.825	-7.903089986991944
268710.886	450	0.83	-7.903089986991944
269408.018	450	0.835	-7.903089986991944
269818.057	450	0.84	-7.903089986991944
270099.25	450	0.845	-7.903089986991944
270777.868	450	0.85	-7.903089986991944
271644.225	450	0.855	-7.903089986991944
273149.981	450	0.86	-7.903089986991944
274355.018	450	0.865	-7.903089986991944
275788.89	450	0.87	-7.903089986991944
276748.077	450	0.875	-7.903089986991944
277418.866	450	0.88	-7.903089986991944
278340.314	450	0.885	-7.903089986991944
279378.986	450	0.89	-7.903089986991944
280106.8	450	0.895	-7.903089986991944
283373.0	450	0.9	-7.903089986991944
284456.435	450	0.905	-7.903089986991944
285637.965	450	0.91	-7.903089986991944
288787.9	450	0.915	-7.903089986991944
289610.646	450	0.92	-7.903089986991944
291546.863	450	0.925	-7.903089986991944
294184.857	450	0.93	-7.903089986991944
296411.157	450	0.935	-7.903089986991944
300285.257	450	0.94	-7.903089986991944
303778.147	450	0.945	-7.903089986991944
306289.411	450	0.95	-7.903089986991944
310164.021	450	0.955	-7.903089986991944
312398.457	450	0.96	-7.903089986991944
316818.027	450	0.965	-7.903089986991944
320534.304	450	0.97	-7.903089986991944
328846.286	450	0.975	-7.903089986991944
341612.891	450	0.98	-7.903089986991944
353646.407	450	0.985	-7.903089986991944
362467.014	450	0.99	-7.903089986991944
397315.986	450	0.995	-7.903089986991944
