S*_score	SNP_num	quantile	log(local_recomb_rate)
116766.0	25	0.5	-7.903089986991944
116977.07	25	0.505	-7.903089986991944
118085.483	25	0.51	-7.903089986991944
118359.708	25	0.515	-7.903089986991944
118830.24	25	0.52	-7.903089986991944
119222.383	25	0.525	-7.903089986991944
119380.54	25	0.53	-7.903089986991944
119633.571	25	0.535	-7.903089986991944
119910.114	25	0.54	-7.903089986991944
119960.0	25	0.545	-7.903089986991944
120066.0	25	0.55	-7.903089986991944
120983.9	25	0.555	-7.903089986991944
122480.267	25	0.56	-7.903089986991944
123013.5	25	0.565	-7.903089986991944
123265.8	25	0.57	-7.903089986991944
124415.045	25	0.575	-7.903089986991944
125997.66	25	0.58	-7.903089986991944
126270.8	25	0.585	-7.903089986991944
127477.8	25	0.59	-7.903089986991944
128837.991	25	0.595	-7.903089986991944
129460.617	25	0.6	-7.903089986991944
129656.267	25	0.605	-7.903089986991944
131259.4	25	0.61	-7.903089986991944
131329.5	25	0.615	-7.903089986991944
131763.4	25	0.62	-7.903089986991944
132296.25	25	0.625	-7.903089986991944
132803.19	25	0.63	-7.903089986991944
134371.645	25	0.635	-7.903089986991944
134788.0	25	0.64	-7.903089986991944
135179.9	25	0.645	-7.903089986991944
135658.0	25	0.65	-7.903089986991944
136452.1	25	0.655	-7.903089986991944
136769.2	25	0.66	-7.903089986991944
137537.1	25	0.665	-7.903089986991944
138567.8	25	0.67	-7.903089986991944
139462.092	25	0.675	-7.903089986991944
140021.787	25	0.68	-7.903089986991944
141761.1	25	0.685	-7.903089986991944
143465.6	25	0.69	-7.903089986991944
144003.1	25	0.695	-7.903089986991944
145077.333	25	0.7	-7.903089986991944
146002.8	25	0.705	-7.903089986991944
146140.0	25	0.71	-7.903089986991944
146166.18	25	0.715	-7.903089986991944
146241.76	25	0.72	-7.903089986991944
146611.5	25	0.725	-7.903089986991944
147587.92	25	0.73	-7.903089986991944
148237.16	25	0.735	-7.903089986991944
150849.2	25	0.74	-7.903089986991944
152648.475	25	0.745	-7.903089986991944
153343.75	25	0.75	-7.903089986991944
153895.845	25	0.755	-7.903089986991944
154241.181	25	0.76	-7.903089986991944
154850.179	25	0.765	-7.903089986991944
155973.7	25	0.77	-7.903089986991944
157408.825	25	0.775	-7.903089986991944
158300.838	25	0.78	-7.903089986991944
158375.144	25	0.785	-7.903089986991944
159144.33	25	0.79	-7.903089986991944
160128.9	25	0.795	-7.903089986991944
161728.0	25	0.8	-7.903089986991944
162282.55	25	0.805	-7.903089986991944
163582.6	25	0.81	-7.903089986991944
165111.9	25	0.815	-7.903089986991944
165683.74	25	0.82	-7.903089986991944
166998.0	25	0.825	-7.903089986991944
167114.6	25	0.83	-7.903089986991944
167438.743	25	0.835	-7.903089986991944
167817.607	25	0.84	-7.903089986991944
169562.708	25	0.845	-7.903089986991944
169874.5	25	0.85	-7.903089986991944
170033.1	25	0.855	-7.903089986991944
170634.4	25	0.86	-7.903089986991944
171561.5	25	0.865	-7.903089986991944
172334.4	25	0.87	-7.903089986991944
172753.333	25	0.875	-7.903089986991944
173013.829	25	0.88	-7.903089986991944
173385.543	25	0.885	-7.903089986991944
173547.4	25	0.89	-7.903089986991944
173725.85	25	0.895	-7.903089986991944
174955.0	25	0.9	-7.903089986991944
175489.2	25	0.905	-7.903089986991944
176531.785	25	0.91	-7.903089986991944
177430.6	25	0.915	-7.903089986991944
179128.0	25	0.92	-7.903089986991944
180967.5	25	0.925	-7.903089986991944
181548.4	25	0.93	-7.903089986991944
182207.2	25	0.935	-7.903089986991944
182988.8	25	0.94	-7.903089986991944
183708.6	25	0.945	-7.903089986991944
185211.0	25	0.95	-7.903089986991944
187331.569	25	0.955	-7.903089986991944
190254.952	25	0.96	-7.903089986991944
192023.722	25	0.965	-7.903089986991944
192353.251	25	0.97	-7.903089986991944
192896.5	25	0.975	-7.903089986991944
195099.2	25	0.98	-7.903089986991944
200030.4	25	0.985	-7.903089986991944
201381.6	25	0.99	-7.903089986991944
204690.733	25	0.995	-7.903089986991944
114224.0	50	0.5	-7.903089986991944
114607.422	50	0.505	-7.903089986991944
114922.6	50	0.51	-7.903089986991944
115454.0	50	0.515	-7.903089986991944
116012.32	50	0.52	-7.903089986991944
117180.75	50	0.525	-7.903089986991944
117721.658	50	0.53	-7.903089986991944
117935.41	50	0.535	-7.903089986991944
118493.76	50	0.54	-7.903089986991944
119070.82	50	0.545	-7.903089986991944
120270.0	50	0.55	-7.903089986991944
120856.971	50	0.555	-7.903089986991944
121297.54	50	0.56	-7.903089986991944
122657.6	50	0.565	-7.903089986991944
123383.5	50	0.57	-7.903089986991944
124420.0	50	0.575	-7.903089986991944
124919.2	50	0.58	-7.903089986991944
125572.72	50	0.585	-7.903089986991944
125996.8	50	0.59	-7.903089986991944
126483.8	50	0.595	-7.903089986991944
127170.222	50	0.6	-7.903089986991944
127709.144	50	0.605	-7.903089986991944
128299.333	50	0.61	-7.903089986991944
128838.36	50	0.615	-7.903089986991944
129818.128	50	0.62	-7.903089986991944
130603.05	50	0.625	-7.903089986991944
131146.42	50	0.63	-7.903089986991944
131380.267	50	0.635	-7.903089986991944
131508.8	50	0.64	-7.903089986991944
131693.653	50	0.645	-7.903089986991944
131946.2	50	0.65	-7.903089986991944
132365.829	50	0.655	-7.903089986991944
132754.4	50	0.66	-7.903089986991944
133062.7	50	0.665	-7.903089986991944
133806.973	50	0.67	-7.903089986991944
134932.0	50	0.675	-7.903089986991944
135701.826	50	0.68	-7.903089986991944
135913.293	50	0.685	-7.903089986991944
136505.6	50	0.69	-7.903089986991944
137111.2	50	0.695	-7.903089986991944
137626.914	50	0.7	-7.903089986991944
138436.343	50	0.705	-7.903089986991944
139182.057	50	0.71	-7.903089986991944
140423.4	50	0.715	-7.903089986991944
141236.0	50	0.72	-7.903089986991944
141659.689	50	0.725	-7.903089986991944
141871.911	50	0.73	-7.903089986991944
142790.2	50	0.735	-7.903089986991944
143103.974	50	0.74	-7.903089986991944
143268.6	50	0.745	-7.903089986991944
143440.0	50	0.75	-7.903089986991944
144912.067	50	0.755	-7.903089986991944
145726.17	50	0.76	-7.903089986991944
146191.333	50	0.765	-7.903089986991944
146537.6	50	0.77	-7.903089986991944
146829.15	50	0.775	-7.903089986991944
147513.752	50	0.78	-7.903089986991944
148120.467	50	0.785	-7.903089986991944
148782.61	50	0.79	-7.903089986991944
149588.4	50	0.795	-7.903089986991944
150345.497	50	0.8	-7.903089986991944
150885.333	50	0.805	-7.903089986991944
151173.368	50	0.81	-7.903089986991944
151708.0	50	0.815	-7.903089986991944
152453.28	50	0.82	-7.903089986991944
153173.2	50	0.825	-7.903089986991944
154120.485	50	0.83	-7.903089986991944
154360.291	50	0.835	-7.903089986991944
154796.368	50	0.84	-7.903089986991944
155682.0	50	0.845	-7.903089986991944
156559.6	50	0.85	-7.903089986991944
157089.8	50	0.855	-7.903089986991944
158090.702	50	0.86	-7.903089986991944
158483.08	50	0.865	-7.903089986991944
159238.4	50	0.87	-7.903089986991944
161403.25	50	0.875	-7.903089986991944
162261.56	50	0.88	-7.903089986991944
162950.667	50	0.885	-7.903089986991944
163741.486	50	0.89	-7.903089986991944
164652.8	50	0.895	-7.903089986991944
165616.0	50	0.9	-7.903089986991944
166401.8	50	0.905	-7.903089986991944
168078.133	50	0.91	-7.903089986991944
168868.0	50	0.915	-7.903089986991944
169764.267	50	0.92	-7.903089986991944
171737.65	50	0.925	-7.903089986991944
173188.4	50	0.93	-7.903089986991944
173823.733	50	0.935	-7.903089986991944
175534.133	50	0.94	-7.903089986991944
177792.4	50	0.945	-7.903089986991944
179376.129	50	0.95	-7.903089986991944
181179.867	50	0.955	-7.903089986991944
183360.8	50	0.96	-7.903089986991944
185874.4	50	0.965	-7.903089986991944
188763.48	50	0.97	-7.903089986991944
190881.1	50	0.975	-7.903089986991944
191926.489	50	0.98	-7.903089986991944
193946.622	50	0.985	-7.903089986991944
196829.6	50	0.99	-7.903089986991944
201583.314	50	0.995	-7.903089986991944
124090.0	75	0.5	-7.903089986991944
125009.07	75	0.505	-7.903089986991944
125462.0	75	0.51	-7.903089986991944
125724.371	75	0.515	-7.903089986991944
126068.794	75	0.52	-7.903089986991944
126683.5	75	0.525	-7.903089986991944
126937.887	75	0.53	-7.903089986991944
127283.538	75	0.535	-7.903089986991944
127710.467	75	0.54	-7.903089986991944
128502.9	75	0.545	-7.903089986991944
128748.867	75	0.55	-7.903089986991944
129323.422	75	0.555	-7.903089986991944
129803.792	75	0.56	-7.903089986991944
130395.464	75	0.565	-7.903089986991944
130582.949	75	0.57	-7.903089986991944
130850.364	75	0.575	-7.903089986991944
131066.72	75	0.58	-7.903089986991944
131347.3	75	0.585	-7.903089986991944
131653.6	75	0.59	-7.903089986991944
131852.175	75	0.595	-7.903089986991944
132987.285	75	0.6	-7.903089986991944
133275.23	75	0.605	-7.903089986991944
134266.528	75	0.61	-7.903089986991944
134615.76	75	0.615	-7.903089986991944
135041.527	75	0.62	-7.903089986991944
135685.125	75	0.625	-7.903089986991944
136093.275	75	0.63	-7.903089986991944
137307.0	75	0.635	-7.903089986991944
137868.0	75	0.64	-7.903089986991944
138369.965	75	0.645	-7.903089986991944
138638.857	75	0.65	-7.903089986991944
138940.4	75	0.655	-7.903089986991944
139459.6	75	0.66	-7.903089986991944
140072.167	75	0.665	-7.903089986991944
140623.36	75	0.67	-7.903089986991944
141112.312	75	0.675	-7.903089986991944
141459.04	75	0.68	-7.903089986991944
141904.44	75	0.685	-7.903089986991944
142791.333	75	0.69	-7.903089986991944
142971.117	75	0.695	-7.903089986991944
143688.8	75	0.7	-7.903089986991944
144286.09	75	0.705	-7.903089986991944
144715.392	75	0.71	-7.903089986991944
144953.1	75	0.715	-7.903089986991944
145664.114	75	0.72	-7.903089986991944
145968.5	75	0.725	-7.903089986991944
146339.782	75	0.73	-7.903089986991944
146877.809	75	0.735	-7.903089986991944
147404.8	75	0.74	-7.903089986991944
147616.578	75	0.745	-7.903089986991944
148193.333	75	0.75	-7.903089986991944
148775.089	75	0.755	-7.903089986991944
149272.877	75	0.76	-7.903089986991944
150120.534	75	0.765	-7.903089986991944
150435.409	75	0.77	-7.903089986991944
150670.22	75	0.775	-7.903089986991944
151287.543	75	0.78	-7.903089986991944
151682.245	75	0.785	-7.903089986991944
152230.88	75	0.79	-7.903089986991944
152777.571	75	0.795	-7.903089986991944
152964.0	75	0.8	-7.903089986991944
153524.777	75	0.805	-7.903089986991944
153961.871	75	0.81	-7.903089986991944
155259.0	75	0.815	-7.903089986991944
156424.745	75	0.82	-7.903089986991944
157309.144	75	0.825	-7.903089986991944
158490.291	75	0.83	-7.903089986991944
158787.022	75	0.835	-7.903089986991944
159504.8	75	0.84	-7.903089986991944
160319.812	75	0.845	-7.903089986991944
160982.364	75	0.85	-7.903089986991944
161360.097	75	0.855	-7.903089986991944
161956.461	75	0.86	-7.903089986991944
162536.418	75	0.865	-7.903089986991944
163448.0	75	0.87	-7.903089986991944
163898.364	75	0.875	-7.903089986991944
164391.374	75	0.88	-7.903089986991944
165347.887	75	0.885	-7.903089986991944
165896.08	75	0.89	-7.903089986991944
167545.4	75	0.895	-7.903089986991944
168200.308	75	0.9	-7.903089986991944
169695.949	75	0.905	-7.903089986991944
170958.363	75	0.91	-7.903089986991944
171696.2	75	0.915	-7.903089986991944
172186.88	75	0.92	-7.903089986991944
172900.571	75	0.925	-7.903089986991944
174686.025	75	0.93	-7.903089986991944
175884.743	75	0.935	-7.903089986991944
177381.473	75	0.94	-7.903089986991944
178568.0	75	0.945	-7.903089986991944
180012.0	75	0.95	-7.903089986991944
181287.128	75	0.955	-7.903089986991944
182534.08	75	0.96	-7.903089986991944
185416.8	75	0.965	-7.903089986991944
187779.086	75	0.97	-7.903089986991944
188849.302	75	0.975	-7.903089986991944
190937.39	75	0.98	-7.903089986991944
195250.333	75	0.985	-7.903089986991944
202394.44	75	0.99	-7.903089986991944
213985.571	75	0.995	-7.903089986991944
129364.444	100	0.5	-7.903089986991944
129815.806	100	0.505	-7.903089986991944
130366.871	100	0.51	-7.903089986991944
130604.827	100	0.515	-7.903089986991944
131128.305	100	0.52	-7.903089986991944
131375.0	100	0.525	-7.903089986991944
131747.491	100	0.53	-7.903089986991944
132093.825	100	0.535	-7.903089986991944
132257.467	100	0.54	-7.903089986991944
132555.585	100	0.545	-7.903089986991944
132993.475	100	0.55	-7.903089986991944
133426.967	100	0.555	-7.903089986991944
133584.258	100	0.56	-7.903089986991944
134150.702	100	0.565	-7.903089986991944
134814.127	100	0.57	-7.903089986991944
135287.821	100	0.575	-7.903089986991944
135709.367	100	0.58	-7.903089986991944
135994.943	100	0.585	-7.903089986991944
136626.84	100	0.59	-7.903089986991944
136991.166	100	0.595	-7.903089986991944
137354.909	100	0.6	-7.903089986991944
137913.507	100	0.605	-7.903089986991944
138163.387	100	0.61	-7.903089986991944
138614.8	100	0.615	-7.903089986991944
139113.527	100	0.62	-7.903089986991944
139698.068	100	0.625	-7.903089986991944
140059.577	100	0.63	-7.903089986991944
140678.978	100	0.635	-7.903089986991944
140990.133	100	0.64	-7.903089986991944
141528.251	100	0.645	-7.903089986991944
141833.495	100	0.65	-7.903089986991944
142103.129	100	0.655	-7.903089986991944
142414.4	100	0.66	-7.903089986991944
142538.04	100	0.665	-7.903089986991944
142982.83	100	0.67	-7.903089986991944
143613.909	100	0.675	-7.903089986991944
144073.169	100	0.68	-7.903089986991944
144380.4	100	0.685	-7.903089986991944
144516.88	100	0.69	-7.903089986991944
145071.846	100	0.695	-7.903089986991944
145978.497	100	0.7	-7.903089986991944
146119.111	100	0.705	-7.903089986991944
146403.37	100	0.71	-7.903089986991944
147252.473	100	0.715	-7.903089986991944
147814.733	100	0.72	-7.903089986991944
148645.085	100	0.725	-7.903089986991944
148867.476	100	0.73	-7.903089986991944
149643.69	100	0.735	-7.903089986991944
150322.933	100	0.74	-7.903089986991944
150632.083	100	0.745	-7.903089986991944
151153.769	100	0.75	-7.903089986991944
151435.27	100	0.755	-7.903089986991944
152138.135	100	0.76	-7.903089986991944
152900.223	100	0.765	-7.903089986991944
153607.91	100	0.77	-7.903089986991944
153922.685	100	0.775	-7.903089986991944
154827.56	100	0.78	-7.903089986991944
155516.99	100	0.785	-7.903089986991944
155997.605	100	0.79	-7.903089986991944
156540.8	100	0.795	-7.903089986991944
157826.4	100	0.8	-7.903089986991944
158272.74	100	0.805	-7.903089986991944
158477.52	100	0.81	-7.903089986991944
158964.67	100	0.815	-7.903089986991944
159580.938	100	0.82	-7.903089986991944
160064.043	100	0.825	-7.903089986991944
160662.759	100	0.83	-7.903089986991944
161276.8	100	0.835	-7.903089986991944
161744.08	100	0.84	-7.903089986991944
162354.614	100	0.845	-7.903089986991944
163280.382	100	0.85	-7.903089986991944
164986.014	100	0.855	-7.903089986991944
165752.868	100	0.86	-7.903089986991944
166804.143	100	0.865	-7.903089986991944
167632.295	100	0.87	-7.903089986991944
168219.304	100	0.875	-7.903089986991944
168802.24	100	0.88	-7.903089986991944
169955.331	100	0.885	-7.903089986991944
170411.686	100	0.89	-7.903089986991944
170905.014	100	0.895	-7.903089986991944
171993.038	100	0.9	-7.903089986991944
172366.737	100	0.905	-7.903089986991944
174384.891	100	0.91	-7.903089986991944
175676.267	100	0.915	-7.903089986991944
178031.68	100	0.92	-7.903089986991944
178816.5	100	0.925	-7.903089986991944
180283.307	100	0.93	-7.903089986991944
181016.978	100	0.935	-7.903089986991944
181896.594	100	0.94	-7.903089986991944
183165.763	100	0.945	-7.903089986991944
185316.664	100	0.95	-7.903089986991944
187457.054	100	0.955	-7.903089986991944
188705.354	100	0.96	-7.903089986991944
189545.125	100	0.965	-7.903089986991944
193741.472	100	0.97	-7.903089986991944
196294.0	100	0.975	-7.903089986991944
197689.6	100	0.98	-7.903089986991944
202678.981	100	0.985	-7.903089986991944
206827.397	100	0.99	-7.903089986991944
212901.46	100	0.995	-7.903089986991944
135855.111	125	0.5	-7.903089986991944
136334.24	125	0.505	-7.903089986991944
136979.2	125	0.51	-7.903089986991944
137309.79	125	0.515	-7.903089986991944
137770.331	125	0.52	-7.903089986991944
138068.607	125	0.525	-7.903089986991944
138524.61	125	0.53	-7.903089986991944
138948.457	125	0.535	-7.903089986991944
139266.227	125	0.54	-7.903089986991944
139776.737	125	0.545	-7.903089986991944
139973.95	125	0.55	-7.903089986991944
140375.473	125	0.555	-7.903089986991944
140890.679	125	0.56	-7.903089986991944
141391.071	125	0.565	-7.903089986991944
141817.0	125	0.57	-7.903089986991944
142167.321	125	0.575	-7.903089986991944
142472.96	125	0.58	-7.903089986991944
142965.675	125	0.585	-7.903089986991944
143259.988	125	0.59	-7.903089986991944
143515.417	125	0.595	-7.903089986991944
143953.473	125	0.6	-7.903089986991944
144299.844	125	0.605	-7.903089986991944
144839.159	125	0.61	-7.903089986991944
145119.592	125	0.615	-7.903089986991944
145428.933	125	0.62	-7.903089986991944
146337.937	125	0.625	-7.903089986991944
146670.915	125	0.63	-7.903089986991944
146813.311	125	0.635	-7.903089986991944
147168.482	125	0.64	-7.903089986991944
148071.542	125	0.645	-7.903089986991944
148630.685	125	0.65	-7.903089986991944
149045.732	125	0.655	-7.903089986991944
149921.853	125	0.66	-7.903089986991944
150312.405	125	0.665	-7.903089986991944
150754.0	125	0.67	-7.903089986991944
151152.571	125	0.675	-7.903089986991944
151506.08	125	0.68	-7.903089986991944
151818.134	125	0.685	-7.903089986991944
152589.0	125	0.69	-7.903089986991944
153122.727	125	0.695	-7.903089986991944
153470.635	125	0.7	-7.903089986991944
153984.603	125	0.705	-7.903089986991944
154481.743	125	0.71	-7.903089986991944
155015.66	125	0.715	-7.903089986991944
155266.289	125	0.72	-7.903089986991944
155765.682	125	0.725	-7.903089986991944
156739.288	125	0.73	-7.903089986991944
157191.134	125	0.735	-7.903089986991944
157560.715	125	0.74	-7.903089986991944
157990.186	125	0.745	-7.903089986991944
158598.205	125	0.75	-7.903089986991944
158750.683	125	0.755	-7.903089986991944
159052.747	125	0.76	-7.903089986991944
159458.546	125	0.765	-7.903089986991944
160135.208	125	0.77	-7.903089986991944
160764.11	125	0.775	-7.903089986991944
161317.778	125	0.78	-7.903089986991944
162184.271	125	0.785	-7.903089986991944
162733.733	125	0.79	-7.903089986991944
163291.965	125	0.795	-7.903089986991944
164028.851	125	0.8	-7.903089986991944
164821.577	125	0.805	-7.903089986991944
165423.567	125	0.81	-7.903089986991944
166155.622	125	0.815	-7.903089986991944
167074.029	125	0.82	-7.903089986991944
167852.41	125	0.825	-7.903089986991944
168308.083	125	0.83	-7.903089986991944
168888.357	125	0.835	-7.903089986991944
169212.717	125	0.84	-7.903089986991944
169654.416	125	0.845	-7.903089986991944
170352.0	125	0.85	-7.903089986991944
171695.756	125	0.855	-7.903089986991944
172807.257	125	0.86	-7.903089986991944
173383.685	125	0.865	-7.903089986991944
173745.771	125	0.87	-7.903089986991944
174717.5	125	0.875	-7.903089986991944
175160.291	125	0.88	-7.903089986991944
175876.685	125	0.885	-7.903089986991944
176614.374	125	0.89	-7.903089986991944
177883.371	125	0.895	-7.903089986991944
179120.967	125	0.9	-7.903089986991944
179910.246	125	0.905	-7.903089986991944
180508.095	125	0.91	-7.903089986991944
181115.567	125	0.915	-7.903089986991944
183158.298	125	0.92	-7.903089986991944
183913.5	125	0.925	-7.903089986991944
185615.571	125	0.93	-7.903089986991944
186329.803	125	0.935	-7.903089986991944
187052.297	125	0.94	-7.903089986991944
187781.823	125	0.945	-7.903089986991944
188341.286	125	0.95	-7.903089986991944
189783.45	125	0.955	-7.903089986991944
192018.489	125	0.96	-7.903089986991944
195037.312	125	0.965	-7.903089986991944
197980.34	125	0.97	-7.903089986991944
199214.225	125	0.975	-7.903089986991944
201676.6	125	0.98	-7.903089986991944
204820.067	125	0.985	-7.903089986991944
210772.793	125	0.99	-7.903089986991944
223297.243	125	0.995	-7.903089986991944
146322.857	150	0.5	-7.903089986991944
146566.051	150	0.505	-7.903089986991944
146865.112	150	0.51	-7.903089986991944
147467.583	150	0.515	-7.903089986991944
147739.551	150	0.52	-7.903089986991944
148414.121	150	0.525	-7.903089986991944
148749.467	150	0.53	-7.903089986991944
149138.154	150	0.535	-7.903089986991944
149634.606	150	0.54	-7.903089986991944
150360.15	150	0.545	-7.903089986991944
150848.012	150	0.55	-7.903089986991944
151454.761	150	0.555	-7.903089986991944
151731.3	150	0.56	-7.903089986991944
151959.962	150	0.565	-7.903089986991944
152163.788	150	0.57	-7.903089986991944
152515.326	150	0.575	-7.903089986991944
152943.714	150	0.58	-7.903089986991944
153163.407	150	0.585	-7.903089986991944
153351.369	150	0.59	-7.903089986991944
153665.5	150	0.595	-7.903089986991944
153938.333	150	0.6	-7.903089986991944
154227.218	150	0.605	-7.903089986991944
154374.564	150	0.61	-7.903089986991944
154663.233	150	0.615	-7.903089986991944
154848.333	150	0.62	-7.903089986991944
155287.518	150	0.625	-7.903089986991944
155657.064	150	0.63	-7.903089986991944
156103.382	150	0.635	-7.903089986991944
156473.22	150	0.64	-7.903089986991944
157048.315	150	0.645	-7.903089986991944
157306.667	150	0.65	-7.903089986991944
158028.341	150	0.655	-7.903089986991944
158823.467	150	0.66	-7.903089986991944
159428.85	150	0.665	-7.903089986991944
159773.223	150	0.67	-7.903089986991944
160191.865	150	0.675	-7.903089986991944
161055.2	150	0.68	-7.903089986991944
161818.214	150	0.685	-7.903089986991944
162703.663	150	0.69	-7.903089986991944
163251.143	150	0.695	-7.903089986991944
163558.182	150	0.7	-7.903089986991944
164029.403	150	0.705	-7.903089986991944
164651.441	150	0.71	-7.903089986991944
164924.242	150	0.715	-7.903089986991944
165490.914	150	0.72	-7.903089986991944
165853.862	150	0.725	-7.903089986991944
166185.678	150	0.73	-7.903089986991944
166790.422	150	0.735	-7.903089986991944
167233.395	150	0.74	-7.903089986991944
167458.661	150	0.745	-7.903089986991944
167655.232	150	0.75	-7.903089986991944
168177.61	150	0.755	-7.903089986991944
168438.462	150	0.76	-7.903089986991944
169166.892	150	0.765	-7.903089986991944
169750.154	150	0.77	-7.903089986991944
170558.864	150	0.775	-7.903089986991944
171019.868	150	0.78	-7.903089986991944
171371.818	150	0.785	-7.903089986991944
171965.2	150	0.79	-7.903089986991944
172509.389	150	0.795	-7.903089986991944
172758.462	150	0.8	-7.903089986991944
173231.654	150	0.805	-7.903089986991944
173463.577	150	0.81	-7.903089986991944
173940.342	150	0.815	-7.903089986991944
174523.065	150	0.82	-7.903089986991944
174955.794	150	0.825	-7.903089986991944
175690.121	150	0.83	-7.903089986991944
176555.086	150	0.835	-7.903089986991944
177365.127	150	0.84	-7.903089986991944
177832.314	150	0.845	-7.903089986991944
179402.167	150	0.85	-7.903089986991944
180465.193	150	0.855	-7.903089986991944
181118.901	150	0.86	-7.903089986991944
181723.0	150	0.865	-7.903089986991944
182775.603	150	0.87	-7.903089986991944
183653.846	150	0.875	-7.903089986991944
184546.904	150	0.88	-7.903089986991944
185868.487	150	0.885	-7.903089986991944
186706.0	150	0.89	-7.903089986991944
187048.556	150	0.895	-7.903089986991944
188550.0	150	0.9	-7.903089986991944
189649.65	150	0.905	-7.903089986991944
190283.075	150	0.91	-7.903089986991944
191853.365	150	0.915	-7.903089986991944
192842.4	150	0.92	-7.903089986991944
193665.036	150	0.925	-7.903089986991944
195393.533	150	0.93	-7.903089986991944
196959.5	150	0.935	-7.903089986991944
197740.667	150	0.94	-7.903089986991944
198884.357	150	0.945	-7.903089986991944
200093.846	150	0.95	-7.903089986991944
201803.65	150	0.955	-7.903089986991944
204251.282	150	0.96	-7.903089986991944
208262.0	150	0.965	-7.903089986991944
213132.143	150	0.97	-7.903089986991944
219475.536	150	0.975	-7.903089986991944
235672.476	150	0.98	-7.903089986991944
242640.107	150	0.985	-7.903089986991944
248325.857	150	0.99	-7.903089986991944
268705.063	150	0.995	-7.903089986991944
155533.167	175	0.5	-7.903089986991944
155707.107	175	0.505	-7.903089986991944
156150.778	175	0.51	-7.903089986991944
156645.262	175	0.515	-7.903089986991944
156981.909	175	0.52	-7.903089986991944
157371.827	175	0.525	-7.903089986991944
157581.505	175	0.53	-7.903089986991944
158112.496	175	0.535	-7.903089986991944
158583.077	175	0.54	-7.903089986991944
158835.245	175	0.545	-7.903089986991944
159118.964	175	0.55	-7.903089986991944
159488.611	175	0.555	-7.903089986991944
160007.966	175	0.56	-7.903089986991944
160540.491	175	0.565	-7.903089986991944
160964.824	175	0.57	-7.903089986991944
162015.244	175	0.575	-7.903089986991944
162193.364	175	0.58	-7.903089986991944
162500.37	175	0.585	-7.903089986991944
162940.189	175	0.59	-7.903089986991944
162983.044	175	0.595	-7.903089986991944
163223.714	175	0.6	-7.903089986991944
163822.273	175	0.605	-7.903089986991944
164174.781	175	0.61	-7.903089986991944
164375.526	175	0.615	-7.903089986991944
164913.267	175	0.62	-7.903089986991944
165372.292	175	0.625	-7.903089986991944
165682.192	175	0.63	-7.903089986991944
166338.539	175	0.635	-7.903089986991944
166780.631	175	0.64	-7.903089986991944
167271.983	175	0.645	-7.903089986991944
167693.964	175	0.65	-7.903089986991944
168211.074	175	0.655	-7.903089986991944
168582.929	175	0.66	-7.903089986991944
169351.457	175	0.665	-7.903089986991944
169609.379	175	0.67	-7.903089986991944
169944.071	175	0.675	-7.903089986991944
170246.338	175	0.68	-7.903089986991944
170691.236	175	0.685	-7.903089986991944
171053.172	175	0.69	-7.903089986991944
171567.394	175	0.695	-7.903089986991944
172265.314	175	0.7	-7.903089986991944
172418.347	175	0.705	-7.903089986991944
172928.323	175	0.71	-7.903089986991944
173311.549	175	0.715	-7.903089986991944
173571.862	175	0.72	-7.903089986991944
174097.108	175	0.725	-7.903089986991944
174708.986	175	0.73	-7.903089986991944
175166.172	175	0.735	-7.903089986991944
175490.976	175	0.74	-7.903089986991944
176090.715	175	0.745	-7.903089986991944
176401.676	175	0.75	-7.903089986991944
176636.887	175	0.755	-7.903089986991944
177237.53	175	0.76	-7.903089986991944
177527.211	175	0.765	-7.903089986991944
178141.056	175	0.77	-7.903089986991944
178431.218	175	0.775	-7.903089986991944
178949.714	175	0.78	-7.903089986991944
179520.921	175	0.785	-7.903089986991944
180122.614	175	0.79	-7.903089986991944
180616.287	175	0.795	-7.903089986991944
181167.371	175	0.8	-7.903089986991944
182077.818	175	0.805	-7.903089986991944
182387.367	175	0.81	-7.903089986991944
183145.3	175	0.815	-7.903089986991944
183457.06	175	0.82	-7.903089986991944
183982.888	175	0.825	-7.903089986991944
184465.451	175	0.83	-7.903089986991944
185414.135	175	0.835	-7.903089986991944
185828.364	175	0.84	-7.903089986991944
186417.627	175	0.845	-7.903089986991944
186807.064	175	0.85	-7.903089986991944
187711.475	175	0.855	-7.903089986991944
188550.978	175	0.86	-7.903089986991944
189061.233	175	0.865	-7.903089986991944
189442.079	175	0.87	-7.903089986991944
190021.938	175	0.875	-7.903089986991944
190504.114	175	0.88	-7.903089986991944
191130.784	175	0.885	-7.903089986991944
192134.787	175	0.89	-7.903089986991944
193059.574	175	0.895	-7.903089986991944
193529.33	175	0.9	-7.903089986991944
194182.233	175	0.905	-7.903089986991944
194792.944	175	0.91	-7.903089986991944
196119.057	175	0.915	-7.903089986991944
197343.985	175	0.92	-7.903089986991944
198033.091	175	0.925	-7.903089986991944
199066.301	175	0.93	-7.903089986991944
200392.45	175	0.935	-7.903089986991944
201587.561	175	0.94	-7.903089986991944
203236.992	175	0.945	-7.903089986991944
204487.869	175	0.95	-7.903089986991944
206434.855	175	0.955	-7.903089986991944
207648.53	175	0.96	-7.903089986991944
209316.357	175	0.965	-7.903089986991944
212350.478	175	0.97	-7.903089986991944
214474.019	175	0.975	-7.903089986991944
224295.951	175	0.98	-7.903089986991944
233968.477	175	0.985	-7.903089986991944
248003.2	175	0.99	-7.903089986991944
276693.65	175	0.995	-7.903089986991944
161776.923	200	0.5	-7.903089986991944
162174.419	200	0.505	-7.903089986991944
162404.921	200	0.51	-7.903089986991944
162841.746	200	0.515	-7.903089986991944
163290.44	200	0.52	-7.903089986991944
163759.571	200	0.525	-7.903089986991944
164178.144	200	0.53	-7.903089986991944
164615.231	200	0.535	-7.903089986991944
165160.8	200	0.54	-7.903089986991944
165672.947	200	0.545	-7.903089986991944
166075.725	200	0.55	-7.903089986991944
166690.991	200	0.555	-7.903089986991944
166869.314	200	0.56	-7.903089986991944
167406.52	200	0.565	-7.903089986991944
167711.536	200	0.57	-7.903089986991944
168480.123	200	0.575	-7.903089986991944
168821.087	200	0.58	-7.903089986991944
169166.58	200	0.585	-7.903089986991944
169743.681	200	0.59	-7.903089986991944
170211.595	200	0.595	-7.903089986991944
170665.671	200	0.6	-7.903089986991944
171180.514	200	0.605	-7.903089986991944
171519.417	200	0.61	-7.903089986991944
171670.1	200	0.615	-7.903089986991944
172247.771	200	0.62	-7.903089986991944
172758.019	200	0.625	-7.903089986991944
173227.335	200	0.63	-7.903089986991944
173761.473	200	0.635	-7.903089986991944
174460.971	200	0.64	-7.903089986991944
175272.628	200	0.645	-7.903089986991944
175935.16	200	0.65	-7.903089986991944
176106.786	200	0.655	-7.903089986991944
176880.146	200	0.66	-7.903089986991944
177153.908	200	0.665	-7.903089986991944
177346.707	200	0.67	-7.903089986991944
177671.091	200	0.675	-7.903089986991944
177934.984	200	0.68	-7.903089986991944
178317.55	200	0.685	-7.903089986991944
178968.838	200	0.69	-7.903089986991944
179204.252	200	0.695	-7.903089986991944
179710.655	200	0.7	-7.903089986991944
180347.701	200	0.705	-7.903089986991944
180763.009	200	0.71	-7.903089986991944
181504.117	200	0.715	-7.903089986991944
181855.156	200	0.72	-7.903089986991944
182325.33	200	0.725	-7.903089986991944
182611.554	200	0.73	-7.903089986991944
182979.114	200	0.735	-7.903089986991944
183198.243	200	0.74	-7.903089986991944
183458.367	200	0.745	-7.903089986991944
183964.615	200	0.75	-7.903089986991944
184442.86	200	0.755	-7.903089986991944
185294.495	200	0.76	-7.903089986991944
185699.297	200	0.765	-7.903089986991944
186235.371	200	0.77	-7.903089986991944
186983.864	200	0.775	-7.903089986991944
187920.968	200	0.78	-7.903089986991944
188073.718	200	0.785	-7.903089986991944
188900.269	200	0.79	-7.903089986991944
189244.958	200	0.795	-7.903089986991944
189475.429	200	0.8	-7.903089986991944
189757.759	200	0.805	-7.903089986991944
190662.897	200	0.81	-7.903089986991944
191257.914	200	0.815	-7.903089986991944
191469.22	200	0.82	-7.903089986991944
192094.0	200	0.825	-7.903089986991944
192795.443	200	0.83	-7.903089986991944
193654.686	200	0.835	-7.903089986991944
194785.189	200	0.84	-7.903089986991944
195310.199	200	0.845	-7.903089986991944
195809.143	200	0.85	-7.903089986991944
196505.714	200	0.855	-7.903089986991944
197354.229	200	0.86	-7.903089986991944
198256.303	200	0.865	-7.903089986991944
198830.971	200	0.87	-7.903089986991944
199150.321	200	0.875	-7.903089986991944
200129.769	200	0.88	-7.903089986991944
200719.69	200	0.885	-7.903089986991944
201050.4	200	0.89	-7.903089986991944
201729.829	200	0.895	-7.903089986991944
203036.343	200	0.9	-7.903089986991944
204985.914	200	0.905	-7.903089986991944
206231.68	200	0.91	-7.903089986991944
207326.267	200	0.915	-7.903089986991944
209317.314	200	0.92	-7.903089986991944
210409.762	200	0.925	-7.903089986991944
211220.436	200	0.93	-7.903089986991944
212249.933	200	0.935	-7.903089986991944
213451.924	200	0.94	-7.903089986991944
214308.177	200	0.945	-7.903089986991944
215875.814	200	0.95	-7.903089986991944
219324.031	200	0.955	-7.903089986991944
221313.077	200	0.96	-7.903089986991944
224245.831	200	0.965	-7.903089986991944
227775.086	200	0.97	-7.903089986991944
230758.212	200	0.975	-7.903089986991944
233394.312	200	0.98	-7.903089986991944
250409.72	200	0.985	-7.903089986991944
260729.303	200	0.99	-7.903089986991944
286259.218	200	0.995	-7.903089986991944
170487.214	225	0.5	-7.903089986991944
170827.327	225	0.505	-7.903089986991944
170979.773	225	0.51	-7.903089986991944
171270.832	225	0.515	-7.903089986991944
171709.603	225	0.52	-7.903089986991944
172248.742	225	0.525	-7.903089986991944
172963.485	225	0.53	-7.903089986991944
173158.319	225	0.535	-7.903089986991944
173630.171	225	0.54	-7.903089986991944
173952.986	225	0.545	-7.903089986991944
174839.429	225	0.55	-7.903089986991944
175124.776	225	0.555	-7.903089986991944
175296.492	225	0.56	-7.903089986991944
175931.157	225	0.565	-7.903089986991944
176472.176	225	0.57	-7.903089986991944
176797.992	225	0.575	-7.903089986991944
177181.443	225	0.58	-7.903089986991944
177459.457	225	0.585	-7.903089986991944
177761.984	225	0.59	-7.903089986991944
178679.829	225	0.595	-7.903089986991944
179229.929	225	0.6	-7.903089986991944
179434.716	225	0.605	-7.903089986991944
179731.514	225	0.61	-7.903089986991944
180314.148	225	0.615	-7.903089986991944
180576.643	225	0.62	-7.903089986991944
180835.357	225	0.625	-7.903089986991944
181557.544	225	0.63	-7.903089986991944
182087.814	225	0.635	-7.903089986991944
182332.214	225	0.64	-7.903089986991944
182643.573	225	0.645	-7.903089986991944
183306.857	225	0.65	-7.903089986991944
183680.695	225	0.655	-7.903089986991944
184457.989	225	0.66	-7.903089986991944
184688.598	225	0.665	-7.903089986991944
184934.653	225	0.67	-7.903089986991944
185203.429	225	0.675	-7.903089986991944
185604.914	225	0.68	-7.903089986991944
185919.85	225	0.685	-7.903089986991944
186176.914	225	0.69	-7.903089986991944
186405.929	225	0.695	-7.903089986991944
187134.724	225	0.7	-7.903089986991944
187881.271	225	0.705	-7.903089986991944
188418.273	225	0.71	-7.903089986991944
188981.934	225	0.715	-7.903089986991944
189344.533	225	0.72	-7.903089986991944
189750.857	225	0.725	-7.903089986991944
190133.624	225	0.73	-7.903089986991944
190651.871	225	0.735	-7.903089986991944
191117.549	225	0.74	-7.903089986991944
191404.762	225	0.745	-7.903089986991944
191835.714	225	0.75	-7.903089986991944
192201.29	225	0.755	-7.903089986991944
192706.4	225	0.76	-7.903089986991944
193295.381	225	0.765	-7.903089986991944
194206.062	225	0.77	-7.903089986991944
194605.032	225	0.775	-7.903089986991944
195110.278	225	0.78	-7.903089986991944
196090.775	225	0.785	-7.903089986991944
196396.314	225	0.79	-7.903089986991944
196780.286	225	0.795	-7.903089986991944
197164.657	225	0.8	-7.903089986991944
197801.679	225	0.805	-7.903089986991944
198968.529	225	0.81	-7.903089986991944
199876.898	225	0.815	-7.903089986991944
200344.594	225	0.82	-7.903089986991944
200884.846	225	0.825	-7.903089986991944
201277.556	225	0.83	-7.903089986991944
201711.327	225	0.835	-7.903089986991944
202437.943	225	0.84	-7.903089986991944
202860.971	225	0.845	-7.903089986991944
203376.634	225	0.85	-7.903089986991944
204100.308	225	0.855	-7.903089986991944
204511.885	225	0.86	-7.903089986991944
205141.908	225	0.865	-7.903089986991944
206533.273	225	0.87	-7.903089986991944
207212.857	225	0.875	-7.903089986991944
207664.454	225	0.88	-7.903089986991944
208486.948	225	0.885	-7.903089986991944
209863.4	225	0.89	-7.903089986991944
211172.165	225	0.895	-7.903089986991944
212350.843	225	0.9	-7.903089986991944
213288.486	225	0.905	-7.903089986991944
214619.191	225	0.91	-7.903089986991944
216675.782	225	0.915	-7.903089986991944
217208.514	225	0.92	-7.903089986991944
218061.071	225	0.925	-7.903089986991944
219563.756	225	0.93	-7.903089986991944
221644.766	225	0.935	-7.903089986991944
222453.31	225	0.94	-7.903089986991944
223374.206	225	0.945	-7.903089986991944
226170.864	225	0.95	-7.903089986991944
227155.357	225	0.955	-7.903089986991944
230964.457	225	0.96	-7.903089986991944
233585.852	225	0.965	-7.903089986991944
236197.277	225	0.97	-7.903089986991944
241156.01	225	0.975	-7.903089986991944
249476.399	225	0.98	-7.903089986991944
266769.243	225	0.985	-7.903089986991944
287581.503	225	0.99	-7.903089986991944
311141.181	225	0.995	-7.903089986991944
177112.143	250	0.5	-7.903089986991944
177521.97	250	0.505	-7.903089986991944
177815.111	250	0.51	-7.903089986991944
178805.297	250	0.515	-7.903089986991944
179187.746	250	0.52	-7.903089986991944
179707.077	250	0.525	-7.903089986991944
179955.595	250	0.53	-7.903089986991944
180116.845	250	0.535	-7.903089986991944
180533.288	250	0.54	-7.903089986991944
181205.775	250	0.545	-7.903089986991944
181582.818	250	0.55	-7.903089986991944
181964.011	250	0.555	-7.903089986991944
182542.521	250	0.56	-7.903089986991944
182788.682	250	0.565	-7.903089986991944
183298.051	250	0.57	-7.903089986991944
183624.274	250	0.575	-7.903089986991944
183909.585	250	0.58	-7.903089986991944
184570.022	250	0.585	-7.903089986991944
185076.077	250	0.59	-7.903089986991944
185580.535	250	0.595	-7.903089986991944
186154.871	250	0.6	-7.903089986991944
186739.986	250	0.605	-7.903089986991944
186969.256	250	0.61	-7.903089986991944
187723.1	250	0.615	-7.903089986991944
187860.284	250	0.62	-7.903089986991944
188197.554	250	0.625	-7.903089986991944
188584.989	250	0.63	-7.903089986991944
189336.887	250	0.635	-7.903089986991944
189800.317	250	0.64	-7.903089986991944
190342.522	250	0.645	-7.903089986991944
190560.789	250	0.65	-7.903089986991944
191129.973	250	0.655	-7.903089986991944
191346.751	250	0.66	-7.903089986991944
191542.187	250	0.665	-7.903089986991944
192095.0	250	0.67	-7.903089986991944
192534.376	250	0.675	-7.903089986991944
192772.274	250	0.68	-7.903089986991944
193446.573	250	0.685	-7.903089986991944
193659.283	250	0.69	-7.903089986991944
194109.029	250	0.695	-7.903089986991944
194458.543	250	0.7	-7.903089986991944
194938.711	250	0.705	-7.903089986991944
195198.948	250	0.71	-7.903089986991944
195479.598	250	0.715	-7.903089986991944
195951.317	250	0.72	-7.903089986991944
196152.519	250	0.725	-7.903089986991944
196406.704	250	0.73	-7.903089986991944
196784.024	250	0.735	-7.903089986991944
197301.104	250	0.74	-7.903089986991944
197836.474	250	0.745	-7.903089986991944
198281.661	250	0.75	-7.903089986991944
199245.411	250	0.755	-7.903089986991944
199473.543	250	0.76	-7.903089986991944
200390.569	250	0.765	-7.903089986991944
201108.625	250	0.77	-7.903089986991944
201309.228	250	0.775	-7.903089986991944
201753.11	250	0.78	-7.903089986991944
202405.771	250	0.785	-7.903089986991944
202986.984	250	0.79	-7.903089986991944
203342.707	250	0.795	-7.903089986991944
203663.314	250	0.8	-7.903089986991944
204054.893	250	0.805	-7.903089986991944
205181.485	250	0.81	-7.903089986991944
205581.535	250	0.815	-7.903089986991944
206162.114	250	0.82	-7.903089986991944
206847.88	250	0.825	-7.903089986991944
207543.301	250	0.83	-7.903089986991944
208245.387	250	0.835	-7.903089986991944
209246.174	250	0.84	-7.903089986991944
210077.536	250	0.845	-7.903089986991944
210590.309	250	0.85	-7.903089986991944
211131.907	250	0.855	-7.903089986991944
211564.138	250	0.86	-7.903089986991944
211935.909	250	0.865	-7.903089986991944
212268.758	250	0.87	-7.903089986991944
212920.179	250	0.875	-7.903089986991944
213496.054	250	0.88	-7.903089986991944
214528.623	250	0.885	-7.903089986991944
215807.418	250	0.89	-7.903089986991944
216478.575	250	0.895	-7.903089986991944
217033.521	250	0.9	-7.903089986991944
217498.186	250	0.905	-7.903089986991944
218796.066	250	0.91	-7.903089986991944
219973.723	250	0.915	-7.903089986991944
221209.143	250	0.92	-7.903089986991944
222405.264	250	0.925	-7.903089986991944
223762.299	250	0.93	-7.903089986991944
224544.381	250	0.935	-7.903089986991944
225198.2	250	0.94	-7.903089986991944
227152.821	250	0.945	-7.903089986991944
228538.659	250	0.95	-7.903089986991944
231082.702	250	0.955	-7.903089986991944
232714.003	250	0.96	-7.903089986991944
233973.47	250	0.965	-7.903089986991944
238198.526	250	0.97	-7.903089986991944
240705.696	250	0.975	-7.903089986991944
243865.631	250	0.98	-7.903089986991944
253354.934	250	0.985	-7.903089986991944
268827.385	250	0.99	-7.903089986991944
282612.747	250	0.995	-7.903089986991944
184628.571	275	0.5	-7.903089986991944
184875.85	275	0.505	-7.903089986991944
185111.757	275	0.51	-7.903089986991944
185580.633	275	0.515	-7.903089986991944
186104.906	275	0.52	-7.903089986991944
186477.259	275	0.525	-7.903089986991944
187077.4	275	0.53	-7.903089986991944
187664.264	275	0.535	-7.903089986991944
188220.017	275	0.54	-7.903089986991944
188378.663	275	0.545	-7.903089986991944
188553.498	275	0.55	-7.903089986991944
188801.719	275	0.555	-7.903089986991944
189370.44	275	0.56	-7.903089986991944
189524.531	275	0.565	-7.903089986991944
190031.986	275	0.57	-7.903089986991944
190554.184	275	0.575	-7.903089986991944
191004.029	275	0.58	-7.903089986991944
191313.675	275	0.585	-7.903089986991944
191474.04	275	0.59	-7.903089986991944
191793.154	275	0.595	-7.903089986991944
192174.886	275	0.6	-7.903089986991944
192448.842	275	0.605	-7.903089986991944
192873.486	275	0.61	-7.903089986991944
193375.038	275	0.615	-7.903089986991944
193863.226	275	0.62	-7.903089986991944
194501.607	275	0.625	-7.903089986991944
195190.471	275	0.63	-7.903089986991944
195383.213	275	0.635	-7.903089986991944
195777.6	275	0.64	-7.903089986991944
196005.348	275	0.645	-7.903089986991944
196380.2	275	0.65	-7.903089986991944
197105.571	275	0.655	-7.903089986991944
197347.154	275	0.66	-7.903089986991944
197784.155	275	0.665	-7.903089986991944
198097.831	275	0.67	-7.903089986991944
198428.88	275	0.675	-7.903089986991944
198828.58	275	0.68	-7.903089986991944
199146.781	275	0.685	-7.903089986991944
199406.031	275	0.69	-7.903089986991944
200124.874	275	0.695	-7.903089986991944
200443.743	275	0.7	-7.903089986991944
201137.51	275	0.705	-7.903089986991944
201437.578	275	0.71	-7.903089986991944
201911.5	275	0.715	-7.903089986991944
202322.851	275	0.72	-7.903089986991944
202580.757	275	0.725	-7.903089986991944
203226.558	275	0.73	-7.903089986991944
203735.746	275	0.735	-7.903089986991944
204322.943	275	0.74	-7.903089986991944
205003.764	275	0.745	-7.903089986991944
205654.446	275	0.75	-7.903089986991944
206341.647	275	0.755	-7.903089986991944
206912.317	275	0.76	-7.903089986991944
207250.395	275	0.765	-7.903089986991944
207563.396	275	0.77	-7.903089986991944
208024.02	275	0.775	-7.903089986991944
208295.799	275	0.78	-7.903089986991944
209033.201	275	0.785	-7.903089986991944
209727.771	275	0.79	-7.903089986991944
209989.036	275	0.795	-7.903089986991944
210741.095	275	0.8	-7.903089986991944
211347.615	275	0.805	-7.903089986991944
211946.099	275	0.81	-7.903089986991944
212388.482	275	0.815	-7.903089986991944
212888.029	275	0.82	-7.903089986991944
213845.321	275	0.825	-7.903089986991944
214545.349	275	0.83	-7.903089986991944
214979.012	275	0.835	-7.903089986991944
215491.094	275	0.84	-7.903089986991944
215888.27	275	0.845	-7.903089986991944
216334.921	275	0.85	-7.903089986991944
216926.724	275	0.855	-7.903089986991944
217574.598	275	0.86	-7.903089986991944
218081.438	275	0.865	-7.903089986991944
218717.333	275	0.87	-7.903089986991944
219704.931	275	0.875	-7.903089986991944
220335.631	275	0.88	-7.903089986991944
221041.991	275	0.885	-7.903089986991944
222405.953	275	0.89	-7.903089986991944
223128.823	275	0.895	-7.903089986991944
223821.607	275	0.9	-7.903089986991944
225546.143	275	0.905	-7.903089986991944
226497.691	275	0.91	-7.903089986991944
227675.508	275	0.915	-7.903089986991944
228229.874	275	0.92	-7.903089986991944
228844.275	275	0.925	-7.903089986991944
230718.278	275	0.93	-7.903089986991944
232349.214	275	0.935	-7.903089986991944
233548.314	275	0.94	-7.903089986991944
235486.65	275	0.945	-7.903089986991944
238168.025	275	0.95	-7.903089986991944
241098.879	275	0.955	-7.903089986991944
242464.354	275	0.96	-7.903089986991944
244998.543	275	0.965	-7.903089986991944
246836.326	275	0.97	-7.903089986991944
255415.25	275	0.975	-7.903089986991944
265795.069	275	0.98	-7.903089986991944
275953.052	275	0.985	-7.903089986991944
294891.6	275	0.99	-7.903089986991944
318270.614	275	0.995	-7.903089986991944
192921.429	300	0.5	-7.903089986991944
193374.758	300	0.505	-7.903089986991944
193609.615	300	0.51	-7.903089986991944
193800.572	300	0.515	-7.903089986991944
194218.251	300	0.52	-7.903089986991944
194675.111	300	0.525	-7.903089986991944
195106.4	300	0.53	-7.903089986991944
195422.053	300	0.535	-7.903089986991944
195772.857	300	0.54	-7.903089986991944
196145.95	300	0.545	-7.903089986991944
196375.621	300	0.55	-7.903089986991944
196820.045	300	0.555	-7.903089986991944
197300.396	300	0.56	-7.903089986991944
197502.225	300	0.565	-7.903089986991944
198139.726	300	0.57	-7.903089986991944
198478.385	300	0.575	-7.903089986991944
198680.908	300	0.58	-7.903089986991944
199334.793	300	0.585	-7.903089986991944
199650.471	300	0.59	-7.903089986991944
199978.151	300	0.595	-7.903089986991944
200395.0	300	0.6	-7.903089986991944
200692.061	300	0.605	-7.903089986991944
201177.929	300	0.61	-7.903089986991944
201470.296	300	0.615	-7.903089986991944
201812.883	300	0.62	-7.903089986991944
201992.637	300	0.625	-7.903089986991944
202231.094	300	0.63	-7.903089986991944
202644.725	300	0.635	-7.903089986991944
203049.662	300	0.64	-7.903089986991944
203348.55	300	0.645	-7.903089986991944
203718.621	300	0.65	-7.903089986991944
204272.209	300	0.655	-7.903089986991944
204628.48	300	0.66	-7.903089986991944
204825.123	300	0.665	-7.903089986991944
205081.654	300	0.67	-7.903089986991944
205319.98	300	0.675	-7.903089986991944
205692.906	300	0.68	-7.903089986991944
205956.28	300	0.685	-7.903089986991944
206088.471	300	0.69	-7.903089986991944
206720.5	300	0.695	-7.903089986991944
207318.25	300	0.7	-7.903089986991944
207972.686	300	0.705	-7.903089986991944
208476.931	300	0.71	-7.903089986991944
208664.957	300	0.715	-7.903089986991944
209114.129	300	0.72	-7.903089986991944
209451.31	300	0.725	-7.903089986991944
210047.6	300	0.73	-7.903089986991944
210360.257	300	0.735	-7.903089986991944
210621.106	300	0.74	-7.903089986991944
210998.088	300	0.745	-7.903089986991944
211292.143	300	0.75	-7.903089986991944
211872.296	300	0.755	-7.903089986991944
212286.569	300	0.76	-7.903089986991944
212828.05	300	0.765	-7.903089986991944
214015.802	300	0.77	-7.903089986991944
214368.873	300	0.775	-7.903089986991944
214713.7	300	0.78	-7.903089986991944
215042.17	300	0.785	-7.903089986991944
215494.553	300	0.79	-7.903089986991944
216361.986	300	0.795	-7.903089986991944
216884.571	300	0.8	-7.903089986991944
217331.851	300	0.805	-7.903089986991944
217415.798	300	0.81	-7.903089986991944
217640.229	300	0.815	-7.903089986991944
218650.073	300	0.82	-7.903089986991944
219006.632	300	0.825	-7.903089986991944
219708.906	300	0.83	-7.903089986991944
220429.65	300	0.835	-7.903089986991944
221040.16	300	0.84	-7.903089986991944
221312.705	300	0.845	-7.903089986991944
222123.0	300	0.85	-7.903089986991944
222928.096	300	0.855	-7.903089986991944
223829.61	300	0.86	-7.903089986991944
224445.541	300	0.865	-7.903089986991944
225264.609	300	0.87	-7.903089986991944
226136.607	300	0.875	-7.903089986991944
226473.486	300	0.88	-7.903089986991944
227075.22	300	0.885	-7.903089986991944
227903.49	300	0.89	-7.903089986991944
229338.264	300	0.895	-7.903089986991944
230118.956	300	0.9	-7.903089986991944
230691.671	300	0.905	-7.903089986991944
231922.188	300	0.91	-7.903089986991944
232887.215	300	0.915	-7.903089986991944
234162.326	300	0.92	-7.903089986991944
234911.47	300	0.925	-7.903089986991944
235710.343	300	0.93	-7.903089986991944
237325.36	300	0.935	-7.903089986991944
239963.794	300	0.94	-7.903089986991944
240960.105	300	0.945	-7.903089986991944
242769.214	300	0.95	-7.903089986991944
244832.492	300	0.955	-7.903089986991944
247409.257	300	0.96	-7.903089986991944
248614.809	300	0.965	-7.903089986991944
253111.643	300	0.97	-7.903089986991944
264858.214	300	0.975	-7.903089986991944
268244.952	300	0.98	-7.903089986991944
271537.043	300	0.985	-7.903089986991944
278695.895	300	0.99	-7.903089986991944
285344.607	300	0.995	-7.903089986991944
197304.286	325	0.5	-7.903089986991944
197607.086	325	0.505	-7.903089986991944
198245.403	325	0.51	-7.903089986991944
198638.618	325	0.515	-7.903089986991944
199135.543	325	0.52	-7.903089986991944
199771.18	325	0.525	-7.903089986991944
200134.234	325	0.53	-7.903089986991944
200301.584	325	0.535	-7.903089986991944
200468.186	325	0.54	-7.903089986991944
200704.84	325	0.545	-7.903089986991944
200962.611	325	0.55	-7.903089986991944
201229.476	325	0.555	-7.903089986991944
201358.6	325	0.56	-7.903089986991944
201626.552	325	0.565	-7.903089986991944
201965.208	325	0.57	-7.903089986991944
202560.683	325	0.575	-7.903089986991944
203007.216	325	0.58	-7.903089986991944
203587.566	325	0.585	-7.903089986991944
203747.285	325	0.59	-7.903089986991944
204024.485	325	0.595	-7.903089986991944
204264.0	325	0.6	-7.903089986991944
205090.136	325	0.605	-7.903089986991944
205193.5	325	0.61	-7.903089986991944
205540.687	325	0.615	-7.903089986991944
206026.337	325	0.62	-7.903089986991944
206463.558	325	0.625	-7.903089986991944
206764.696	325	0.63	-7.903089986991944
207226.212	325	0.635	-7.903089986991944
207638.71	325	0.64	-7.903089986991944
207948.271	325	0.645	-7.903089986991944
208452.579	325	0.65	-7.903089986991944
208573.064	325	0.655	-7.903089986991944
208765.539	325	0.66	-7.903089986991944
209348.731	325	0.665	-7.903089986991944
209770.658	325	0.67	-7.903089986991944
210041.445	325	0.675	-7.903089986991944
210408.52	325	0.68	-7.903089986991944
210784.145	325	0.685	-7.903089986991944
211187.065	325	0.69	-7.903089986991944
211442.54	325	0.695	-7.903089986991944
211774.571	325	0.7	-7.903089986991944
212407.029	325	0.705	-7.903089986991944
212538.674	325	0.71	-7.903089986991944
212816.1	325	0.715	-7.903089986991944
213239.7	325	0.72	-7.903089986991944
213887.643	325	0.725	-7.903089986991944
214109.257	325	0.73	-7.903089986991944
214520.2	325	0.735	-7.903089986991944
214877.161	325	0.74	-7.903089986991944
215435.204	325	0.745	-7.903089986991944
215743.214	325	0.75	-7.903089986991944
216228.457	325	0.755	-7.903089986991944
216570.594	325	0.76	-7.903089986991944
216976.298	325	0.765	-7.903089986991944
217801.746	325	0.77	-7.903089986991944
218653.5	325	0.775	-7.903089986991944
219142.341	325	0.78	-7.903089986991944
219562.208	325	0.785	-7.903089986991944
219941.358	325	0.79	-7.903089986991944
220488.405	325	0.795	-7.903089986991944
221364.571	325	0.8	-7.903089986991944
222289.543	325	0.805	-7.903089986991944
222506.834	325	0.81	-7.903089986991944
222907.964	325	0.815	-7.903089986991944
223797.55	325	0.82	-7.903089986991944
224345.543	325	0.825	-7.903089986991944
225018.789	325	0.83	-7.903089986991944
225855.336	325	0.835	-7.903089986991944
226299.714	325	0.84	-7.903089986991944
226980.766	325	0.845	-7.903089986991944
227807.525	325	0.85	-7.903089986991944
228426.009	325	0.855	-7.903089986991944
229190.514	325	0.86	-7.903089986991944
230173.358	325	0.865	-7.903089986991944
231219.61	325	0.87	-7.903089986991944
231695.893	325	0.875	-7.903089986991944
232413.749	325	0.88	-7.903089986991944
233044.726	325	0.885	-7.903089986991944
233469.714	325	0.89	-7.903089986991944
234685.984	325	0.895	-7.903089986991944
235844.619	325	0.9	-7.903089986991944
236600.69	325	0.905	-7.903089986991944
238029.997	325	0.91	-7.903089986991944
238508.116	325	0.915	-7.903089986991944
239697.366	325	0.92	-7.903089986991944
240481.088	325	0.925	-7.903089986991944
242735.614	325	0.93	-7.903089986991944
243579.593	325	0.935	-7.903089986991944
246179.091	325	0.94	-7.903089986991944
248865.068	325	0.945	-7.903089986991944
252333.786	325	0.95	-7.903089986991944
255462.35	325	0.955	-7.903089986991944
256680.776	325	0.96	-7.903089986991944
264379.062	325	0.965	-7.903089986991944
267246.218	325	0.97	-7.903089986991944
270900.643	325	0.975	-7.903089986991944
274647.743	325	0.98	-7.903089986991944
280635.986	325	0.985	-7.903089986991944
289716.957	325	0.99	-7.903089986991944
311099.098	325	0.995	-7.903089986991944
205402.964	350	0.5	-7.903089986991944
205898.886	350	0.505	-7.903089986991944
206439.872	350	0.51	-7.903089986991944
206717.718	350	0.515	-7.903089986991944
207041.007	350	0.52	-7.903089986991944
207624.762	350	0.525	-7.903089986991944
207979.236	350	0.53	-7.903089986991944
208196.41	350	0.535	-7.903089986991944
208675.057	350	0.54	-7.903089986991944
208977.831	350	0.545	-7.903089986991944
209311.929	350	0.55	-7.903089986991944
209573.057	350	0.555	-7.903089986991944
210158.057	350	0.56	-7.903089986991944
210724.782	350	0.565	-7.903089986991944
211081.498	350	0.57	-7.903089986991944
211378.464	350	0.575	-7.903089986991944
211708.314	350	0.58	-7.903089986991944
211971.643	350	0.585	-7.903089986991944
212384.648	350	0.59	-7.903089986991944
212926.614	350	0.595	-7.903089986991944
213163.714	350	0.6	-7.903089986991944
213398.443	350	0.605	-7.903089986991944
213799.756	350	0.61	-7.903089986991944
214250.421	350	0.615	-7.903089986991944
214726.719	350	0.62	-7.903089986991944
215227.56	350	0.625	-7.903089986991944
215459.204	350	0.63	-7.903089986991944
215961.738	350	0.635	-7.903089986991944
216533.632	350	0.64	-7.903089986991944
216787.007	350	0.645	-7.903089986991944
217012.143	350	0.65	-7.903089986991944
217607.318	350	0.655	-7.903089986991944
217754.275	350	0.66	-7.903089986991944
218553.436	350	0.665	-7.903089986991944
219290.656	350	0.67	-7.903089986991944
219658.582	350	0.675	-7.903089986991944
220099.029	350	0.68	-7.903089986991944
220361.237	350	0.685	-7.903089986991944
220901.791	350	0.69	-7.903089986991944
221259.146	350	0.695	-7.903089986991944
221538.9	350	0.7	-7.903089986991944
222129.128	350	0.705	-7.903089986991944
222542.841	350	0.71	-7.903089986991944
222825.935	350	0.715	-7.903089986991944
223269.543	350	0.72	-7.903089986991944
223455.398	350	0.725	-7.903089986991944
223910.799	350	0.73	-7.903089986991944
224406.571	350	0.735	-7.903089986991944
224844.51	350	0.74	-7.903089986991944
225363.709	350	0.745	-7.903089986991944
226126.161	350	0.75	-7.903089986991944
226401.26	350	0.755	-7.903089986991944
226691.2	350	0.76	-7.903089986991944
227061.421	350	0.765	-7.903089986991944
227872.271	350	0.77	-7.903089986991944
228159.961	350	0.775	-7.903089986991944
229025.771	350	0.78	-7.903089986991944
229963.564	350	0.785	-7.903089986991944
230331.343	350	0.79	-7.903089986991944
231188.105	350	0.795	-7.903089986991944
231797.771	350	0.8	-7.903089986991944
232368.556	350	0.805	-7.903089986991944
232851.414	350	0.81	-7.903089986991944
233142.644	350	0.815	-7.903089986991944
233454.579	350	0.82	-7.903089986991944
233823.271	350	0.825	-7.903089986991944
234454.19	350	0.83	-7.903089986991944
235253.179	350	0.835	-7.903089986991944
235815.314	350	0.84	-7.903089986991944
236188.732	350	0.845	-7.903089986991944
236761.221	350	0.85	-7.903089986991944
237415.325	350	0.855	-7.903089986991944
238951.829	350	0.86	-7.903089986991944
239493.324	350	0.865	-7.903089986991944
240315.704	350	0.87	-7.903089986991944
241129.643	350	0.875	-7.903089986991944
242538.737	350	0.88	-7.903089986991944
244000.081	350	0.885	-7.903089986991944
244586.901	350	0.89	-7.903089986991944
245288.943	350	0.895	-7.903089986991944
246563.279	350	0.9	-7.903089986991944
247424.999	350	0.905	-7.903089986991944
248962.692	350	0.91	-7.903089986991944
250485.431	350	0.915	-7.903089986991944
252543.543	350	0.92	-7.903089986991944
253512.7	350	0.925	-7.903089986991944
255126.204	350	0.93	-7.903089986991944
258590.386	350	0.935	-7.903089986991944
259884.504	350	0.94	-7.903089986991944
261884.6	350	0.945	-7.903089986991944
264428.286	350	0.95	-7.903089986991944
267541.266	350	0.955	-7.903089986991944
274005.574	350	0.96	-7.903089986991944
278331.5	350	0.965	-7.903089986991944
281515.371	350	0.97	-7.903089986991944
286047.214	350	0.975	-7.903089986991944
290875.743	350	0.98	-7.903089986991944
297305.736	350	0.985	-7.903089986991944
313349.344	350	0.99	-7.903089986991944
318744.752	350	0.995	-7.903089986991944
208470.0	375	0.5	-7.903089986991944
208869.179	375	0.505	-7.903089986991944
209221.678	375	0.51	-7.903089986991944
209590.84	375	0.515	-7.903089986991944
209871.943	375	0.52	-7.903089986991944
210056.458	375	0.525	-7.903089986991944
210654.209	375	0.53	-7.903089986991944
210983.405	375	0.535	-7.903089986991944
211364.914	375	0.54	-7.903089986991944
211903.114	375	0.545	-7.903089986991944
212427.707	375	0.55	-7.903089986991944
212785.098	375	0.555	-7.903089986991944
213266.329	375	0.56	-7.903089986991944
213818.173	375	0.565	-7.903089986991944
214113.976	375	0.57	-7.903089986991944
214336.546	375	0.575	-7.903089986991944
214764.497	375	0.58	-7.903089986991944
215281.899	375	0.585	-7.903089986991944
216064.754	375	0.59	-7.903089986991944
216277.4	375	0.595	-7.903089986991944
216654.0	375	0.6	-7.903089986991944
217167.47	375	0.605	-7.903089986991944
217455.914	375	0.61	-7.903089986991944
218042.574	375	0.615	-7.903089986991944
218572.514	375	0.62	-7.903089986991944
218973.036	375	0.625	-7.903089986991944
219197.952	375	0.63	-7.903089986991944
219577.212	375	0.635	-7.903089986991944
220488.457	375	0.64	-7.903089986991944
220768.661	375	0.645	-7.903089986991944
220953.143	375	0.65	-7.903089986991944
221395.161	375	0.655	-7.903089986991944
221765.857	375	0.66	-7.903089986991944
222268.71	375	0.665	-7.903089986991944
222573.694	375	0.67	-7.903089986991944
222899.065	375	0.675	-7.903089986991944
223115.617	375	0.68	-7.903089986991944
223583.522	375	0.685	-7.903089986991944
223908.571	375	0.69	-7.903089986991944
224259.871	375	0.695	-7.903089986991944
224672.443	375	0.7	-7.903089986991944
225101.392	375	0.705	-7.903089986991944
226144.428	375	0.71	-7.903089986991944
226459.386	375	0.715	-7.903089986991944
227099.969	375	0.72	-7.903089986991944
227718.338	375	0.725	-7.903089986991944
228097.791	375	0.73	-7.903089986991944
228506.007	375	0.735	-7.903089986991944
228987.034	375	0.74	-7.903089986991944
229482.186	375	0.745	-7.903089986991944
229767.091	375	0.75	-7.903089986991944
230155.229	375	0.755	-7.903089986991944
230596.834	375	0.76	-7.903089986991944
230844.671	375	0.765	-7.903089986991944
231827.849	375	0.77	-7.903089986991944
232207.514	375	0.775	-7.903089986991944
232817.971	375	0.78	-7.903089986991944
233617.242	375	0.785	-7.903089986991944
234212.759	375	0.79	-7.903089986991944
234754.907	375	0.795	-7.903089986991944
235346.098	375	0.8	-7.903089986991944
235880.992	375	0.805	-7.903089986991944
236742.642	375	0.81	-7.903089986991944
238122.448	375	0.815	-7.903089986991944
238913.737	375	0.82	-7.903089986991944
239353.595	375	0.825	-7.903089986991944
239698.203	375	0.83	-7.903089986991944
240109.651	375	0.835	-7.903089986991944
240755.097	375	0.84	-7.903089986991944
241466.2	375	0.845	-7.903089986991944
242070.439	375	0.85	-7.903089986991944
242899.629	375	0.855	-7.903089986991944
243711.429	375	0.86	-7.903089986991944
245372.298	375	0.865	-7.903089986991944
246277.176	375	0.87	-7.903089986991944
247226.25	375	0.875	-7.903089986991944
247731.714	375	0.88	-7.903089986991944
248027.43	375	0.885	-7.903089986991944
248755.871	375	0.89	-7.903089986991944
249539.486	375	0.895	-7.903089986991944
250351.286	375	0.9	-7.903089986991944
251722.7	375	0.905	-7.903089986991944
253181.786	375	0.91	-7.903089986991944
254110.073	375	0.915	-7.903089986991944
255204.566	375	0.92	-7.903089986991944
256643.97	375	0.925	-7.903089986991944
257394.609	375	0.93	-7.903089986991944
258849.991	375	0.935	-7.903089986991944
260512.543	375	0.94	-7.903089986991944
263571.843	375	0.945	-7.903089986991944
265730.643	375	0.95	-7.903089986991944
269716.631	375	0.955	-7.903089986991944
277585.429	375	0.96	-7.903089986991944
283771.257	375	0.965	-7.903089986991944
288773.029	375	0.97	-7.903089986991944
291171.143	375	0.975	-7.903089986991944
303331.743	375	0.98	-7.903089986991944
308355.301	375	0.985	-7.903089986991944
319305.986	375	0.99	-7.903089986991944
348981.264	375	0.995	-7.903089986991944
216385.786	400	0.5	-7.903089986991944
216549.614	400	0.505	-7.903089986991944
216907.978	400	0.51	-7.903089986991944
217042.839	400	0.515	-7.903089986991944
217238.589	400	0.52	-7.903089986991944
217913.643	400	0.525	-7.903089986991944
218116.989	400	0.53	-7.903089986991944
218384.238	400	0.535	-7.903089986991944
219097.109	400	0.54	-7.903089986991944
219591.326	400	0.545	-7.903089986991944
219809.123	400	0.55	-7.903089986991944
220291.703	400	0.555	-7.903089986991944
220666.563	400	0.56	-7.903089986991944
221038.9	400	0.565	-7.903089986991944
221438.249	400	0.57	-7.903089986991944
221854.47	400	0.575	-7.903089986991944
222245.359	400	0.58	-7.903089986991944
222782.787	400	0.585	-7.903089986991944
223454.256	400	0.59	-7.903089986991944
223712.024	400	0.595	-7.903089986991944
224004.571	400	0.6	-7.903089986991944
224376.586	400	0.605	-7.903089986991944
224843.298	400	0.61	-7.903089986991944
225824.229	400	0.615	-7.903089986991944
226118.775	400	0.62	-7.903089986991944
226454.821	400	0.625	-7.903089986991944
227398.81	400	0.63	-7.903089986991944
227618.795	400	0.635	-7.903089986991944
227716.363	400	0.64	-7.903089986991944
228104.59	400	0.645	-7.903089986991944
228542.757	400	0.65	-7.903089986991944
228898.253	400	0.655	-7.903089986991944
229295.539	400	0.66	-7.903089986991944
229436.676	400	0.665	-7.903089986991944
229716.857	400	0.67	-7.903089986991944
230140.321	400	0.675	-7.903089986991944
230788.391	400	0.68	-7.903089986991944
231154.286	400	0.685	-7.903089986991944
231455.057	400	0.69	-7.903089986991944
232015.0	400	0.695	-7.903089986991944
232492.079	400	0.7	-7.903089986991944
233064.013	400	0.705	-7.903089986991944
233574.502	400	0.71	-7.903089986991944
234004.064	400	0.715	-7.903089986991944
234418.0	400	0.72	-7.903089986991944
234766.007	400	0.725	-7.903089986991944
234942.929	400	0.73	-7.903089986991944
235550.076	400	0.735	-7.903089986991944
235911.0	400	0.74	-7.903089986991944
236451.836	400	0.745	-7.903089986991944
236677.482	400	0.75	-7.903089986991944
237925.215	400	0.755	-7.903089986991944
238432.857	400	0.76	-7.903089986991944
239835.943	400	0.765	-7.903089986991944
240428.046	400	0.77	-7.903089986991944
240969.571	400	0.775	-7.903089986991944
241430.343	400	0.78	-7.903089986991944
241700.686	400	0.785	-7.903089986991944
242233.357	400	0.79	-7.903089986991944
242910.0	400	0.795	-7.903089986991944
243353.771	400	0.8	-7.903089986991944
243699.5	400	0.805	-7.903089986991944
244489.143	400	0.81	-7.903089986991944
245078.864	400	0.815	-7.903089986991944
245641.486	400	0.82	-7.903089986991944
246608.625	400	0.825	-7.903089986991944
247430.143	400	0.83	-7.903089986991944
248399.96	400	0.835	-7.903089986991944
248794.683	400	0.84	-7.903089986991944
250179.686	400	0.845	-7.903089986991944
250946.518	400	0.85	-7.903089986991944
252259.857	400	0.855	-7.903089986991944
252616.533	400	0.86	-7.903089986991944
254100.421	400	0.865	-7.903089986991944
254724.057	400	0.87	-7.903089986991944
256741.911	400	0.875	-7.903089986991944
257573.554	400	0.88	-7.903089986991944
259685.308	400	0.885	-7.903089986991944
260577.928	400	0.89	-7.903089986991944
261642.504	400	0.895	-7.903089986991944
262524.0	400	0.9	-7.903089986991944
264527.132	400	0.905	-7.903089986991944
265450.805	400	0.91	-7.903089986991944
268333.206	400	0.915	-7.903089986991944
269100.906	400	0.92	-7.903089986991944
271328.438	400	0.925	-7.903089986991944
273206.048	400	0.93	-7.903089986991944
275406.062	400	0.935	-7.903089986991944
278810.286	400	0.94	-7.903089986991944
281016.107	400	0.945	-7.903089986991944
285437.496	400	0.95	-7.903089986991944
288666.971	400	0.955	-7.903089986991944
290311.1	400	0.96	-7.903089986991944
292796.164	400	0.965	-7.903089986991944
301838.671	400	0.97	-7.903089986991944
308767.815	400	0.975	-7.903089986991944
317174.171	400	0.98	-7.903089986991944
330611.666	400	0.985	-7.903089986991944
344628.914	400	0.99	-7.903089986991944
412895.089	400	0.995	-7.903089986991944
218325.0	425	0.5	-7.903089986991944
219014.431	425	0.505	-7.903089986991944
219190.057	425	0.51	-7.903089986991944
219471.95	425	0.515	-7.903089986991944
219596.406	425	0.52	-7.903089986991944
219839.732	425	0.525	-7.903089986991944
220148.6	425	0.53	-7.903089986991944
220835.333	425	0.535	-7.903089986991944
221207.314	425	0.54	-7.903089986991944
221536.289	425	0.545	-7.903089986991944
221783.793	425	0.55	-7.903089986991944
222350.04	425	0.555	-7.903089986991944
222730.031	425	0.56	-7.903089986991944
223029.813	425	0.565	-7.903089986991944
223322.971	425	0.57	-7.903089986991944
223728.643	425	0.575	-7.903089986991944
224113.971	425	0.58	-7.903089986991944
224912.558	425	0.585	-7.903089986991944
225786.3	425	0.59	-7.903089986991944
226135.821	425	0.595	-7.903089986991944
226559.0	425	0.6	-7.903089986991944
226966.043	425	0.605	-7.903089986991944
227526.313	425	0.61	-7.903089986991944
227786.393	425	0.615	-7.903089986991944
228361.971	425	0.62	-7.903089986991944
228858.75	425	0.625	-7.903089986991944
229346.198	425	0.63	-7.903089986991944
229648.881	425	0.635	-7.903089986991944
229850.529	425	0.64	-7.903089986991944
230312.824	425	0.645	-7.903089986991944
230826.093	425	0.65	-7.903089986991944
231225.643	425	0.655	-7.903089986991944
231453.896	425	0.66	-7.903089986991944
231756.788	425	0.665	-7.903089986991944
232080.857	425	0.67	-7.903089986991944
232460.466	425	0.675	-7.903089986991944
233355.82	425	0.68	-7.903089986991944
233535.146	425	0.685	-7.903089986991944
233945.979	425	0.69	-7.903089986991944
234221.084	425	0.695	-7.903089986991944
234840.286	425	0.7	-7.903089986991944
235244.493	425	0.705	-7.903089986991944
235621.764	425	0.71	-7.903089986991944
235836.424	425	0.715	-7.903089986991944
236376.743	425	0.72	-7.903089986991944
236828.412	425	0.725	-7.903089986991944
237803.43	425	0.73	-7.903089986991944
238023.417	425	0.735	-7.903089986991944
238238.779	425	0.74	-7.903089986991944
238559.107	425	0.745	-7.903089986991944
239243.554	425	0.75	-7.903089986991944
239590.333	425	0.755	-7.903089986991944
240118.583	425	0.76	-7.903089986991944
240547.092	425	0.765	-7.903089986991944
241423.092	425	0.77	-7.903089986991944
242410.405	425	0.775	-7.903089986991944
243079.257	425	0.78	-7.903089986991944
243344.37	425	0.785	-7.903089986991944
243856.071	425	0.79	-7.903089986991944
244838.964	425	0.795	-7.903089986991944
245930.057	425	0.8	-7.903089986991944
246246.2	425	0.805	-7.903089986991944
246587.886	425	0.81	-7.903089986991944
247380.825	425	0.815	-7.903089986991944
247700.403	425	0.82	-7.903089986991944
248560.952	425	0.825	-7.903089986991944
249388.429	425	0.83	-7.903089986991944
250053.612	425	0.835	-7.903089986991944
250516.806	425	0.84	-7.903089986991944
251494.326	425	0.845	-7.903089986991944
251815.571	425	0.85	-7.903089986991944
252414.157	425	0.855	-7.903089986991944
253678.943	425	0.86	-7.903089986991944
254939.584	425	0.865	-7.903089986991944
255715.054	425	0.87	-7.903089986991944
256174.721	425	0.875	-7.903089986991944
257690.137	425	0.88	-7.903089986991944
258940.921	425	0.885	-7.903089986991944
260776.536	425	0.89	-7.903089986991944
261789.772	425	0.895	-7.903089986991944
262085.207	425	0.9	-7.903089986991944
263368.157	425	0.905	-7.903089986991944
263961.316	425	0.91	-7.903089986991944
267208.771	425	0.915	-7.903089986991944
269251.42	425	0.92	-7.903089986991944
270968.113	425	0.925	-7.903089986991944
275432.231	425	0.93	-7.903089986991944
277876.979	425	0.935	-7.903089986991944
281509.057	425	0.94	-7.903089986991944
284948.74	425	0.945	-7.903089986991944
286136.143	425	0.95	-7.903089986991944
287229.129	425	0.955	-7.903089986991944
290087.429	425	0.96	-7.903089986991944
293137.279	425	0.965	-7.903089986991944
297868.471	425	0.97	-7.903089986991944
304059.518	425	0.975	-7.903089986991944
310140.259	425	0.98	-7.903089986991944
324620.636	425	0.985	-7.903089986991944
338787.416	425	0.99	-7.903089986991944
397124.986	425	0.995	-7.903089986991944
225226.464	450	0.5	-7.903089986991944
225564.008	450	0.505	-7.903089986991944
225850.664	450	0.51	-7.903089986991944
226124.556	450	0.515	-7.903089986991944
226294.349	450	0.52	-7.903089986991944
226948.5	450	0.525	-7.903089986991944
227362.696	450	0.53	-7.903089986991944
227598.325	450	0.535	-7.903089986991944
227815.714	450	0.54	-7.903089986991944
228314.042	450	0.545	-7.903089986991944
228635.0	450	0.55	-7.903089986991944
228947.686	450	0.555	-7.903089986991944
229237.589	450	0.56	-7.903089986991944
229554.69	450	0.565	-7.903089986991944
230214.239	450	0.57	-7.903089986991944
230523.804	450	0.575	-7.903089986991944
230895.479	450	0.58	-7.903089986991944
231341.771	450	0.585	-7.903089986991944
231678.956	450	0.59	-7.903089986991944
232126.83	450	0.595	-7.903089986991944
232446.571	450	0.6	-7.903089986991944
232755.836	450	0.605	-7.903089986991944
233162.801	450	0.61	-7.903089986991944
233477.551	450	0.615	-7.903089986991944
234102.971	450	0.62	-7.903089986991944
234636.804	450	0.625	-7.903089986991944
234909.362	450	0.63	-7.903089986991944
235323.505	450	0.635	-7.903089986991944
235922.331	450	0.64	-7.903089986991944
236682.611	450	0.645	-7.903089986991944
236870.786	450	0.65	-7.903089986991944
237150.497	450	0.655	-7.903089986991944
237570.057	450	0.66	-7.903089986991944
237790.479	450	0.665	-7.903089986991944
238063.8	450	0.67	-7.903089986991944
238303.064	450	0.675	-7.903089986991944
238933.917	450	0.68	-7.903089986991944
239458.913	450	0.685	-7.903089986991944
240330.914	450	0.69	-7.903089986991944
240911.096	450	0.695	-7.903089986991944
241460.429	450	0.7	-7.903089986991944
242277.565	450	0.705	-7.903089986991944
242663.286	450	0.71	-7.903089986991944
243190.403	450	0.715	-7.903089986991944
243428.297	450	0.72	-7.903089986991944
243700.179	450	0.725	-7.903089986991944
244406.336	450	0.73	-7.903089986991944
245029.343	450	0.735	-7.903089986991944
245773.429	450	0.74	-7.903089986991944
246874.416	450	0.745	-7.903089986991944
247574.071	450	0.75	-7.903089986991944
247927.521	450	0.755	-7.903089986991944
248479.231	450	0.76	-7.903089986991944
248728.521	450	0.765	-7.903089986991944
249402.629	450	0.77	-7.903089986991944
249905.555	450	0.775	-7.903089986991944
250499.286	450	0.78	-7.903089986991944
251112.202	450	0.785	-7.903089986991944
251710.557	450	0.79	-7.903089986991944
252752.686	450	0.795	-7.903089986991944
253177.429	450	0.8	-7.903089986991944
254223.536	450	0.805	-7.903089986991944
254850.014	450	0.81	-7.903089986991944
255483.084	450	0.815	-7.903089986991944
256301.657	450	0.82	-7.903089986991944
257159.213	450	0.825	-7.903089986991944
258045.102	450	0.83	-7.903089986991944
259486.428	450	0.835	-7.903089986991944
260306.911	450	0.84	-7.903089986991944
261224.15	450	0.845	-7.903089986991944
262327.693	450	0.85	-7.903089986991944
263744.26	450	0.855	-7.903089986991944
264205.171	450	0.86	-7.903089986991944
265700.695	450	0.865	-7.903089986991944
266531.334	450	0.87	-7.903089986991944
268351.964	450	0.875	-7.903089986991944
269911.714	450	0.88	-7.903089986991944
271631.315	450	0.885	-7.903089986991944
272624.127	450	0.89	-7.903089986991944
273323.241	450	0.895	-7.903089986991944
275127.307	450	0.9	-7.903089986991944
277918.879	450	0.905	-7.903089986991944
279528.743	450	0.91	-7.903089986991944
281115.373	450	0.915	-7.903089986991944
282867.68	450	0.92	-7.903089986991944
284778.489	450	0.925	-7.903089986991944
288378.671	450	0.93	-7.903089986991944
289898.945	450	0.935	-7.903089986991944
291481.951	450	0.94	-7.903089986991944
293665.793	450	0.945	-7.903089986991944
296469.871	450	0.95	-7.903089986991944
299133.784	450	0.955	-7.903089986991944
303971.431	450	0.96	-7.903089986991944
308297.04	450	0.965	-7.903089986991944
316350.757	450	0.97	-7.903089986991944
321377.707	450	0.975	-7.903089986991944
332208.462	450	0.98	-7.903089986991944
338090.629	450	0.985	-7.903089986991944
347910.857	450	0.99	-7.903089986991944
393805.014	450	0.995	-7.903089986991944
