S*_score	SNP_num	quantile	log(local_recomb_rate)
111540.0	25	0.5	-7.903089986991944
112132.4	25	0.505	-7.903089986991944
113245.078	25	0.51	-7.903089986991944
113606.895	25	0.515	-7.903089986991944
113767.2	25	0.52	-7.903089986991944
114224.0	25	0.525	-7.903089986991944
114585.1	25	0.53	-7.903089986991944
115593.6	25	0.535	-7.903089986991944
116315.733	25	0.54	-7.903089986991944
117221.733	25	0.545	-7.903089986991944
117520.35	25	0.55	-7.903089986991944
118110.5	25	0.555	-7.903089986991944
118749.6	25	0.56	-7.903089986991944
118944.8	25	0.565	-7.903089986991944
119888.0	25	0.57	-7.903089986991944
120784.8	25	0.575	-7.903089986991944
121925.6	25	0.58	-7.903089986991944
122503.6	25	0.585	-7.903089986991944
122895.467	25	0.59	-7.903089986991944
123043.0	25	0.595	-7.903089986991944
123438.6	25	0.6	-7.903089986991944
123856.267	25	0.605	-7.903089986991944
124553.467	25	0.61	-7.903089986991944
124946.107	25	0.615	-7.903089986991944
125651.2	25	0.62	-7.903089986991944
126404.167	25	0.625	-7.903089986991944
127356.8	25	0.63	-7.903089986991944
128243.2	25	0.635	-7.903089986991944
129490.0	25	0.64	-7.903089986991944
129849.5	25	0.645	-7.903089986991944
130054.0	25	0.65	-7.903089986991944
130475.8	25	0.655	-7.903089986991944
131688.8	25	0.66	-7.903089986991944
133457.95	25	0.665	-7.903089986991944
134168.8	25	0.67	-7.903089986991944
134794.0	25	0.675	-7.903089986991944
135144.52	25	0.68	-7.903089986991944
136017.633	25	0.685	-7.903089986991944
136355.6	25	0.69	-7.903089986991944
136740.9	25	0.695	-7.903089986991944
138043.333	25	0.7	-7.903089986991944
138853.0	25	0.705	-7.903089986991944
140817.467	25	0.71	-7.903089986991944
142403.7	25	0.715	-7.903089986991944
143052.8	25	0.72	-7.903089986991944
143477.0	25	0.725	-7.903089986991944
144132.0	25	0.73	-7.903089986991944
144434.0	25	0.735	-7.903089986991944
145006.4	25	0.74	-7.903089986991944
145204.555	25	0.745	-7.903089986991944
145979.818	25	0.75	-7.903089986991944
147948.35	25	0.755	-7.903089986991944
148621.6	25	0.76	-7.903089986991944
149960.2	25	0.765	-7.903089986991944
150869.72	25	0.77	-7.903089986991944
151851.0	25	0.775	-7.903089986991944
153023.733	25	0.78	-7.903089986991944
153621.286	25	0.785	-7.903089986991944
154300.8	25	0.79	-7.903089986991944
154899.1	25	0.795	-7.903089986991944
155336.0	25	0.8	-7.903089986991944
156124.975	25	0.805	-7.903089986991944
157696.133	25	0.81	-7.903089986991944
159310.3	25	0.815	-7.903089986991944
159700.0	25	0.82	-7.903089986991944
160857.333	25	0.825	-7.903089986991944
162826.0	25	0.83	-7.903089986991944
164517.267	25	0.835	-7.903089986991944
164814.4	25	0.84	-7.903089986991944
164922.6	25	0.845	-7.903089986991944
165408.0	25	0.85	-7.903089986991944
165937.05	25	0.855	-7.903089986991944
166097.6	25	0.86	-7.903089986991944
166430.2	25	0.865	-7.903089986991944
168383.467	25	0.87	-7.903089986991944
168819.0	25	0.875	-7.903089986991944
169293.68	25	0.88	-7.903089986991944
170124.09	25	0.885	-7.903089986991944
170604.933	25	0.89	-7.903089986991944
171149.8	25	0.895	-7.903089986991944
171912.0	25	0.9	-7.903089986991944
172633.2	25	0.905	-7.903089986991944
173327.2	25	0.91	-7.903089986991944
175714.8	25	0.915	-7.903089986991944
176828.0	25	0.92	-7.903089986991944
177391.0	25	0.925	-7.903089986991944
177682.0	25	0.93	-7.903089986991944
178393.6	25	0.935	-7.903089986991944
178635.2	25	0.94	-7.903089986991944
179100.1	25	0.945	-7.903089986991944
180156.3	25	0.95	-7.903089986991944
181995.0	25	0.955	-7.903089986991944
182880.0	25	0.96	-7.903089986991944
184294.4	25	0.965	-7.903089986991944
186353.467	25	0.97	-7.903089986991944
192236.0	25	0.975	-7.903089986991944
192679.2	25	0.98	-7.903089986991944
195853.2	25	0.985	-7.903089986991944
197851.74	25	0.99	-7.903089986991944
203424.6	25	0.995	-7.903089986991944
119000.25	50	0.5	-7.903089986991944
119700.386	50	0.505	-7.903089986991944
120095.4	50	0.51	-7.903089986991944
120967.323	50	0.515	-7.903089986991944
121300.0	50	0.52	-7.903089986991944
122035.286	50	0.525	-7.903089986991944
122348.416	50	0.53	-7.903089986991944
122801.551	50	0.535	-7.903089986991944
123254.96	50	0.54	-7.903089986991944
123563.012	50	0.545	-7.903089986991944
123947.571	50	0.55	-7.903089986991944
124407.05	50	0.555	-7.903089986991944
124886.8	50	0.56	-7.903089986991944
125211.625	50	0.565	-7.903089986991944
125568.13	50	0.57	-7.903089986991944
125945.25	50	0.575	-7.903089986991944
126143.928	50	0.58	-7.903089986991944
126468.695	50	0.585	-7.903089986991944
126990.31	50	0.59	-7.903089986991944
127481.3	50	0.595	-7.903089986991944
127698.52	50	0.6	-7.903089986991944
128131.521	50	0.605	-7.903089986991944
128799.8	50	0.61	-7.903089986991944
129154.071	50	0.615	-7.903089986991944
129322.59	50	0.62	-7.903089986991944
130161.667	50	0.625	-7.903089986991944
130980.1	50	0.63	-7.903089986991944
131628.288	50	0.635	-7.903089986991944
132061.28	50	0.64	-7.903089986991944
132408.3	50	0.645	-7.903089986991944
133115.212	50	0.65	-7.903089986991944
133331.6	50	0.655	-7.903089986991944
134017.3	50	0.66	-7.903089986991944
134388.343	50	0.665	-7.903089986991944
134644.458	50	0.67	-7.903089986991944
135387.5	50	0.675	-7.903089986991944
135938.0	50	0.68	-7.903089986991944
136299.748	50	0.685	-7.903089986991944
136768.267	50	0.69	-7.903089986991944
137366.12	50	0.695	-7.903089986991944
137791.875	50	0.7	-7.903089986991944
137980.35	50	0.705	-7.903089986991944
138193.595	50	0.71	-7.903089986991944
138554.5	50	0.715	-7.903089986991944
138777.95	50	0.72	-7.903089986991944
139379.958	50	0.725	-7.903089986991944
139565.65	50	0.73	-7.903089986991944
140320.9	50	0.735	-7.903089986991944
140724.447	50	0.74	-7.903089986991944
141097.534	50	0.745	-7.903089986991944
141839.444	50	0.75	-7.903089986991944
142189.002	50	0.755	-7.903089986991944
142790.4	50	0.76	-7.903089986991944
143672.313	50	0.765	-7.903089986991944
144544.0	50	0.77	-7.903089986991944
144698.643	50	0.775	-7.903089986991944
145441.62	50	0.78	-7.903089986991944
145681.867	50	0.785	-7.903089986991944
145954.371	50	0.79	-7.903089986991944
147069.839	50	0.795	-7.903089986991944
147634.667	50	0.8	-7.903089986991944
148017.35	50	0.805	-7.903089986991944
148538.1	50	0.81	-7.903089986991944
149307.2	50	0.815	-7.903089986991944
150016.0	50	0.82	-7.903089986991944
150519.8	50	0.825	-7.903089986991944
151530.726	50	0.83	-7.903089986991944
151944.59	50	0.835	-7.903089986991944
152398.96	50	0.84	-7.903089986991944
153106.253	50	0.845	-7.903089986991944
153693.875	50	0.85	-7.903089986991944
154938.65	50	0.855	-7.903089986991944
155348.7	50	0.86	-7.903089986991944
155937.77	50	0.865	-7.903089986991944
157140.246	50	0.87	-7.903089986991944
158455.833	50	0.875	-7.903089986991944
159837.16	50	0.88	-7.903089986991944
161227.967	50	0.885	-7.903089986991944
162400.6	50	0.89	-7.903089986991944
162864.95	50	0.895	-7.903089986991944
163744.0	50	0.9	-7.903089986991944
164211.878	50	0.905	-7.903089986991944
165129.571	50	0.91	-7.903089986991944
165963.35	50	0.915	-7.903089986991944
166842.182	50	0.92	-7.903089986991944
167819.275	50	0.925	-7.903089986991944
169485.8	50	0.93	-7.903089986991944
170399.6	50	0.935	-7.903089986991944
171311.6	50	0.94	-7.903089986991944
173286.367	50	0.945	-7.903089986991944
174424.848	50	0.95	-7.903089986991944
177568.413	50	0.955	-7.903089986991944
179198.08	50	0.96	-7.903089986991944
182510.367	50	0.965	-7.903089986991944
184342.5	50	0.97	-7.903089986991944
187531.167	50	0.975	-7.903089986991944
190429.12	50	0.98	-7.903089986991944
194634.35	50	0.985	-7.903089986991944
198981.7	50	0.99	-7.903089986991944
207209.345	50	0.995	-7.903089986991944
125990.0	75	0.5	-7.903089986991944
126192.458	75	0.505	-7.903089986991944
126697.0	75	0.51	-7.903089986991944
127176.891	75	0.515	-7.903089986991944
127738.476	75	0.52	-7.903089986991944
128326.31	75	0.525	-7.903089986991944
128830.738	75	0.53	-7.903089986991944
129274.5	75	0.535	-7.903089986991944
129651.15	75	0.54	-7.903089986991944
130073.197	75	0.545	-7.903089986991944
130463.292	75	0.55	-7.903089986991944
130839.725	75	0.555	-7.903089986991944
131261.907	75	0.56	-7.903089986991944
131650.5	75	0.565	-7.903089986991944
132120.221	75	0.57	-7.903089986991944
132407.292	75	0.575	-7.903089986991944
132926.864	75	0.58	-7.903089986991944
133298.05	75	0.585	-7.903089986991944
133697.2	75	0.59	-7.903089986991944
134202.192	75	0.595	-7.903089986991944
134859.5	75	0.6	-7.903089986991944
135068.623	75	0.605	-7.903089986991944
135501.333	75	0.61	-7.903089986991944
135758.3	75	0.615	-7.903089986991944
136299.433	75	0.62	-7.903089986991944
136647.321	75	0.625	-7.903089986991944
136905.667	75	0.63	-7.903089986991944
137282.1	75	0.635	-7.903089986991944
137544.0	75	0.64	-7.903089986991944
137970.917	75	0.645	-7.903089986991944
138238.5	75	0.65	-7.903089986991944
138719.667	75	0.655	-7.903089986991944
139283.5	75	0.66	-7.903089986991944
139673.417	75	0.665	-7.903089986991944
140279.411	75	0.67	-7.903089986991944
140727.086	75	0.675	-7.903089986991944
141317.309	75	0.68	-7.903089986991944
141792.071	75	0.685	-7.903089986991944
141978.321	75	0.69	-7.903089986991944
142312.622	75	0.695	-7.903089986991944
142883.0	75	0.7	-7.903089986991944
143227.083	75	0.705	-7.903089986991944
143607.148	75	0.71	-7.903089986991944
143968.3	75	0.715	-7.903089986991944
144278.667	75	0.72	-7.903089986991944
144698.167	75	0.725	-7.903089986991944
144902.75	75	0.73	-7.903089986991944
145046.208	75	0.735	-7.903089986991944
145233.2	75	0.74	-7.903089986991944
145904.399	75	0.745	-7.903089986991944
146206.923	75	0.75	-7.903089986991944
146705.667	75	0.755	-7.903089986991944
147333.333	75	0.76	-7.903089986991944
147799.0	75	0.765	-7.903089986991944
148209.76	75	0.77	-7.903089986991944
148574.559	75	0.775	-7.903089986991944
149144.15	75	0.78	-7.903089986991944
150250.167	75	0.785	-7.903089986991944
150819.888	75	0.79	-7.903089986991944
151149.917	75	0.795	-7.903089986991944
151492.0	75	0.8	-7.903089986991944
151926.086	75	0.805	-7.903089986991944
152707.444	75	0.81	-7.903089986991944
153625.065	75	0.815	-7.903089986991944
153814.3	75	0.82	-7.903089986991944
154152.589	75	0.825	-7.903089986991944
154603.615	75	0.83	-7.903089986991944
155014.244	75	0.835	-7.903089986991944
155433.667	75	0.84	-7.903089986991944
156193.9	75	0.845	-7.903089986991944
157285.0	75	0.85	-7.903089986991944
157886.5	75	0.855	-7.903089986991944
158450.011	75	0.86	-7.903089986991944
159316.762	75	0.865	-7.903089986991944
160718.5	75	0.87	-7.903089986991944
163147.131	75	0.875	-7.903089986991944
164102.907	75	0.88	-7.903089986991944
164786.163	75	0.885	-7.903089986991944
165032.231	75	0.89	-7.903089986991944
165323.638	75	0.895	-7.903089986991944
166737.0	75	0.9	-7.903089986991944
167085.181	75	0.905	-7.903089986991944
169182.333	75	0.91	-7.903089986991944
169411.333	75	0.915	-7.903089986991944
170034.0	75	0.92	-7.903089986991944
171923.0	75	0.925	-7.903089986991944
173051.0	75	0.93	-7.903089986991944
174122.625	75	0.935	-7.903089986991944
175448.06	75	0.94	-7.903089986991944
176634.89	75	0.945	-7.903089986991944
177660.5	75	0.95	-7.903089986991944
178697.267	75	0.955	-7.903089986991944
179964.0	75	0.96	-7.903089986991944
180625.833	75	0.965	-7.903089986991944
185266.143	75	0.97	-7.903089986991944
187076.25	75	0.975	-7.903089986991944
190974.0	75	0.98	-7.903089986991944
197216.5	75	0.985	-7.903089986991944
203059.0	75	0.99	-7.903089986991944
216464.318	75	0.995	-7.903089986991944
133062.114	100	0.5	-7.903089986991944
133369.059	100	0.505	-7.903089986991944
133559.305	100	0.51	-7.903089986991944
133823.039	100	0.515	-7.903089986991944
134606.78	100	0.52	-7.903089986991944
134893.469	100	0.525	-7.903089986991944
135441.257	100	0.53	-7.903089986991944
135767.308	100	0.535	-7.903089986991944
136027.646	100	0.54	-7.903089986991944
136327.005	100	0.545	-7.903089986991944
136455.85	100	0.55	-7.903089986991944
136961.351	100	0.555	-7.903089986991944
137432.2	100	0.56	-7.903089986991944
137728.88	100	0.565	-7.903089986991944
137966.46	100	0.57	-7.903089986991944
138279.956	100	0.575	-7.903089986991944
138561.489	100	0.58	-7.903089986991944
139092.733	100	0.585	-7.903089986991944
139340.509	100	0.59	-7.903089986991944
139561.904	100	0.595	-7.903089986991944
140051.614	100	0.6	-7.903089986991944
140385.918	100	0.605	-7.903089986991944
140555.978	100	0.61	-7.903089986991944
140704.883	100	0.615	-7.903089986991944
140976.089	100	0.62	-7.903089986991944
141100.483	100	0.625	-7.903089986991944
141332.491	100	0.63	-7.903089986991944
141904.2	100	0.635	-7.903089986991944
142442.857	100	0.64	-7.903089986991944
142997.533	100	0.645	-7.903089986991944
143359.231	100	0.65	-7.903089986991944
143952.65	100	0.655	-7.903089986991944
144603.6	100	0.66	-7.903089986991944
144730.871	100	0.665	-7.903089986991944
144958.83	100	0.67	-7.903089986991944
145317.622	100	0.675	-7.903089986991944
145641.72	100	0.68	-7.903089986991944
145812.151	100	0.685	-7.903089986991944
146120.672	100	0.69	-7.903089986991944
146459.225	100	0.695	-7.903089986991944
146837.17	100	0.7	-7.903089986991944
147060.506	100	0.705	-7.903089986991944
147458.155	100	0.71	-7.903089986991944
147940.088	100	0.715	-7.903089986991944
148092.8	100	0.72	-7.903089986991944
148563.8	100	0.725	-7.903089986991944
148885.463	100	0.73	-7.903089986991944
149262.92	100	0.735	-7.903089986991944
149442.647	100	0.74	-7.903089986991944
149678.2	100	0.745	-7.903089986991944
150171.439	100	0.75	-7.903089986991944
150440.0	100	0.755	-7.903089986991944
150974.612	100	0.76	-7.903089986991944
151673.02	100	0.765	-7.903089986991944
152020.079	100	0.77	-7.903089986991944
152499.585	100	0.775	-7.903089986991944
152960.114	100	0.78	-7.903089986991944
153201.502	100	0.785	-7.903089986991944
153607.631	100	0.79	-7.903089986991944
154296.549	100	0.795	-7.903089986991944
154500.945	100	0.8	-7.903089986991944
154832.225	100	0.805	-7.903089986991944
155054.15	100	0.81	-7.903089986991944
155737.618	100	0.815	-7.903089986991944
156223.631	100	0.82	-7.903089986991944
156654.625	100	0.825	-7.903089986991944
157495.316	100	0.83	-7.903089986991944
158353.663	100	0.835	-7.903089986991944
159133.6	100	0.84	-7.903089986991944
159704.838	100	0.845	-7.903089986991944
160395.75	100	0.85	-7.903089986991944
160819.637	100	0.855	-7.903089986991944
161086.049	100	0.86	-7.903089986991944
161589.426	100	0.865	-7.903089986991944
162191.287	100	0.87	-7.903089986991944
162781.607	100	0.875	-7.903089986991944
163365.389	100	0.88	-7.903089986991944
163516.407	100	0.885	-7.903089986991944
164358.057	100	0.89	-7.903089986991944
165150.355	100	0.895	-7.903089986991944
165589.656	100	0.9	-7.903089986991944
166146.03	100	0.905	-7.903089986991944
166679.062	100	0.91	-7.903089986991944
168440.657	100	0.915	-7.903089986991944
169553.093	100	0.92	-7.903089986991944
170245.082	100	0.925	-7.903089986991944
172277.71	100	0.93	-7.903089986991944
173520.686	100	0.935	-7.903089986991944
175173.169	100	0.94	-7.903089986991944
176689.613	100	0.945	-7.903089986991944
178322.731	100	0.95	-7.903089986991944
180064.079	100	0.955	-7.903089986991944
181907.004	100	0.96	-7.903089986991944
183521.029	100	0.965	-7.903089986991944
186443.965	100	0.97	-7.903089986991944
187921.917	100	0.975	-7.903089986991944
192953.447	100	0.98	-7.903089986991944
197595.65	100	0.985	-7.903089986991944
203980.06	100	0.99	-7.903089986991944
227628.39	100	0.995	-7.903089986991944
139237.167	125	0.5	-7.903089986991944
139699.3	125	0.505	-7.903089986991944
140042.345	125	0.51	-7.903089986991944
140530.171	125	0.515	-7.903089986991944
141065.315	125	0.52	-7.903089986991944
141355.615	125	0.525	-7.903089986991944
141557.743	125	0.53	-7.903089986991944
141852.757	125	0.535	-7.903089986991944
142247.6	125	0.54	-7.903089986991944
142599.167	125	0.545	-7.903089986991944
142853.851	125	0.55	-7.903089986991944
143323.305	125	0.555	-7.903089986991944
143917.509	125	0.56	-7.903089986991944
144916.05	125	0.565	-7.903089986991944
145200.025	125	0.57	-7.903089986991944
145625.766	125	0.575	-7.903089986991944
145844.419	125	0.58	-7.903089986991944
146069.656	125	0.585	-7.903089986991944
146374.761	125	0.59	-7.903089986991944
146894.139	125	0.595	-7.903089986991944
147445.0	125	0.6	-7.903089986991944
147639.375	125	0.605	-7.903089986991944
147836.273	125	0.61	-7.903089986991944
147966.333	125	0.615	-7.903089986991944
148343.429	125	0.62	-7.903089986991944
148676.739	125	0.625	-7.903089986991944
148854.778	125	0.63	-7.903089986991944
149255.425	125	0.635	-7.903089986991944
149377.9	125	0.64	-7.903089986991944
149500.613	125	0.645	-7.903089986991944
149831.42	125	0.65	-7.903089986991944
150298.218	125	0.655	-7.903089986991944
150473.6	125	0.66	-7.903089986991944
150610.393	125	0.665	-7.903089986991944
150971.033	125	0.67	-7.903089986991944
151561.944	125	0.675	-7.903089986991944
151829.231	125	0.68	-7.903089986991944
152184.091	125	0.685	-7.903089986991944
152737.313	125	0.69	-7.903089986991944
153428.798	125	0.695	-7.903089986991944
153765.0	125	0.7	-7.903089986991944
154097.417	125	0.705	-7.903089986991944
154342.05	125	0.71	-7.903089986991944
154741.788	125	0.715	-7.903089986991944
154860.444	125	0.72	-7.903089986991944
155168.668	125	0.725	-7.903089986991944
155530.057	125	0.73	-7.903089986991944
155735.246	125	0.735	-7.903089986991944
156060.788	125	0.74	-7.903089986991944
156335.735	125	0.745	-7.903089986991944
156827.885	125	0.75	-7.903089986991944
157180.5	125	0.755	-7.903089986991944
157564.657	125	0.76	-7.903089986991944
158223.556	125	0.765	-7.903089986991944
158675.667	125	0.77	-7.903089986991944
159295.635	125	0.775	-7.903089986991944
159951.809	125	0.78	-7.903089986991944
160410.287	125	0.785	-7.903089986991944
161033.703	125	0.79	-7.903089986991944
161330.729	125	0.795	-7.903089986991944
161561.538	125	0.8	-7.903089986991944
161696.496	125	0.805	-7.903089986991944
162058.182	125	0.81	-7.903089986991944
162399.077	125	0.815	-7.903089986991944
162803.629	125	0.82	-7.903089986991944
164016.497	125	0.825	-7.903089986991944
164657.43	125	0.83	-7.903089986991944
165221.056	125	0.835	-7.903089986991944
165646.862	125	0.84	-7.903089986991944
165997.473	125	0.845	-7.903089986991944
166415.385	125	0.85	-7.903089986991944
166950.938	125	0.855	-7.903089986991944
167329.379	125	0.86	-7.903089986991944
168283.496	125	0.865	-7.903089986991944
169478.932	125	0.87	-7.903089986991944
170128.403	125	0.875	-7.903089986991944
170585.516	125	0.88	-7.903089986991944
170990.25	125	0.885	-7.903089986991944
171489.247	125	0.89	-7.903089986991944
172610.333	125	0.895	-7.903089986991944
173016.25	125	0.9	-7.903089986991944
173744.188	125	0.905	-7.903089986991944
174221.539	125	0.91	-7.903089986991944
175197.765	125	0.915	-7.903089986991944
175988.2	125	0.92	-7.903089986991944
176944.729	125	0.925	-7.903089986991944
177287.793	125	0.93	-7.903089986991944
178417.078	125	0.935	-7.903089986991944
179869.887	125	0.94	-7.903089986991944
180974.411	125	0.945	-7.903089986991944
182140.577	125	0.95	-7.903089986991944
184026.336	125	0.955	-7.903089986991944
185478.615	125	0.96	-7.903089986991944
186788.456	125	0.965	-7.903089986991944
188162.667	125	0.97	-7.903089986991944
189457.341	125	0.975	-7.903089986991944
191847.991	125	0.98	-7.903089986991944
194375.506	125	0.985	-7.903089986991944
195750.01	125	0.99	-7.903089986991944
214413.175	125	0.995	-7.903089986991944
147825.333	150	0.5	-7.903089986991944
148065.043	150	0.505	-7.903089986991944
148187.691	150	0.51	-7.903089986991944
148560.738	150	0.515	-7.903089986991944
149137.207	150	0.52	-7.903089986991944
149448.127	150	0.525	-7.903089986991944
149625.314	150	0.53	-7.903089986991944
149880.808	150	0.535	-7.903089986991944
150329.161	150	0.54	-7.903089986991944
150839.849	150	0.545	-7.903089986991944
151158.414	150	0.55	-7.903089986991944
151558.427	150	0.555	-7.903089986991944
151755.28	150	0.56	-7.903089986991944
152004.978	150	0.565	-7.903089986991944
152265.976	150	0.57	-7.903089986991944
152413.078	150	0.575	-7.903089986991944
152816.246	150	0.58	-7.903089986991944
153364.692	150	0.585	-7.903089986991944
153537.04	150	0.59	-7.903089986991944
153859.228	150	0.595	-7.903089986991944
154238.4	150	0.6	-7.903089986991944
154653.06	150	0.605	-7.903089986991944
154771.18	150	0.61	-7.903089986991944
154840.346	150	0.615	-7.903089986991944
155246.322	150	0.62	-7.903089986991944
155862.476	150	0.625	-7.903089986991944
156006.622	150	0.63	-7.903089986991944
156245.929	150	0.635	-7.903089986991944
156661.048	150	0.64	-7.903089986991944
156970.041	150	0.645	-7.903089986991944
157439.738	150	0.65	-7.903089986991944
157641.844	150	0.655	-7.903089986991944
157920.4	150	0.66	-7.903089986991944
158167.66	150	0.665	-7.903089986991944
158553.691	150	0.67	-7.903089986991944
159062.092	150	0.675	-7.903089986991944
159273.68	150	0.68	-7.903089986991944
159527.629	150	0.685	-7.903089986991944
159791.382	150	0.69	-7.903089986991944
160181.739	150	0.695	-7.903089986991944
160619.531	150	0.7	-7.903089986991944
160930.795	150	0.705	-7.903089986991944
161235.017	150	0.71	-7.903089986991944
161556.532	150	0.715	-7.903089986991944
161734.229	150	0.72	-7.903089986991944
162296.15	150	0.725	-7.903089986991944
162616.646	150	0.73	-7.903089986991944
163009.79	150	0.735	-7.903089986991944
163422.156	150	0.74	-7.903089986991944
163620.204	150	0.745	-7.903089986991944
164052.143	150	0.75	-7.903089986991944
164508.435	150	0.755	-7.903089986991944
164775.477	150	0.76	-7.903089986991944
165053.354	150	0.765	-7.903089986991944
165575.391	150	0.77	-7.903089986991944
166082.521	150	0.775	-7.903089986991944
166524.844	150	0.78	-7.903089986991944
167177.667	150	0.785	-7.903089986991944
167763.899	150	0.79	-7.903089986991944
168134.005	150	0.795	-7.903089986991944
168623.1	150	0.8	-7.903089986991944
168929.818	150	0.805	-7.903089986991944
169236.777	150	0.81	-7.903089986991944
169679.061	150	0.815	-7.903089986991944
170135.558	150	0.82	-7.903089986991944
170698.158	150	0.825	-7.903089986991944
171071.486	150	0.83	-7.903089986991944
171570.626	150	0.835	-7.903089986991944
172183.954	150	0.84	-7.903089986991944
172413.342	150	0.845	-7.903089986991944
172658.487	150	0.85	-7.903089986991944
173509.067	150	0.855	-7.903089986991944
174046.586	150	0.86	-7.903089986991944
174680.6	150	0.865	-7.903089986991944
175345.143	150	0.87	-7.903089986991944
175952.542	150	0.875	-7.903089986991944
177037.257	150	0.88	-7.903089986991944
177652.806	150	0.885	-7.903089986991944
178550.201	150	0.89	-7.903089986991944
180131.62	150	0.895	-7.903089986991944
181190.55	150	0.9	-7.903089986991944
182418.563	150	0.905	-7.903089986991944
182889.561	150	0.91	-7.903089986991944
184136.208	150	0.915	-7.903089986991944
184536.34	150	0.92	-7.903089986991944
185215.006	150	0.925	-7.903089986991944
186693.129	150	0.93	-7.903089986991944
187407.116	150	0.935	-7.903089986991944
188333.262	150	0.94	-7.903089986991944
189040.908	150	0.945	-7.903089986991944
189904.312	150	0.95	-7.903089986991944
191887.327	150	0.955	-7.903089986991944
193466.133	150	0.96	-7.903089986991944
194474.686	150	0.965	-7.903089986991944
196073.595	150	0.97	-7.903089986991944
199986.071	150	0.975	-7.903089986991944
202881.499	150	0.98	-7.903089986991944
208339.723	150	0.985	-7.903089986991944
215683.425	150	0.99	-7.903089986991944
225220.154	150	0.995	-7.903089986991944
155988.583	175	0.5	-7.903089986991944
156211.256	175	0.505	-7.903089986991944
156597.911	175	0.51	-7.903089986991944
157162.073	175	0.515	-7.903089986991944
157757.84	175	0.52	-7.903089986991944
158196.976	175	0.525	-7.903089986991944
158429.796	175	0.53	-7.903089986991944
158766.631	175	0.535	-7.903089986991944
158880.868	175	0.54	-7.903089986991944
159347.854	175	0.545	-7.903089986991944
159587.491	175	0.55	-7.903089986991944
159803.808	175	0.555	-7.903089986991944
160062.023	175	0.56	-7.903089986991944
160277.335	175	0.565	-7.903089986991944
160432.819	175	0.57	-7.903089986991944
160755.615	175	0.575	-7.903089986991944
161187.486	175	0.58	-7.903089986991944
161501.024	175	0.585	-7.903089986991944
161663.995	175	0.59	-7.903089986991944
161867.142	175	0.595	-7.903089986991944
162267.477	175	0.6	-7.903089986991944
162439.6	175	0.605	-7.903089986991944
163000.42	175	0.61	-7.903089986991944
163518.89	175	0.615	-7.903089986991944
163921.683	175	0.62	-7.903089986991944
164219.569	175	0.625	-7.903089986991944
164565.272	175	0.63	-7.903089986991944
164913.958	175	0.635	-7.903089986991944
165232.776	175	0.64	-7.903089986991944
165510.322	175	0.645	-7.903089986991944
165756.154	175	0.65	-7.903089986991944
165973.51	175	0.655	-7.903089986991944
166455.818	175	0.66	-7.903089986991944
166838.839	175	0.665	-7.903089986991944
167161.536	175	0.67	-7.903089986991944
167407.358	175	0.675	-7.903089986991944
167749.588	175	0.68	-7.903089986991944
168112.62	175	0.685	-7.903089986991944
168732.781	175	0.69	-7.903089986991944
169026.59	175	0.695	-7.903089986991944
169153.654	175	0.7	-7.903089986991944
169648.872	175	0.705	-7.903089986991944
170127.311	175	0.71	-7.903089986991944
170419.928	175	0.715	-7.903089986991944
170732.493	175	0.72	-7.903089986991944
170928.885	175	0.725	-7.903089986991944
171573.271	175	0.73	-7.903089986991944
171697.664	175	0.735	-7.903089986991944
172202.774	175	0.74	-7.903089986991944
172611.865	175	0.745	-7.903089986991944
173099.958	175	0.75	-7.903089986991944
173300.0	175	0.755	-7.903089986991944
173618.81	175	0.76	-7.903089986991944
173779.105	175	0.765	-7.903089986991944
174201.993	175	0.77	-7.903089986991944
174753.846	175	0.775	-7.903089986991944
175282.323	175	0.78	-7.903089986991944
175720.149	175	0.785	-7.903089986991944
176305.584	175	0.79	-7.903089986991944
176869.842	175	0.795	-7.903089986991944
177483.785	175	0.8	-7.903089986991944
178212.233	175	0.805	-7.903089986991944
178766.22	175	0.81	-7.903089986991944
179147.016	175	0.815	-7.903089986991944
179336.565	175	0.82	-7.903089986991944
179686.856	175	0.825	-7.903089986991944
180104.203	175	0.83	-7.903089986991944
180352.011	175	0.835	-7.903089986991944
180720.057	175	0.84	-7.903089986991944
181523.786	175	0.845	-7.903089986991944
182016.23	175	0.85	-7.903089986991944
182986.499	175	0.855	-7.903089986991944
183410.603	175	0.86	-7.903089986991944
183948.096	175	0.865	-7.903089986991944
184274.507	175	0.87	-7.903089986991944
184944.934	175	0.875	-7.903089986991944
186363.391	175	0.88	-7.903089986991944
187166.484	175	0.885	-7.903089986991944
187724.965	175	0.89	-7.903089986991944
188188.155	175	0.895	-7.903089986991944
189776.571	175	0.9	-7.903089986991944
190900.136	175	0.905	-7.903089986991944
192155.075	175	0.91	-7.903089986991944
192790.569	175	0.915	-7.903089986991944
193532.686	175	0.92	-7.903089986991944
195155.607	175	0.925	-7.903089986991944
196291.171	175	0.93	-7.903089986991944
196504.542	175	0.935	-7.903089986991944
198145.886	175	0.94	-7.903089986991944
199043.217	175	0.945	-7.903089986991944
199833.038	175	0.95	-7.903089986991944
200505.871	175	0.955	-7.903089986991944
202618.24	175	0.96	-7.903089986991944
205011.374	175	0.965	-7.903089986991944
207448.943	175	0.97	-7.903089986991944
211940.844	175	0.975	-7.903089986991944
215777.422	175	0.98	-7.903089986991944
218934.925	175	0.985	-7.903089986991944
224878.803	175	0.99	-7.903089986991944
237002.397	175	0.995	-7.903089986991944
163278.536	200	0.5	-7.903089986991944
163772.939	200	0.505	-7.903089986991944
163921.081	200	0.51	-7.903089986991944
164146.547	200	0.515	-7.903089986991944
164247.596	200	0.52	-7.903089986991944
164490.247	200	0.525	-7.903089986991944
164637.844	200	0.53	-7.903089986991944
165228.42	200	0.535	-7.903089986991944
165613.486	200	0.54	-7.903089986991944
165834.577	200	0.545	-7.903089986991944
166302.143	200	0.55	-7.903089986991944
166691.48	200	0.555	-7.903089986991944
167033.469	200	0.56	-7.903089986991944
167234.846	200	0.565	-7.903089986991944
167700.352	200	0.57	-7.903089986991944
168043.343	200	0.575	-7.903089986991944
168307.476	200	0.58	-7.903089986991944
168690.5	200	0.585	-7.903089986991944
168913.353	200	0.59	-7.903089986991944
169141.8	200	0.595	-7.903089986991944
169588.081	200	0.6	-7.903089986991944
169864.063	200	0.605	-7.903089986991944
170302.632	200	0.61	-7.903089986991944
170421.882	200	0.615	-7.903089986991944
171138.261	200	0.62	-7.903089986991944
171262.94	200	0.625	-7.903089986991944
171679.398	200	0.63	-7.903089986991944
171868.985	200	0.635	-7.903089986991944
172347.376	200	0.64	-7.903089986991944
172536.183	200	0.645	-7.903089986991944
172713.429	200	0.65	-7.903089986991944
173174.686	200	0.655	-7.903089986991944
173339.263	200	0.66	-7.903089986991944
173738.332	200	0.665	-7.903089986991944
174070.227	200	0.67	-7.903089986991944
174436.43	200	0.675	-7.903089986991944
174660.594	200	0.68	-7.903089986991944
175064.639	200	0.685	-7.903089986991944
175604.968	200	0.69	-7.903089986991944
175804.313	200	0.695	-7.903089986991944
176024.575	200	0.7	-7.903089986991944
176313.713	200	0.705	-7.903089986991944
176500.824	200	0.71	-7.903089986991944
176655.324	200	0.715	-7.903089986991944
177034.4	200	0.72	-7.903089986991944
177276.191	200	0.725	-7.903089986991944
177589.215	200	0.73	-7.903089986991944
177972.739	200	0.735	-7.903089986991944
178434.435	200	0.74	-7.903089986991944
178777.873	200	0.745	-7.903089986991944
179217.5	200	0.75	-7.903089986991944
179420.743	200	0.755	-7.903089986991944
179607.056	200	0.76	-7.903089986991944
179941.152	200	0.765	-7.903089986991944
180263.283	200	0.77	-7.903089986991944
180722.094	200	0.775	-7.903089986991944
181184.511	200	0.78	-7.903089986991944
181868.681	200	0.785	-7.903089986991944
182432.956	200	0.79	-7.903089986991944
182833.761	200	0.795	-7.903089986991944
183269.429	200	0.8	-7.903089986991944
183532.801	200	0.805	-7.903089986991944
184040.838	200	0.81	-7.903089986991944
184420.311	200	0.815	-7.903089986991944
184829.309	200	0.82	-7.903089986991944
185324.8	200	0.825	-7.903089986991944
185957.336	200	0.83	-7.903089986991944
186539.447	200	0.835	-7.903089986991944
187362.332	200	0.84	-7.903089986991944
187581.658	200	0.845	-7.903089986991944
188326.291	200	0.85	-7.903089986991944
188908.533	200	0.855	-7.903089986991944
189146.305	200	0.86	-7.903089986991944
190116.654	200	0.865	-7.903089986991944
190554.072	200	0.87	-7.903089986991944
191171.52	200	0.875	-7.903089986991944
191664.007	200	0.88	-7.903089986991944
192588.878	200	0.885	-7.903089986991944
192839.514	200	0.89	-7.903089986991944
193736.761	200	0.895	-7.903089986991944
194590.917	200	0.9	-7.903089986991944
194862.321	200	0.905	-7.903089986991944
195387.095	200	0.91	-7.903089986991944
196201.192	200	0.915	-7.903089986991944
197199.288	200	0.92	-7.903089986991944
199353.258	200	0.925	-7.903089986991944
199813.884	200	0.93	-7.903089986991944
201396.102	200	0.935	-7.903089986991944
202740.278	200	0.94	-7.903089986991944
203752.271	200	0.945	-7.903089986991944
204731.779	200	0.95	-7.903089986991944
206288.29	200	0.955	-7.903089986991944
207985.565	200	0.96	-7.903089986991944
210495.42	200	0.965	-7.903089986991944
212084.869	200	0.97	-7.903089986991944
214411.218	200	0.975	-7.903089986991944
216043.703	200	0.98	-7.903089986991944
220813.006	200	0.985	-7.903089986991944
227965.771	200	0.99	-7.903089986991944
240667.581	200	0.995	-7.903089986991944
170578.393	225	0.5	-7.903089986991944
170783.379	225	0.505	-7.903089986991944
170953.078	225	0.51	-7.903089986991944
171291.324	225	0.515	-7.903089986991944
171519.238	225	0.52	-7.903089986991944
171773.649	225	0.525	-7.903089986991944
172245.472	225	0.53	-7.903089986991944
172442.621	225	0.535	-7.903089986991944
172614.978	225	0.54	-7.903089986991944
172919.986	225	0.545	-7.903089986991944
173340.608	225	0.55	-7.903089986991944
173790.351	225	0.555	-7.903089986991944
174067.889	225	0.56	-7.903089986991944
174384.675	225	0.565	-7.903089986991944
174565.057	225	0.57	-7.903089986991944
174923.489	225	0.575	-7.903089986991944
175148.208	225	0.58	-7.903089986991944
175469.216	225	0.585	-7.903089986991944
176250.217	225	0.59	-7.903089986991944
176444.5	225	0.595	-7.903089986991944
176644.086	225	0.6	-7.903089986991944
176995.967	225	0.605	-7.903089986991944
177300.865	225	0.61	-7.903089986991944
177508.798	225	0.615	-7.903089986991944
177995.885	225	0.62	-7.903089986991944
178188.18	225	0.625	-7.903089986991944
178574.476	225	0.63	-7.903089986991944
178809.45	225	0.635	-7.903089986991944
179030.469	225	0.64	-7.903089986991944
179280.717	225	0.645	-7.903089986991944
179808.162	225	0.65	-7.903089986991944
180258.912	225	0.655	-7.903089986991944
180661.881	225	0.66	-7.903089986991944
181078.502	225	0.665	-7.903089986991944
181394.097	225	0.67	-7.903089986991944
181638.794	225	0.675	-7.903089986991944
181827.498	225	0.68	-7.903089986991944
182157.531	225	0.685	-7.903089986991944
182681.621	225	0.69	-7.903089986991944
183311.861	225	0.695	-7.903089986991944
183531.064	225	0.7	-7.903089986991944
183767.019	225	0.705	-7.903089986991944
184173.014	225	0.71	-7.903089986991944
184604.002	225	0.715	-7.903089986991944
184828.498	225	0.72	-7.903089986991944
185277.713	225	0.725	-7.903089986991944
185535.604	225	0.73	-7.903089986991944
185958.264	225	0.735	-7.903089986991944
186083.653	225	0.74	-7.903089986991944
186714.066	225	0.745	-7.903089986991944
187405.923	225	0.75	-7.903089986991944
187620.016	225	0.755	-7.903089986991944
187767.203	225	0.76	-7.903089986991944
188141.586	225	0.765	-7.903089986991944
188363.483	225	0.77	-7.903089986991944
189017.446	225	0.775	-7.903089986991944
189172.2	225	0.78	-7.903089986991944
189702.836	225	0.785	-7.903089986991944
189900.452	225	0.79	-7.903089986991944
190194.129	225	0.795	-7.903089986991944
190808.317	225	0.8	-7.903089986991944
191285.929	225	0.805	-7.903089986991944
191567.659	225	0.81	-7.903089986991944
191861.903	225	0.815	-7.903089986991944
192555.34	225	0.82	-7.903089986991944
192947.038	225	0.825	-7.903089986991944
193307.318	225	0.83	-7.903089986991944
193646.208	225	0.835	-7.903089986991944
193944.171	225	0.84	-7.903089986991944
194285.765	225	0.845	-7.903089986991944
194943.434	225	0.85	-7.903089986991944
195484.411	225	0.855	-7.903089986991944
195991.97	225	0.86	-7.903089986991944
196654.237	225	0.865	-7.903089986991944
197717.347	225	0.87	-7.903089986991944
198694.111	225	0.875	-7.903089986991944
199434.286	225	0.88	-7.903089986991944
199866.401	225	0.885	-7.903089986991944
200422.49	225	0.89	-7.903089986991944
201352.63	225	0.895	-7.903089986991944
202852.421	225	0.9	-7.903089986991944
203285.391	225	0.905	-7.903089986991944
203959.331	225	0.91	-7.903089986991944
204928.243	225	0.915	-7.903089986991944
205949.9	225	0.92	-7.903089986991944
206936.687	225	0.925	-7.903089986991944
207735.109	225	0.93	-7.903089986991944
208412.931	225	0.935	-7.903089986991944
209278.286	225	0.94	-7.903089986991944
211240.743	225	0.945	-7.903089986991944
212490.158	225	0.95	-7.903089986991944
213250.23	225	0.955	-7.903089986991944
215416.034	225	0.96	-7.903089986991944
217434.437	225	0.965	-7.903089986991944
220625.865	225	0.97	-7.903089986991944
221995.119	225	0.975	-7.903089986991944
226787.084	225	0.98	-7.903089986991944
230688.85	225	0.985	-7.903089986991944
235728.4	225	0.99	-7.903089986991944
242100.964	225	0.995	-7.903089986991944
176029.835	250	0.5	-7.903089986991944
176398.508	250	0.505	-7.903089986991944
176667.486	250	0.51	-7.903089986991944
176854.114	250	0.515	-7.903089986991944
177025.71	250	0.52	-7.903089986991944
177101.727	250	0.525	-7.903089986991944
177408.93	250	0.53	-7.903089986991944
177631.257	250	0.535	-7.903089986991944
177833.48	250	0.54	-7.903089986991944
177982.373	250	0.545	-7.903089986991944
178193.818	250	0.55	-7.903089986991944
178465.061	250	0.555	-7.903089986991944
178626.287	250	0.56	-7.903089986991944
178747.324	250	0.565	-7.903089986991944
178859.688	250	0.57	-7.903089986991944
179195.781	250	0.575	-7.903089986991944
179510.458	250	0.58	-7.903089986991944
179655.976	250	0.585	-7.903089986991944
179984.292	250	0.59	-7.903089986991944
180214.215	250	0.595	-7.903089986991944
180576.462	250	0.6	-7.903089986991944
180803.935	250	0.605	-7.903089986991944
181179.781	250	0.61	-7.903089986991944
181451.0	250	0.615	-7.903089986991944
182001.152	250	0.62	-7.903089986991944
182158.446	250	0.625	-7.903089986991944
182515.859	250	0.63	-7.903089986991944
182927.69	250	0.635	-7.903089986991944
183546.446	250	0.64	-7.903089986991944
183885.236	250	0.645	-7.903089986991944
184524.975	250	0.65	-7.903089986991944
184910.508	250	0.655	-7.903089986991944
185200.433	250	0.66	-7.903089986991944
185781.432	250	0.665	-7.903089986991944
186120.595	250	0.67	-7.903089986991944
186456.013	250	0.675	-7.903089986991944
186893.226	250	0.68	-7.903089986991944
187234.239	250	0.685	-7.903089986991944
187562.208	250	0.69	-7.903089986991944
187976.076	250	0.695	-7.903089986991944
188498.657	250	0.7	-7.903089986991944
188751.333	250	0.705	-7.903089986991944
189086.078	250	0.71	-7.903089986991944
189468.379	250	0.715	-7.903089986991944
190053.282	250	0.72	-7.903089986991944
190407.34	250	0.725	-7.903089986991944
190614.15	250	0.73	-7.903089986991944
191136.777	250	0.735	-7.903089986991944
191443.772	250	0.74	-7.903089986991944
192010.953	250	0.745	-7.903089986991944
192672.25	250	0.75	-7.903089986991944
192996.221	250	0.755	-7.903089986991944
193251.187	250	0.76	-7.903089986991944
193551.999	250	0.765	-7.903089986991944
194387.376	250	0.77	-7.903089986991944
194906.679	250	0.775	-7.903089986991944
195196.087	250	0.78	-7.903089986991944
195451.81	250	0.785	-7.903089986991944
196077.478	250	0.79	-7.903089986991944
196544.088	250	0.795	-7.903089986991944
197233.429	250	0.8	-7.903089986991944
197460.79	250	0.805	-7.903089986991944
198008.913	250	0.81	-7.903089986991944
198452.37	250	0.815	-7.903089986991944
199005.254	250	0.82	-7.903089986991944
199461.898	250	0.825	-7.903089986991944
199739.871	250	0.83	-7.903089986991944
200264.895	250	0.835	-7.903089986991944
200609.111	250	0.84	-7.903089986991944
201616.674	250	0.845	-7.903089986991944
202191.599	250	0.85	-7.903089986991944
202512.387	250	0.855	-7.903089986991944
203196.657	250	0.86	-7.903089986991944
204142.693	250	0.865	-7.903089986991944
204805.086	250	0.87	-7.903089986991944
205369.433	250	0.875	-7.903089986991944
206066.462	250	0.88	-7.903089986991944
206496.957	250	0.885	-7.903089986991944
207728.109	250	0.89	-7.903089986991944
208529.927	250	0.895	-7.903089986991944
209887.729	250	0.9	-7.903089986991944
210655.466	250	0.905	-7.903089986991944
211483.041	250	0.91	-7.903089986991944
212810.005	250	0.915	-7.903089986991944
214242.702	250	0.92	-7.903089986991944
214993.445	250	0.925	-7.903089986991944
216177.686	250	0.93	-7.903089986991944
217608.237	250	0.935	-7.903089986991944
218189.65	250	0.94	-7.903089986991944
219459.381	250	0.945	-7.903089986991944
221231.741	250	0.95	-7.903089986991944
222814.318	250	0.955	-7.903089986991944
224165.317	250	0.96	-7.903089986991944
226281.596	250	0.965	-7.903089986991944
229440.441	250	0.97	-7.903089986991944
232592.607	250	0.975	-7.903089986991944
236020.463	250	0.98	-7.903089986991944
241551.845	250	0.985	-7.903089986991944
248575.596	250	0.99	-7.903089986991944
276908.593	250	0.995	-7.903089986991944
184961.5	275	0.5	-7.903089986991944
185250.427	275	0.505	-7.903089986991944
185847.569	275	0.51	-7.903089986991944
186115.111	275	0.515	-7.903089986991944
186489.006	275	0.52	-7.903089986991944
186711.536	275	0.525	-7.903089986991944
187180.087	275	0.53	-7.903089986991944
187510.244	275	0.535	-7.903089986991944
187770.736	275	0.54	-7.903089986991944
188129.208	275	0.545	-7.903089986991944
188520.75	275	0.55	-7.903089986991944
188776.985	275	0.555	-7.903089986991944
189222.166	275	0.56	-7.903089986991944
189452.376	275	0.565	-7.903089986991944
189617.32	275	0.57	-7.903089986991944
189769.029	275	0.575	-7.903089986991944
190210.0	275	0.58	-7.903089986991944
190600.074	275	0.585	-7.903089986991944
190934.205	275	0.59	-7.903089986991944
191215.431	275	0.595	-7.903089986991944
191603.286	275	0.6	-7.903089986991944
192023.835	275	0.605	-7.903089986991944
192584.07	275	0.61	-7.903089986991944
192719.875	275	0.615	-7.903089986991944
192917.473	275	0.62	-7.903089986991944
193276.749	275	0.625	-7.903089986991944
193429.971	275	0.63	-7.903089986991944
193786.587	275	0.635	-7.903089986991944
194047.024	275	0.64	-7.903089986991944
194293.275	275	0.645	-7.903089986991944
194593.6	275	0.65	-7.903089986991944
195172.092	275	0.655	-7.903089986991944
195531.573	275	0.66	-7.903089986991944
195878.142	275	0.665	-7.903089986991944
196378.509	275	0.67	-7.903089986991944
196901.334	275	0.675	-7.903089986991944
197071.027	275	0.68	-7.903089986991944
197328.742	275	0.685	-7.903089986991944
197617.701	275	0.69	-7.903089986991944
198116.47	275	0.695	-7.903089986991944
198424.714	275	0.7	-7.903089986991944
198862.196	275	0.705	-7.903089986991944
199093.046	275	0.71	-7.903089986991944
199438.303	275	0.715	-7.903089986991944
199713.357	275	0.72	-7.903089986991944
199933.909	275	0.725	-7.903089986991944
200095.418	275	0.73	-7.903089986991944
200579.097	275	0.735	-7.903089986991944
200841.676	275	0.74	-7.903089986991944
201106.115	275	0.745	-7.903089986991944
201442.804	275	0.75	-7.903089986991944
201913.65	275	0.755	-7.903089986991944
202437.289	275	0.76	-7.903089986991944
203042.564	275	0.765	-7.903089986991944
203512.345	275	0.77	-7.903089986991944
204057.44	275	0.775	-7.903089986991944
204428.53	275	0.78	-7.903089986991944
205200.741	275	0.785	-7.903089986991944
205596.129	275	0.79	-7.903089986991944
205961.172	275	0.795	-7.903089986991944
206348.0	275	0.8	-7.903089986991944
207206.95	275	0.805	-7.903089986991944
207623.863	275	0.81	-7.903089986991944
207856.728	275	0.815	-7.903089986991944
208232.629	275	0.82	-7.903089986991944
208862.927	275	0.825	-7.903089986991944
209079.129	275	0.83	-7.903089986991944
209544.879	275	0.835	-7.903089986991944
210071.733	275	0.84	-7.903089986991944
210784.42	275	0.845	-7.903089986991944
211235.275	275	0.85	-7.903089986991944
211733.046	275	0.855	-7.903089986991944
212519.193	275	0.86	-7.903089986991944
213480.593	275	0.865	-7.903089986991944
214176.971	275	0.87	-7.903089986991944
214837.955	275	0.875	-7.903089986991944
215545.146	275	0.88	-7.903089986991944
215997.126	275	0.885	-7.903089986991944
216379.531	275	0.89	-7.903089986991944
216852.457	275	0.895	-7.903089986991944
217277.436	275	0.9	-7.903089986991944
218241.03	275	0.905	-7.903089986991944
219200.764	275	0.91	-7.903089986991944
220383.162	275	0.915	-7.903089986991944
222054.92	275	0.92	-7.903089986991944
222935.171	275	0.925	-7.903089986991944
223823.529	275	0.93	-7.903089986991944
224707.257	275	0.935	-7.903089986991944
225068.919	275	0.94	-7.903089986991944
225840.335	275	0.945	-7.903089986991944
226694.639	275	0.95	-7.903089986991944
228728.64	275	0.955	-7.903089986991944
231134.689	275	0.96	-7.903089986991944
235075.062	275	0.965	-7.903089986991944
236088.748	275	0.97	-7.903089986991944
239681.256	275	0.975	-7.903089986991944
244120.704	275	0.98	-7.903089986991944
251215.744	275	0.985	-7.903089986991944
256088.282	275	0.99	-7.903089986991944
275822.847	275	0.995	-7.903089986991944
193175.146	300	0.5	-7.903089986991944
193492.519	300	0.505	-7.903089986991944
193723.655	300	0.51	-7.903089986991944
194024.449	300	0.515	-7.903089986991944
194471.769	300	0.52	-7.903089986991944
194670.788	300	0.525	-7.903089986991944
194766.897	300	0.53	-7.903089986991944
195045.074	300	0.535	-7.903089986991944
195463.236	300	0.54	-7.903089986991944
196018.814	300	0.545	-7.903089986991944
196288.282	300	0.55	-7.903089986991944
196751.742	300	0.555	-7.903089986991944
197133.174	300	0.56	-7.903089986991944
197483.265	300	0.565	-7.903089986991944
197640.198	300	0.57	-7.903089986991944
198092.648	300	0.575	-7.903089986991944
198402.723	300	0.58	-7.903089986991944
199041.372	300	0.585	-7.903089986991944
199263.848	300	0.59	-7.903089986991944
199394.086	300	0.595	-7.903089986991944
199674.747	300	0.6	-7.903089986991944
200079.372	300	0.605	-7.903089986991944
200369.686	300	0.61	-7.903089986991944
200912.699	300	0.615	-7.903089986991944
201180.523	300	0.62	-7.903089986991944
201367.637	300	0.625	-7.903089986991944
201582.969	300	0.63	-7.903089986991944
201996.864	300	0.635	-7.903089986991944
202325.397	300	0.64	-7.903089986991944
202506.99	300	0.645	-7.903089986991944
202932.269	300	0.65	-7.903089986991944
203418.796	300	0.655	-7.903089986991944
203804.706	300	0.66	-7.903089986991944
204392.735	300	0.665	-7.903089986991944
204736.586	300	0.67	-7.903089986991944
205174.191	300	0.675	-7.903089986991944
205635.657	300	0.68	-7.903089986991944
205963.529	300	0.685	-7.903089986991944
206336.053	300	0.69	-7.903089986991944
206655.029	300	0.695	-7.903089986991944
207126.714	300	0.7	-7.903089986991944
207532.931	300	0.705	-7.903089986991944
207797.096	300	0.71	-7.903089986991944
208355.271	300	0.715	-7.903089986991944
208666.617	300	0.72	-7.903089986991944
208971.302	300	0.725	-7.903089986991944
209212.2	300	0.73	-7.903089986991944
209572.662	300	0.735	-7.903089986991944
210223.733	300	0.74	-7.903089986991944
210356.767	300	0.745	-7.903089986991944
210722.582	300	0.75	-7.903089986991944
211046.194	300	0.755	-7.903089986991944
211298.787	300	0.76	-7.903089986991944
211631.074	300	0.765	-7.903089986991944
212047.946	300	0.77	-7.903089986991944
212212.25	300	0.775	-7.903089986991944
212692.683	300	0.78	-7.903089986991944
213433.329	300	0.785	-7.903089986991944
213704.171	300	0.79	-7.903089986991944
214202.544	300	0.795	-7.903089986991944
214909.642	300	0.8	-7.903089986991944
215309.864	300	0.805	-7.903089986991944
215986.61	300	0.81	-7.903089986991944
216282.587	300	0.815	-7.903089986991944
217003.46	300	0.82	-7.903089986991944
217295.184	300	0.825	-7.903089986991944
217920.712	300	0.83	-7.903089986991944
218128.174	300	0.835	-7.903089986991944
218686.197	300	0.84	-7.903089986991944
218974.721	300	0.845	-7.903089986991944
219458.493	300	0.85	-7.903089986991944
220111.249	300	0.855	-7.903089986991944
220593.439	300	0.86	-7.903089986991944
220987.457	300	0.865	-7.903089986991944
221642.867	300	0.87	-7.903089986991944
222581.839	300	0.875	-7.903089986991944
222835.423	300	0.88	-7.903089986991944
223800.655	300	0.885	-7.903089986991944
224882.906	300	0.89	-7.903089986991944
225385.731	300	0.895	-7.903089986991944
226223.129	300	0.9	-7.903089986991944
226877.85	300	0.905	-7.903089986991944
227820.686	300	0.91	-7.903089986991944
229332.559	300	0.915	-7.903089986991944
230269.971	300	0.92	-7.903089986991944
231527.946	300	0.925	-7.903089986991944
232111.429	300	0.93	-7.903089986991944
233841.982	300	0.935	-7.903089986991944
235429.874	300	0.94	-7.903089986991944
237918.325	300	0.945	-7.903089986991944
239470.793	300	0.95	-7.903089986991944
241266.83	300	0.955	-7.903089986991944
244076.571	300	0.96	-7.903089986991944
246625.631	300	0.965	-7.903089986991944
250092.361	300	0.97	-7.903089986991944
253239.239	300	0.975	-7.903089986991944
260814.723	300	0.98	-7.903089986991944
265564.346	300	0.985	-7.903089986991944
271227.086	300	0.99	-7.903089986991944
291658.335	300	0.995	-7.903089986991944
197492.885	325	0.5	-7.903089986991944
197559.555	325	0.505	-7.903089986991944
197752.556	325	0.51	-7.903089986991944
198069.865	325	0.515	-7.903089986991944
198423.251	325	0.52	-7.903089986991944
198777.542	325	0.525	-7.903089986991944
199058.957	325	0.53	-7.903089986991944
199203.986	325	0.535	-7.903089986991944
199667.001	325	0.54	-7.903089986991944
199856.915	325	0.545	-7.903089986991944
200256.857	325	0.55	-7.903089986991944
200930.839	325	0.555	-7.903089986991944
201116.933	325	0.56	-7.903089986991944
201261.379	325	0.565	-7.903089986991944
201416.701	325	0.57	-7.903089986991944
201594.856	325	0.575	-7.903089986991944
201785.131	325	0.58	-7.903089986991944
202347.62	325	0.585	-7.903089986991944
202579.856	325	0.59	-7.903089986991944
202834.575	325	0.595	-7.903089986991944
202987.143	325	0.6	-7.903089986991944
203307.044	325	0.605	-7.903089986991944
203531.114	325	0.61	-7.903089986991944
203676.498	325	0.615	-7.903089986991944
203907.187	325	0.62	-7.903089986991944
204355.402	325	0.625	-7.903089986991944
204569.614	325	0.63	-7.903089986991944
204957.131	325	0.635	-7.903089986991944
205623.817	325	0.64	-7.903089986991944
205991.284	325	0.645	-7.903089986991944
206237.423	325	0.65	-7.903089986991944
206547.872	325	0.655	-7.903089986991944
206668.657	325	0.66	-7.903089986991944
207121.333	325	0.665	-7.903089986991944
207408.871	325	0.67	-7.903089986991944
207835.821	325	0.675	-7.903089986991944
208223.714	325	0.68	-7.903089986991944
208480.801	325	0.685	-7.903089986991944
208719.662	325	0.69	-7.903089986991944
209031.114	325	0.695	-7.903089986991944
209186.714	325	0.7	-7.903089986991944
209548.821	325	0.705	-7.903089986991944
209868.922	325	0.71	-7.903089986991944
210008.614	325	0.715	-7.903089986991944
210450.174	325	0.72	-7.903089986991944
210629.545	325	0.725	-7.903089986991944
211218.782	325	0.73	-7.903089986991944
211474.721	325	0.735	-7.903089986991944
212053.906	325	0.74	-7.903089986991944
212360.301	325	0.745	-7.903089986991944
212689.684	325	0.75	-7.903089986991944
212925.718	325	0.755	-7.903089986991944
213536.263	325	0.76	-7.903089986991944
214143.333	325	0.765	-7.903089986991944
214587.133	325	0.77	-7.903089986991944
215060.506	325	0.775	-7.903089986991944
215543.83	325	0.78	-7.903089986991944
215740.565	325	0.785	-7.903089986991944
216261.243	325	0.79	-7.903089986991944
216496.555	325	0.795	-7.903089986991944
217241.714	325	0.8	-7.903089986991944
217858.181	325	0.805	-7.903089986991944
218034.328	325	0.81	-7.903089986991944
218545.425	325	0.815	-7.903089986991944
218814.07	325	0.82	-7.903089986991944
219539.962	325	0.825	-7.903089986991944
220403.129	325	0.83	-7.903089986991944
221206.538	325	0.835	-7.903089986991944
221634.691	325	0.84	-7.903089986991944
222263.504	325	0.845	-7.903089986991944
222622.71	325	0.85	-7.903089986991944
223780.051	325	0.855	-7.903089986991944
224360.696	325	0.86	-7.903089986991944
225265.314	325	0.865	-7.903089986991944
225688.884	325	0.87	-7.903089986991944
226500.893	325	0.875	-7.903089986991944
226892.514	325	0.88	-7.903089986991944
228022.374	325	0.885	-7.903089986991944
228626.579	325	0.89	-7.903089986991944
229645.593	325	0.895	-7.903089986991944
230676.293	325	0.9	-7.903089986991944
231390.945	325	0.905	-7.903089986991944
232867.371	325	0.91	-7.903089986991944
233935.086	325	0.915	-7.903089986991944
235263.37	325	0.92	-7.903089986991944
235967.95	325	0.925	-7.903089986991944
236895.11	325	0.93	-7.903089986991944
238114.255	325	0.935	-7.903089986991944
239507.096	325	0.94	-7.903089986991944
241175.464	325	0.945	-7.903089986991944
243815.071	325	0.95	-7.903089986991944
246468.437	325	0.955	-7.903089986991944
248116.434	325	0.96	-7.903089986991944
249470.443	325	0.965	-7.903089986991944
253474.738	325	0.97	-7.903089986991944
258237.157	325	0.975	-7.903089986991944
264514.187	325	0.98	-7.903089986991944
268788.641	325	0.985	-7.903089986991944
275130.437	325	0.99	-7.903089986991944
303900.064	325	0.995	-7.903089986991944
204360.434	350	0.5	-7.903089986991944
204538.678	350	0.505	-7.903089986991944
204763.471	350	0.51	-7.903089986991944
205069.143	350	0.515	-7.903089986991944
205594.743	350	0.52	-7.903089986991944
206016.466	350	0.525	-7.903089986991944
206397.078	350	0.53	-7.903089986991944
206529.721	350	0.535	-7.903089986991944
206695.743	350	0.54	-7.903089986991944
207252.057	350	0.545	-7.903089986991944
207488.099	350	0.55	-7.903089986991944
207781.84	350	0.555	-7.903089986991944
208078.38	350	0.56	-7.903089986991944
208294.907	350	0.565	-7.903089986991944
208494.29	350	0.57	-7.903089986991944
208845.265	350	0.575	-7.903089986991944
209088.401	350	0.58	-7.903089986991944
209288.324	350	0.585	-7.903089986991944
209464.078	350	0.59	-7.903089986991944
209749.249	350	0.595	-7.903089986991944
210125.084	350	0.6	-7.903089986991944
210452.377	350	0.605	-7.903089986991944
210709.988	350	0.61	-7.903089986991944
210979.259	350	0.615	-7.903089986991944
211070.943	350	0.62	-7.903089986991944
211400.25	350	0.625	-7.903089986991944
211855.761	350	0.63	-7.903089986991944
212023.24	350	0.635	-7.903089986991944
212186.305	350	0.64	-7.903089986991944
212377.475	350	0.645	-7.903089986991944
212521.498	350	0.65	-7.903089986991944
212911.382	350	0.655	-7.903089986991944
213370.611	350	0.66	-7.903089986991944
213733.65	350	0.665	-7.903089986991944
214052.01	350	0.67	-7.903089986991944
214328.644	350	0.675	-7.903089986991944
214739.029	350	0.68	-7.903089986991944
215258.063	350	0.685	-7.903089986991944
215798.282	350	0.69	-7.903089986991944
216193.825	350	0.695	-7.903089986991944
216444.879	350	0.7	-7.903089986991944
216715.757	350	0.705	-7.903089986991944
217023.959	350	0.71	-7.903089986991944
217253.936	350	0.715	-7.903089986991944
217483.257	350	0.72	-7.903089986991944
217745.517	350	0.725	-7.903089986991944
217992.062	350	0.73	-7.903089986991944
218261.545	350	0.735	-7.903089986991944
218472.906	350	0.74	-7.903089986991944
218734.457	350	0.745	-7.903089986991944
218890.357	350	0.75	-7.903089986991944
219276.354	350	0.755	-7.903089986991944
219654.681	350	0.76	-7.903089986991944
220104.986	350	0.765	-7.903089986991944
220565.984	350	0.77	-7.903089986991944
220867.571	350	0.775	-7.903089986991944
221242.206	350	0.78	-7.903089986991944
221582.45	350	0.785	-7.903089986991944
222023.257	350	0.79	-7.903089986991944
223070.21	350	0.795	-7.903089986991944
223784.3	350	0.8	-7.903089986991944
224094.027	350	0.805	-7.903089986991944
224543.03	350	0.81	-7.903089986991944
224956.489	350	0.815	-7.903089986991944
226057.4	350	0.82	-7.903089986991944
226332.286	350	0.825	-7.903089986991944
226839.311	350	0.83	-7.903089986991944
227449.219	350	0.835	-7.903089986991944
227742.286	350	0.84	-7.903089986991944
228240.503	350	0.845	-7.903089986991944
228377.918	350	0.85	-7.903089986991944
228943.301	350	0.855	-7.903089986991944
229389.241	350	0.86	-7.903089986991944
229693.991	350	0.865	-7.903089986991944
230351.314	350	0.87	-7.903089986991944
231047.866	350	0.875	-7.903089986991944
231637.67	350	0.88	-7.903089986991944
231993.75	350	0.885	-7.903089986991944
232832.59	350	0.89	-7.903089986991944
233464.356	350	0.895	-7.903089986991944
234261.75	350	0.9	-7.903089986991944
234897.686	350	0.905	-7.903089986991944
235559.588	350	0.91	-7.903089986991944
236049.509	350	0.915	-7.903089986991944
237765.383	350	0.92	-7.903089986991944
239097.027	350	0.925	-7.903089986991944
240548.414	350	0.93	-7.903089986991944
242229.921	350	0.935	-7.903089986991944
243003.543	350	0.94	-7.903089986991944
244707.692	350	0.945	-7.903089986991944
246413.429	350	0.95	-7.903089986991944
248635.075	350	0.955	-7.903089986991944
252839.2	350	0.96	-7.903089986991944
254132.857	350	0.965	-7.903089986991944
256655.934	350	0.97	-7.903089986991944
262189.95	350	0.975	-7.903089986991944
268893.456	350	0.98	-7.903089986991944
273774.152	350	0.985	-7.903089986991944
287526.385	350	0.99	-7.903089986991944
313408.867	350	0.995	-7.903089986991944
208479.821	375	0.5	-7.903089986991944
208790.621	375	0.505	-7.903089986991944
209116.366	375	0.51	-7.903089986991944
209509.309	375	0.515	-7.903089986991944
209828.811	375	0.52	-7.903089986991944
210189.421	375	0.525	-7.903089986991944
210600.157	375	0.53	-7.903089986991944
211052.519	375	0.535	-7.903089986991944
211662.739	375	0.54	-7.903089986991944
212048.779	375	0.545	-7.903089986991944
212414.182	375	0.55	-7.903089986991944
212808.779	375	0.555	-7.903089986991944
213175.923	375	0.56	-7.903089986991944
213628.805	375	0.565	-7.903089986991944
214067.588	375	0.57	-7.903089986991944
214644.862	375	0.575	-7.903089986991944
214890.167	375	0.58	-7.903089986991944
215032.801	375	0.585	-7.903089986991944
215265.056	375	0.59	-7.903089986991944
215697.293	375	0.595	-7.903089986991944
216099.802	375	0.6	-7.903089986991944
216401.172	375	0.605	-7.903089986991944
216641.926	375	0.61	-7.903089986991944
216950.336	375	0.615	-7.903089986991944
217178.018	375	0.62	-7.903089986991944
217418.795	375	0.625	-7.903089986991944
217686.824	375	0.63	-7.903089986991944
217928.971	375	0.635	-7.903089986991944
218275.458	375	0.64	-7.903089986991944
218544.103	375	0.645	-7.903089986991944
219163.729	375	0.65	-7.903089986991944
219583.586	375	0.655	-7.903089986991944
220115.367	375	0.66	-7.903089986991944
220623.888	375	0.665	-7.903089986991944
221055.939	375	0.67	-7.903089986991944
221271.905	375	0.675	-7.903089986991944
221538.309	375	0.68	-7.903089986991944
221866.728	375	0.685	-7.903089986991944
222262.157	375	0.69	-7.903089986991944
222416.583	375	0.695	-7.903089986991944
222699.438	375	0.7	-7.903089986991944
222925.242	375	0.705	-7.903089986991944
223430.986	375	0.71	-7.903089986991944
223657.672	375	0.715	-7.903089986991944
223954.709	375	0.72	-7.903089986991944
224104.736	375	0.725	-7.903089986991944
224556.512	375	0.73	-7.903089986991944
224944.746	375	0.735	-7.903089986991944
225397.314	375	0.74	-7.903089986991944
225863.746	375	0.745	-7.903089986991944
226144.375	375	0.75	-7.903089986991944
226359.977	375	0.755	-7.903089986991944
226863.366	375	0.76	-7.903089986991944
227336.529	375	0.765	-7.903089986991944
227701.734	375	0.77	-7.903089986991944
227890.611	375	0.775	-7.903089986991944
228365.146	375	0.78	-7.903089986991944
228733.686	375	0.785	-7.903089986991944
229060.015	375	0.79	-7.903089986991944
229538.872	375	0.795	-7.903089986991944
229659.516	375	0.8	-7.903089986991944
229955.475	375	0.805	-7.903089986991944
230113.358	375	0.81	-7.903089986991944
230305.048	375	0.815	-7.903089986991944
230828.382	375	0.82	-7.903089986991944
231267.607	375	0.825	-7.903089986991944
231885.181	375	0.83	-7.903089986991944
232342.069	375	0.835	-7.903089986991944
232677.097	375	0.84	-7.903089986991944
233295.07	375	0.845	-7.903089986991944
234074.5	375	0.85	-7.903089986991944
234804.653	375	0.855	-7.903089986991944
235349.01	375	0.86	-7.903089986991944
235942.507	375	0.865	-7.903089986991944
236699.957	375	0.87	-7.903089986991944
237443.045	375	0.875	-7.903089986991944
238021.2	375	0.88	-7.903089986991944
238450.021	375	0.885	-7.903089986991944
239115.584	375	0.89	-7.903089986991944
239921.729	375	0.895	-7.903089986991944
241029.1	375	0.9	-7.903089986991944
242057.478	375	0.905	-7.903089986991944
242526.875	375	0.91	-7.903089986991944
244211.485	375	0.915	-7.903089986991944
246346.369	375	0.92	-7.903089986991944
247974.168	375	0.925	-7.903089986991944
250132.176	375	0.93	-7.903089986991944
251077.151	375	0.935	-7.903089986991944
252249.286	375	0.94	-7.903089986991944
253648.453	375	0.945	-7.903089986991944
254618.511	375	0.95	-7.903089986991944
257721.568	375	0.955	-7.903089986991944
260210.811	375	0.96	-7.903089986991944
262851.026	375	0.965	-7.903089986991944
268370.616	375	0.97	-7.903089986991944
273226.53	375	0.975	-7.903089986991944
276956.771	375	0.98	-7.903089986991944
279962.82	375	0.985	-7.903089986991944
293275.886	375	0.99	-7.903089986991944
323814.793	375	0.995	-7.903089986991944
216919.393	400	0.5	-7.903089986991944
217229.906	400	0.505	-7.903089986991944
217686.179	400	0.51	-7.903089986991944
218263.747	400	0.515	-7.903089986991944
218377.657	400	0.52	-7.903089986991944
218668.288	400	0.525	-7.903089986991944
218833.843	400	0.53	-7.903089986991944
218961.063	400	0.535	-7.903089986991944
219200.857	400	0.54	-7.903089986991944
219637.593	400	0.545	-7.903089986991944
219988.0	400	0.55	-7.903089986991944
220460.271	400	0.555	-7.903089986991944
220800.343	400	0.56	-7.903089986991944
221058.802	400	0.565	-7.903089986991944
221437.4	400	0.57	-7.903089986991944
221701.373	400	0.575	-7.903089986991944
222163.557	400	0.58	-7.903089986991944
222435.878	400	0.585	-7.903089986991944
222905.457	400	0.59	-7.903089986991944
222996.486	400	0.595	-7.903089986991944
223450.586	400	0.6	-7.903089986991944
223792.864	400	0.605	-7.903089986991944
224259.733	400	0.61	-7.903089986991944
224468.72	400	0.615	-7.903089986991944
224582.776	400	0.62	-7.903089986991944
224833.64	400	0.625	-7.903089986991944
225228.456	400	0.63	-7.903089986991944
225719.091	400	0.635	-7.903089986991944
226133.131	400	0.64	-7.903089986991944
226346.68	400	0.645	-7.903089986991944
226479.025	400	0.65	-7.903089986991944
226735.029	400	0.655	-7.903089986991944
227221.596	400	0.66	-7.903089986991944
227461.01	400	0.665	-7.903089986991944
228197.61	400	0.67	-7.903089986991944
228631.191	400	0.675	-7.903089986991944
228746.94	400	0.68	-7.903089986991944
229079.935	400	0.685	-7.903089986991944
229346.986	400	0.69	-7.903089986991944
229632.6	400	0.695	-7.903089986991944
230151.645	400	0.7	-7.903089986991944
230766.521	400	0.705	-7.903089986991944
231294.257	400	0.71	-7.903089986991944
231805.931	400	0.715	-7.903089986991944
232206.629	400	0.72	-7.903089986991944
232566.543	400	0.725	-7.903089986991944
232965.029	400	0.73	-7.903089986991944
233304.136	400	0.735	-7.903089986991944
234739.343	400	0.74	-7.903089986991944
235283.208	400	0.745	-7.903089986991944
235645.547	400	0.75	-7.903089986991944
236046.775	400	0.755	-7.903089986991944
236461.206	400	0.76	-7.903089986991944
236780.017	400	0.765	-7.903089986991944
237043.286	400	0.77	-7.903089986991944
237924.659	400	0.775	-7.903089986991944
238362.25	400	0.78	-7.903089986991944
239024.324	400	0.785	-7.903089986991944
239326.599	400	0.79	-7.903089986991944
239656.315	400	0.795	-7.903089986991944
239753.0	400	0.8	-7.903089986991944
240052.521	400	0.805	-7.903089986991944
240270.742	400	0.81	-7.903089986991944
240554.696	400	0.815	-7.903089986991944
240969.266	400	0.82	-7.903089986991944
241540.584	400	0.825	-7.903089986991944
241887.591	400	0.83	-7.903089986991944
242375.436	400	0.835	-7.903089986991944
243027.743	400	0.84	-7.903089986991944
243435.978	400	0.845	-7.903089986991944
243765.864	400	0.85	-7.903089986991944
244300.32	400	0.855	-7.903089986991944
245260.286	400	0.86	-7.903089986991944
245481.536	400	0.865	-7.903089986991944
245991.59	400	0.87	-7.903089986991944
246758.58	400	0.875	-7.903089986991944
247697.943	400	0.88	-7.903089986991944
248374.159	400	0.885	-7.903089986991944
249664.648	400	0.89	-7.903089986991944
250494.503	400	0.895	-7.903089986991944
251623.414	400	0.9	-7.903089986991944
252260.543	400	0.905	-7.903089986991944
253569.857	400	0.91	-7.903089986991944
253939.459	400	0.915	-7.903089986991944
254922.286	400	0.92	-7.903089986991944
255755.264	400	0.925	-7.903089986991944
257869.919	400	0.93	-7.903089986991944
259516.205	400	0.935	-7.903089986991944
259911.686	400	0.94	-7.903089986991944
261895.784	400	0.945	-7.903089986991944
263785.646	400	0.95	-7.903089986991944
268776.959	400	0.955	-7.903089986991944
272469.055	400	0.96	-7.903089986991944
275257.973	400	0.965	-7.903089986991944
277941.451	400	0.97	-7.903089986991944
279837.885	400	0.975	-7.903089986991944
285394.186	400	0.98	-7.903089986991944
289215.157	400	0.985	-7.903089986991944
301667.029	400	0.99	-7.903089986991944
327659.0	400	0.995	-7.903089986991944
221613.643	425	0.5	-7.903089986991944
222067.658	425	0.505	-7.903089986991944
222229.392	425	0.51	-7.903089986991944
222623.893	425	0.515	-7.903089986991944
222839.172	425	0.52	-7.903089986991944
223324.143	425	0.525	-7.903089986991944
223665.586	425	0.53	-7.903089986991944
224073.248	425	0.535	-7.903089986991944
224312.9	425	0.54	-7.903089986991944
224701.035	425	0.545	-7.903089986991944
225057.357	425	0.55	-7.903089986991944
225146.197	425	0.555	-7.903089986991944
225313.297	425	0.56	-7.903089986991944
225540.535	425	0.565	-7.903089986991944
225763.4	425	0.57	-7.903089986991944
226268.234	425	0.575	-7.903089986991944
226657.105	425	0.58	-7.903089986991944
226994.665	425	0.585	-7.903089986991944
227388.114	425	0.59	-7.903089986991944
227787.23	425	0.595	-7.903089986991944
227960.0	425	0.6	-7.903089986991944
228147.3	425	0.605	-7.903089986991944
228368.899	425	0.61	-7.903089986991944
228767.221	425	0.615	-7.903089986991944
229044.329	425	0.62	-7.903089986991944
229869.629	425	0.625	-7.903089986991944
230103.745	425	0.63	-7.903089986991944
230227.948	425	0.635	-7.903089986991944
230681.666	425	0.64	-7.903089986991944
231090.553	425	0.645	-7.903089986991944
231481.125	425	0.65	-7.903089986991944
231830.271	425	0.655	-7.903089986991944
232147.114	425	0.66	-7.903089986991944
232493.442	425	0.665	-7.903089986991944
232695.224	425	0.67	-7.903089986991944
233177.036	425	0.675	-7.903089986991944
233420.16	425	0.68	-7.903089986991944
233613.28	425	0.685	-7.903089986991944
234013.195	425	0.69	-7.903089986991944
234529.07	425	0.695	-7.903089986991944
234911.971	425	0.7	-7.903089986991944
235100.657	425	0.705	-7.903089986991944
235921.843	425	0.71	-7.903089986991944
236215.728	425	0.715	-7.903089986991944
236647.829	425	0.72	-7.903089986991944
236844.584	425	0.725	-7.903089986991944
237132.039	425	0.73	-7.903089986991944
237316.959	425	0.735	-7.903089986991944
237478.62	425	0.74	-7.903089986991944
237762.521	425	0.745	-7.903089986991944
238025.018	425	0.75	-7.903089986991944
238394.538	425	0.755	-7.903089986991944
238744.931	425	0.76	-7.903089986991944
239341.945	425	0.765	-7.903089986991944
239663.576	425	0.77	-7.903089986991944
240432.123	425	0.775	-7.903089986991944
241008.8	425	0.78	-7.903089986991944
241218.615	425	0.785	-7.903089986991944
241538.017	425	0.79	-7.903089986991944
242058.244	425	0.795	-7.903089986991944
242984.0	425	0.8	-7.903089986991944
243702.773	425	0.805	-7.903089986991944
244585.726	425	0.81	-7.903089986991944
245119.368	425	0.815	-7.903089986991944
245455.173	425	0.82	-7.903089986991944
246005.407	425	0.825	-7.903089986991944
246309.329	425	0.83	-7.903089986991944
246992.419	425	0.835	-7.903089986991944
247742.86	425	0.84	-7.903089986991944
248448.314	425	0.845	-7.903089986991944
248871.943	425	0.85	-7.903089986991944
249141.679	425	0.855	-7.903089986991944
249764.933	425	0.86	-7.903089986991944
250014.996	425	0.865	-7.903089986991944
250557.714	425	0.87	-7.903089986991944
250936.857	425	0.875	-7.903089986991944
252028.8	425	0.88	-7.903089986991944
252782.46	425	0.885	-7.903089986991944
253425.701	425	0.89	-7.903089986991944
254667.558	425	0.895	-7.903089986991944
255114.371	425	0.9	-7.903089986991944
256198.197	425	0.905	-7.903089986991944
257922.381	425	0.91	-7.903089986991944
258773.219	425	0.915	-7.903089986991944
260122.67	425	0.92	-7.903089986991944
261403.071	425	0.925	-7.903089986991944
262341.205	425	0.93	-7.903089986991944
263496.883	425	0.935	-7.903089986991944
266398.877	425	0.94	-7.903089986991944
268635.182	425	0.945	-7.903089986991944
272028.714	425	0.95	-7.903089986991944
274643.471	425	0.955	-7.903089986991944
275672.417	425	0.96	-7.903089986991944
279552.604	425	0.965	-7.903089986991944
282471.329	425	0.97	-7.903089986991944
285809.141	425	0.975	-7.903089986991944
289825.914	425	0.98	-7.903089986991944
294968.364	425	0.985	-7.903089986991944
304602.443	425	0.99	-7.903089986991944
324107.236	425	0.995	-7.903089986991944
227235.786	450	0.5	-7.903089986991944
227554.615	450	0.505	-7.903089986991944
228046.664	450	0.51	-7.903089986991944
228386.219	450	0.515	-7.903089986991944
228571.897	450	0.52	-7.903089986991944
228938.787	450	0.525	-7.903089986991944
229221.595	450	0.53	-7.903089986991944
229340.067	450	0.535	-7.903089986991944
229615.58	450	0.54	-7.903089986991944
229729.771	450	0.545	-7.903089986991944
229939.85	450	0.55	-7.903089986991944
230096.382	450	0.555	-7.903089986991944
230292.52	450	0.56	-7.903089986991944
230459.069	450	0.565	-7.903089986991944
230639.286	450	0.57	-7.903089986991944
230844.857	450	0.575	-7.903089986991944
231015.03	450	0.58	-7.903089986991944
231453.114	450	0.585	-7.903089986991944
232009.864	450	0.59	-7.903089986991944
232567.936	450	0.595	-7.903089986991944
232879.936	450	0.6	-7.903089986991944
233133.742	450	0.605	-7.903089986991944
233567.601	450	0.61	-7.903089986991944
233727.914	450	0.615	-7.903089986991944
233981.17	450	0.62	-7.903089986991944
234373.225	450	0.625	-7.903089986991944
235011.343	450	0.63	-7.903089986991944
235525.044	450	0.635	-7.903089986991944
235833.906	450	0.64	-7.903089986991944
236450.325	450	0.645	-7.903089986991944
237106.093	450	0.65	-7.903089986991944
237332.071	450	0.655	-7.903089986991944
237588.411	450	0.66	-7.903089986991944
237982.702	450	0.665	-7.903089986991944
238293.848	450	0.67	-7.903089986991944
238434.584	450	0.675	-7.903089986991944
238813.371	450	0.68	-7.903089986991944
239039.45	450	0.685	-7.903089986991944
239301.379	450	0.69	-7.903089986991944
239638.786	450	0.695	-7.903089986991944
240060.357	450	0.7	-7.903089986991944
240371.779	450	0.705	-7.903089986991944
240619.013	450	0.71	-7.903089986991944
240828.836	450	0.715	-7.903089986991944
241342.128	450	0.72	-7.903089986991944
241729.623	450	0.725	-7.903089986991944
242071.614	450	0.73	-7.903089986991944
242272.808	450	0.735	-7.903089986991944
242617.686	450	0.74	-7.903089986991944
243020.017	450	0.745	-7.903089986991944
243682.929	450	0.75	-7.903089986991944
244123.04	450	0.755	-7.903089986991944
244291.314	450	0.76	-7.903089986991944
244575.707	450	0.765	-7.903089986991944
245150.441	450	0.77	-7.903089986991944
245425.945	450	0.775	-7.903089986991944
245967.011	450	0.78	-7.903089986991944
246278.532	450	0.785	-7.903089986991944
246931.6	450	0.79	-7.903089986991944
247389.15	450	0.795	-7.903089986991944
247936.0	450	0.8	-7.903089986991944
248615.764	450	0.805	-7.903089986991944
249159.829	450	0.81	-7.903089986991944
249741.055	450	0.815	-7.903089986991944
250545.886	450	0.82	-7.903089986991944
251301.321	450	0.825	-7.903089986991944
251946.157	450	0.83	-7.903089986991944
252729.807	450	0.835	-7.903089986991944
253001.434	450	0.84	-7.903089986991944
253268.214	450	0.845	-7.903089986991944
253862.862	450	0.85	-7.903089986991944
254592.739	450	0.855	-7.903089986991944
255371.514	450	0.86	-7.903089986991944
256035.024	450	0.865	-7.903089986991944
256546.024	450	0.87	-7.903089986991944
257320.247	450	0.875	-7.903089986991944
258662.25	450	0.88	-7.903089986991944
258967.279	450	0.885	-7.903089986991944
259793.721	450	0.89	-7.903089986991944
261213.885	450	0.895	-7.903089986991944
262547.286	450	0.9	-7.903089986991944
264502.094	450	0.905	-7.903089986991944
265897.057	450	0.91	-7.903089986991944
266598.296	450	0.915	-7.903089986991944
268255.486	450	0.92	-7.903089986991944
270606.561	450	0.925	-7.903089986991944
272125.857	450	0.93	-7.903089986991944
273852.176	450	0.935	-7.903089986991944
275097.699	450	0.94	-7.903089986991944
278686.036	450	0.945	-7.903089986991944
281590.557	450	0.95	-7.903089986991944
282978.35	450	0.955	-7.903089986991944
285845.897	450	0.96	-7.903089986991944
289961.338	450	0.965	-7.903089986991944
297429.492	450	0.97	-7.903089986991944
298848.155	450	0.975	-7.903089986991944
301765.569	450	0.98	-7.903089986991944
305666.693	450	0.985	-7.903089986991944
326892.42	450	0.99	-7.903089986991944
342638.792	450	0.995	-7.903089986991944
