S*_score	SNP_num	quantile	log(local_recomb_rate)
112331.4	25	0.5	-7.903089986991944
112444.884	25	0.505	-7.903089986991944
113107.05	25	0.51	-7.903089986991944
113551.12	25	0.515	-7.903089986991944
113877.947	25	0.52	-7.903089986991944
114471.0	25	0.525	-7.903089986991944
115202.655	25	0.53	-7.903089986991944
115438.488	25	0.535	-7.903089986991944
115662.0	25	0.54	-7.903089986991944
115781.375	25	0.545	-7.903089986991944
116115.786	25	0.55	-7.903089986991944
116558.485	25	0.555	-7.903089986991944
117157.44	25	0.56	-7.903089986991944
118169.0	25	0.565	-7.903089986991944
118847.286	25	0.57	-7.903089986991944
119063.408	25	0.575	-7.903089986991944
119937.993	25	0.58	-7.903089986991944
120216.695	25	0.585	-7.903089986991944
120708.283	25	0.59	-7.903089986991944
121424.398	25	0.595	-7.903089986991944
121699.943	25	0.6	-7.903089986991944
122483.067	25	0.605	-7.903089986991944
122667.037	25	0.61	-7.903089986991944
123318.84	25	0.615	-7.903089986991944
123596.24	25	0.62	-7.903089986991944
123923.708	25	0.625	-7.903089986991944
124468.72	25	0.63	-7.903089986991944
124914.982	25	0.635	-7.903089986991944
125199.467	25	0.64	-7.903089986991944
125444.65	25	0.645	-7.903089986991944
125961.5	25	0.65	-7.903089986991944
126479.632	25	0.655	-7.903089986991944
126888.4	25	0.66	-7.903089986991944
127528.475	25	0.665	-7.903089986991944
128095.733	25	0.67	-7.903089986991944
128247.319	25	0.675	-7.903089986991944
128696.84	25	0.68	-7.903089986991944
129262.233	25	0.685	-7.903089986991944
129875.725	25	0.69	-7.903089986991944
130752.917	25	0.695	-7.903089986991944
131152.4	25	0.7	-7.903089986991944
131848.975	25	0.705	-7.903089986991944
132644.511	25	0.71	-7.903089986991944
133394.58	25	0.715	-7.903089986991944
134127.543	25	0.72	-7.903089986991944
135255.92	25	0.725	-7.903089986991944
135628.2	25	0.73	-7.903089986991944
136025.565	25	0.735	-7.903089986991944
136680.552	25	0.74	-7.903089986991944
137326.4	25	0.745	-7.903089986991944
138198.0	25	0.75	-7.903089986991944
139949.769	25	0.755	-7.903089986991944
140853.105	25	0.76	-7.903089986991944
141389.611	25	0.765	-7.903089986991944
141840.029	25	0.77	-7.903089986991944
142641.7	25	0.775	-7.903089986991944
143040.803	25	0.78	-7.903089986991944
143721.5	25	0.785	-7.903089986991944
144295.6	25	0.79	-7.903089986991944
144943.651	25	0.795	-7.903089986991944
145861.0	25	0.8	-7.903089986991944
146515.3	25	0.805	-7.903089986991944
147123.6	25	0.81	-7.903089986991944
147450.94	25	0.815	-7.903089986991944
148765.8	25	0.82	-7.903089986991944
149690.067	25	0.825	-7.903089986991944
151154.706	25	0.83	-7.903089986991944
151990.364	25	0.835	-7.903089986991944
153398.4	25	0.84	-7.903089986991944
155029.625	25	0.845	-7.903089986991944
155877.0	25	0.85	-7.903089986991944
156734.135	25	0.855	-7.903089986991944
157626.8	25	0.86	-7.903089986991944
158751.68	25	0.865	-7.903089986991944
160427.3	25	0.87	-7.903089986991944
160719.167	25	0.875	-7.903089986991944
161519.44	25	0.88	-7.903089986991944
162530.3	25	0.885	-7.903089986991944
163421.8	25	0.89	-7.903089986991944
164357.988	25	0.895	-7.903089986991944
165306.85	25	0.9	-7.903089986991944
165783.625	25	0.905	-7.903089986991944
168758.015	25	0.91	-7.903089986991944
169171.65	25	0.915	-7.903089986991944
170919.2	25	0.92	-7.903089986991944
171881.475	25	0.925	-7.903089986991944
172617.867	25	0.93	-7.903089986991944
173920.0	25	0.935	-7.903089986991944
174548.8	25	0.94	-7.903089986991944
175331.4	25	0.945	-7.903089986991944
175805.0	25	0.95	-7.903089986991944
177238.8	25	0.955	-7.903089986991944
178585.68	25	0.96	-7.903089986991944
180693.06	25	0.965	-7.903089986991944
182047.225	25	0.97	-7.903089986991944
183906.0	25	0.975	-7.903089986991944
186379.2	25	0.98	-7.903089986991944
187513.53	25	0.985	-7.903089986991944
192576.267	25	0.99	-7.903089986991944
197663.815	25	0.995	-7.903089986991944
124384.615	50	0.5	-7.903089986991944
124602.694	50	0.505	-7.903089986991944
125216.436	50	0.51	-7.903089986991944
125462.86	50	0.515	-7.903089986991944
125821.304	50	0.52	-7.903089986991944
126076.065	50	0.525	-7.903089986991944
126366.502	50	0.53	-7.903089986991944
126898.8	50	0.535	-7.903089986991944
127524.844	50	0.54	-7.903089986991944
127969.158	50	0.545	-7.903089986991944
128426.95	50	0.55	-7.903089986991944
128767.886	50	0.555	-7.903089986991944
129167.867	50	0.56	-7.903089986991944
129989.945	50	0.565	-7.903089986991944
130541.2	50	0.57	-7.903089986991944
130953.8	50	0.575	-7.903089986991944
131193.498	50	0.58	-7.903089986991944
131516.707	50	0.585	-7.903089986991944
131639.867	50	0.59	-7.903089986991944
132037.126	50	0.595	-7.903089986991944
132358.107	50	0.6	-7.903089986991944
132810.618	50	0.605	-7.903089986991944
133387.1	50	0.61	-7.903089986991944
133681.8	50	0.615	-7.903089986991944
133946.222	50	0.62	-7.903089986991944
134590.667	50	0.625	-7.903089986991944
134939.412	50	0.63	-7.903089986991944
135661.978	50	0.635	-7.903089986991944
135992.476	50	0.64	-7.903089986991944
136317.9	50	0.645	-7.903089986991944
136855.425	50	0.65	-7.903089986991944
137094.034	50	0.655	-7.903089986991944
137698.8	50	0.66	-7.903089986991944
138165.8	50	0.665	-7.903089986991944
138549.52	50	0.67	-7.903089986991944
139400.821	50	0.675	-7.903089986991944
139699.783	50	0.68	-7.903089986991944
140034.2	50	0.685	-7.903089986991944
140415.943	50	0.69	-7.903089986991944
140648.947	50	0.695	-7.903089986991944
140975.733	50	0.7	-7.903089986991944
141155.892	50	0.705	-7.903089986991944
141392.72	50	0.71	-7.903089986991944
141816.95	50	0.715	-7.903089986991944
142654.304	50	0.72	-7.903089986991944
143042.917	50	0.725	-7.903089986991944
143477.349	50	0.73	-7.903089986991944
143865.771	50	0.735	-7.903089986991944
144166.4	50	0.74	-7.903089986991944
144399.563	50	0.745	-7.903089986991944
144648.889	50	0.75	-7.903089986991944
145074.4	50	0.755	-7.903089986991944
145736.202	50	0.76	-7.903089986991944
146249.304	50	0.765	-7.903089986991944
146659.84	50	0.77	-7.903089986991944
147412.475	50	0.775	-7.903089986991944
147962.18	50	0.78	-7.903089986991944
148412.867	50	0.785	-7.903089986991944
148755.98	50	0.79	-7.903089986991944
149338.543	50	0.795	-7.903089986991944
149831.057	50	0.8	-7.903089986991944
150515.2	50	0.805	-7.903089986991944
151045.033	50	0.81	-7.903089986991944
151664.497	50	0.815	-7.903089986991944
152614.057	50	0.82	-7.903089986991944
153093.628	50	0.825	-7.903089986991944
153512.48	50	0.83	-7.903089986991944
153885.125	50	0.835	-7.903089986991944
154462.514	50	0.84	-7.903089986991944
154823.462	50	0.845	-7.903089986991944
155416.117	50	0.85	-7.903089986991944
156437.386	50	0.855	-7.903089986991944
156895.2	50	0.86	-7.903089986991944
157536.514	50	0.865	-7.903089986991944
158008.971	50	0.87	-7.903089986991944
159020.375	50	0.875	-7.903089986991944
159420.587	50	0.88	-7.903089986991944
160042.85	50	0.885	-7.903089986991944
160675.113	50	0.89	-7.903089986991944
161887.058	50	0.895	-7.903089986991944
162776.4	50	0.9	-7.903089986991944
163266.311	50	0.905	-7.903089986991944
163994.578	50	0.91	-7.903089986991944
165320.778	50	0.915	-7.903089986991944
166019.08	50	0.92	-7.903089986991944
168032.221	50	0.925	-7.903089986991944
168771.251	50	0.93	-7.903089986991944
169533.156	50	0.935	-7.903089986991944
170849.029	50	0.94	-7.903089986991944
171749.022	50	0.945	-7.903089986991944
173235.492	50	0.95	-7.903089986991944
175369.224	50	0.955	-7.903089986991944
177051.44	50	0.96	-7.903089986991944
178953.727	50	0.965	-7.903089986991944
180646.462	50	0.97	-7.903089986991944
182011.293	50	0.975	-7.903089986991944
183643.16	50	0.98	-7.903089986991944
185574.025	50	0.985	-7.903089986991944
190714.533	50	0.99	-7.903089986991944
196187.3	50	0.995	-7.903089986991944
137817.286	75	0.5	-7.903089986991944
138432.494	75	0.505	-7.903089986991944
138753.227	75	0.51	-7.903089986991944
139158.228	75	0.515	-7.903089986991944
139545.964	75	0.52	-7.903089986991944
139743.858	75	0.525	-7.903089986991944
140030.703	75	0.53	-7.903089986991944
140231.455	75	0.535	-7.903089986991944
140680.444	75	0.54	-7.903089986991944
141403.36	75	0.545	-7.903089986991944
141869.745	75	0.55	-7.903089986991944
142111.477	75	0.555	-7.903089986991944
142246.8	75	0.56	-7.903089986991944
142484.8	75	0.565	-7.903089986991944
142781.532	75	0.57	-7.903089986991944
143068.723	75	0.575	-7.903089986991944
143315.128	75	0.58	-7.903089986991944
143646.84	75	0.585	-7.903089986991944
143877.318	75	0.59	-7.903089986991944
143997.286	75	0.595	-7.903089986991944
144459.867	75	0.6	-7.903089986991944
144812.427	75	0.605	-7.903089986991944
144972.882	75	0.61	-7.903089986991944
145345.06	75	0.615	-7.903089986991944
145828.524	75	0.62	-7.903089986991944
146176.1	75	0.625	-7.903089986991944
146496.016	75	0.63	-7.903089986991944
146710.566	75	0.635	-7.903089986991944
146890.867	75	0.64	-7.903089986991944
147266.727	75	0.645	-7.903089986991944
147953.051	75	0.65	-7.903089986991944
148291.981	75	0.655	-7.903089986991944
148949.455	75	0.66	-7.903089986991944
149333.572	75	0.665	-7.903089986991944
149722.923	75	0.67	-7.903089986991944
150094.886	75	0.675	-7.903089986991944
150616.031	75	0.68	-7.903089986991944
150862.26	75	0.685	-7.903089986991944
151051.572	75	0.69	-7.903089986991944
151391.4	75	0.695	-7.903089986991944
151816.333	75	0.7	-7.903089986991944
152353.292	75	0.705	-7.903089986991944
152842.509	75	0.71	-7.903089986991944
153200.88	75	0.715	-7.903089986991944
153535.823	75	0.72	-7.903089986991944
154008.8	75	0.725	-7.903089986991944
154752.738	75	0.73	-7.903089986991944
155684.006	75	0.735	-7.903089986991944
155957.6	75	0.74	-7.903089986991944
156208.698	75	0.745	-7.903089986991944
156582.222	75	0.75	-7.903089986991944
156935.08	75	0.755	-7.903089986991944
157434.42	75	0.76	-7.903089986991944
157945.154	75	0.765	-7.903089986991944
158535.733	75	0.77	-7.903089986991944
159118.0	75	0.775	-7.903089986991944
159968.4	75	0.78	-7.903089986991944
160550.983	75	0.785	-7.903089986991944
161217.455	75	0.79	-7.903089986991944
161621.837	75	0.795	-7.903089986991944
162177.333	75	0.8	-7.903089986991944
162720.16	75	0.805	-7.903089986991944
163242.744	75	0.81	-7.903089986991944
163555.32	75	0.815	-7.903089986991944
163916.298	75	0.82	-7.903089986991944
164228.371	75	0.825	-7.903089986991944
164450.632	75	0.83	-7.903089986991944
165258.397	75	0.835	-7.903089986991944
165802.232	75	0.84	-7.903089986991944
166156.388	75	0.845	-7.903089986991944
166437.753	75	0.85	-7.903089986991944
166767.07	75	0.855	-7.903089986991944
167122.34	75	0.86	-7.903089986991944
167852.563	75	0.865	-7.903089986991944
168098.372	75	0.87	-7.903089986991944
168510.0	75	0.875	-7.903089986991944
168766.139	75	0.88	-7.903089986991944
169093.648	75	0.885	-7.903089986991944
169886.596	75	0.89	-7.903089986991944
170467.003	75	0.895	-7.903089986991944
171113.554	75	0.9	-7.903089986991944
171801.136	75	0.905	-7.903089986991944
172801.723	75	0.91	-7.903089986991944
173410.773	75	0.915	-7.903089986991944
173906.114	75	0.92	-7.903089986991944
174564.843	75	0.925	-7.903089986991944
174809.041	75	0.93	-7.903089986991944
175554.503	75	0.935	-7.903089986991944
176555.898	75	0.94	-7.903089986991944
177958.462	75	0.945	-7.903089986991944
179774.411	75	0.95	-7.903089986991944
181416.362	75	0.955	-7.903089986991944
182002.817	75	0.96	-7.903089986991944
185324.251	75	0.965	-7.903089986991944
188143.314	75	0.97	-7.903089986991944
190181.586	75	0.975	-7.903089986991944
192773.243	75	0.98	-7.903089986991944
195963.2	75	0.985	-7.903089986991944
209808.725	75	0.99	-7.903089986991944
220791.159	75	0.995	-7.903089986991944
153701.406	100	0.5	-7.903089986991944
153993.955	100	0.505	-7.903089986991944
154265.757	100	0.51	-7.903089986991944
154452.198	100	0.515	-7.903089986991944
154614.837	100	0.52	-7.903089986991944
154797.1	100	0.525	-7.903089986991944
155158.76	100	0.53	-7.903089986991944
155482.333	100	0.535	-7.903089986991944
155830.634	100	0.54	-7.903089986991944
156089.815	100	0.545	-7.903089986991944
156455.326	100	0.55	-7.903089986991944
156678.988	100	0.555	-7.903089986991944
157527.357	100	0.56	-7.903089986991944
158054.285	100	0.565	-7.903089986991944
158297.828	100	0.57	-7.903089986991944
158613.452	100	0.575	-7.903089986991944
158918.856	100	0.58	-7.903089986991944
159185.11	100	0.585	-7.903089986991944
159361.297	100	0.59	-7.903089986991944
159609.75	100	0.595	-7.903089986991944
159869.284	100	0.6	-7.903089986991944
160406.831	100	0.605	-7.903089986991944
160619.729	100	0.61	-7.903089986991944
160756.551	100	0.615	-7.903089986991944
161082.938	100	0.62	-7.903089986991944
161326.438	100	0.625	-7.903089986991944
161632.741	100	0.63	-7.903089986991944
161947.541	100	0.635	-7.903089986991944
162318.257	100	0.64	-7.903089986991944
162572.833	100	0.645	-7.903089986991944
162932.559	100	0.65	-7.903089986991944
163132.021	100	0.655	-7.903089986991944
163464.091	100	0.66	-7.903089986991944
163712.52	100	0.665	-7.903089986991944
163865.748	100	0.67	-7.903089986991944
164570.331	100	0.675	-7.903089986991944
164872.205	100	0.68	-7.903089986991944
165206.141	100	0.685	-7.903089986991944
165585.242	100	0.69	-7.903089986991944
165804.764	100	0.695	-7.903089986991944
166174.537	100	0.7	-7.903089986991944
166535.044	100	0.705	-7.903089986991944
166883.687	100	0.71	-7.903089986991944
167036.634	100	0.715	-7.903089986991944
167409.526	100	0.72	-7.903089986991944
167706.318	100	0.725	-7.903089986991944
167963.825	100	0.73	-7.903089986991944
168371.515	100	0.735	-7.903089986991944
168954.432	100	0.74	-7.903089986991944
169128.793	100	0.745	-7.903089986991944
169483.786	100	0.75	-7.903089986991944
169803.643	100	0.755	-7.903089986991944
169887.604	100	0.76	-7.903089986991944
170017.318	100	0.765	-7.903089986991944
170487.562	100	0.77	-7.903089986991944
170725.556	100	0.775	-7.903089986991944
171156.98	100	0.78	-7.903089986991944
171538.6	100	0.785	-7.903089986991944
172011.861	100	0.79	-7.903089986991944
172722.976	100	0.795	-7.903089986991944
173041.429	100	0.8	-7.903089986991944
173406.931	100	0.805	-7.903089986991944
174105.585	100	0.81	-7.903089986991944
174524.051	100	0.815	-7.903089986991944
174914.392	100	0.82	-7.903089986991944
175532.191	100	0.825	-7.903089986991944
175825.444	100	0.83	-7.903089986991944
176334.708	100	0.835	-7.903089986991944
176620.636	100	0.84	-7.903089986991944
177341.814	100	0.845	-7.903089986991944
178050.058	100	0.85	-7.903089986991944
178544.518	100	0.855	-7.903089986991944
179651.548	100	0.86	-7.903089986991944
180543.236	100	0.865	-7.903089986991944
181104.871	100	0.87	-7.903089986991944
181611.437	100	0.875	-7.903089986991944
182073.563	100	0.88	-7.903089986991944
182516.337	100	0.885	-7.903089986991944
183520.43	100	0.89	-7.903089986991944
184406.035	100	0.895	-7.903089986991944
185730.143	100	0.9	-7.903089986991944
186161.09	100	0.905	-7.903089986991944
187227.923	100	0.91	-7.903089986991944
187389.293	100	0.915	-7.903089986991944
188566.017	100	0.92	-7.903089986991944
190077.643	100	0.925	-7.903089986991944
192497.793	100	0.93	-7.903089986991944
192848.129	100	0.935	-7.903089986991944
193547.58	100	0.94	-7.903089986991944
194885.982	100	0.945	-7.903089986991944
196349.272	100	0.95	-7.903089986991944
197385.95	100	0.955	-7.903089986991944
198117.714	100	0.96	-7.903089986991944
199788.888	100	0.965	-7.903089986991944
201177.081	100	0.97	-7.903089986991944
204640.273	100	0.975	-7.903089986991944
207642.526	100	0.98	-7.903089986991944
211705.235	100	0.985	-7.903089986991944
217819.734	100	0.99	-7.903089986991944
236996.138	100	0.995	-7.903089986991944
166987.286	125	0.5	-7.903089986991944
167179.428	125	0.505	-7.903089986991944
167297.127	125	0.51	-7.903089986991944
167546.187	125	0.515	-7.903089986991944
167812.665	125	0.52	-7.903089986991944
168131.505	125	0.525	-7.903089986991944
168464.671	125	0.53	-7.903089986991944
168928.722	125	0.535	-7.903089986991944
169232.871	125	0.54	-7.903089986991944
169528.799	125	0.545	-7.903089986991944
169767.256	125	0.55	-7.903089986991944
170285.914	125	0.555	-7.903089986991944
170738.91	125	0.56	-7.903089986991944
170980.33	125	0.565	-7.903089986991944
171316.245	125	0.57	-7.903089986991944
171876.637	125	0.575	-7.903089986991944
171961.06	125	0.58	-7.903089986991944
172308.615	125	0.585	-7.903089986991944
172603.186	125	0.59	-7.903089986991944
172973.567	125	0.595	-7.903089986991944
173658.467	125	0.6	-7.903089986991944
173939.982	125	0.605	-7.903089986991944
174079.24	125	0.61	-7.903089986991944
174369.605	125	0.615	-7.903089986991944
174982.369	125	0.62	-7.903089986991944
175161.064	125	0.625	-7.903089986991944
175445.439	125	0.63	-7.903089986991944
175571.636	125	0.635	-7.903089986991944
175914.473	125	0.64	-7.903089986991944
176311.818	125	0.645	-7.903089986991944
176666.341	125	0.65	-7.903089986991944
176928.929	125	0.655	-7.903089986991944
177384.075	125	0.66	-7.903089986991944
177609.126	125	0.665	-7.903089986991944
177755.533	125	0.67	-7.903089986991944
177980.189	125	0.675	-7.903089986991944
178270.0	125	0.68	-7.903089986991944
178417.534	125	0.685	-7.903089986991944
178594.597	125	0.69	-7.903089986991944
178729.311	125	0.695	-7.903089986991944
179062.429	125	0.7	-7.903089986991944
179681.284	125	0.705	-7.903089986991944
179933.343	125	0.71	-7.903089986991944
180755.572	125	0.715	-7.903089986991944
181323.794	125	0.72	-7.903089986991944
181652.993	125	0.725	-7.903089986991944
181827.96	125	0.73	-7.903089986991944
182046.219	125	0.735	-7.903089986991944
182258.32	125	0.74	-7.903089986991944
182476.052	125	0.745	-7.903089986991944
182975.882	125	0.75	-7.903089986991944
183360.735	125	0.755	-7.903089986991944
183919.94	125	0.76	-7.903089986991944
184156.758	125	0.765	-7.903089986991944
184432.356	125	0.77	-7.903089986991944
185033.232	125	0.775	-7.903089986991944
185309.908	125	0.78	-7.903089986991944
185639.32	125	0.785	-7.903089986991944
186070.056	125	0.79	-7.903089986991944
186287.701	125	0.795	-7.903089986991944
186765.8	125	0.8	-7.903089986991944
187047.344	125	0.805	-7.903089986991944
187912.786	125	0.81	-7.903089986991944
188097.71	125	0.815	-7.903089986991944
188571.433	125	0.82	-7.903089986991944
188947.929	125	0.825	-7.903089986991944
190009.633	125	0.83	-7.903089986991944
190487.279	125	0.835	-7.903089986991944
191043.183	125	0.84	-7.903089986991944
191512.934	125	0.845	-7.903089986991944
191969.64	125	0.85	-7.903089986991944
192428.412	125	0.855	-7.903089986991944
192677.84	125	0.86	-7.903089986991944
193175.057	125	0.865	-7.903089986991944
193853.293	125	0.87	-7.903089986991944
194301.603	125	0.875	-7.903089986991944
195022.969	125	0.88	-7.903089986991944
196123.153	125	0.885	-7.903089986991944
196651.391	125	0.89	-7.903089986991944
197338.139	125	0.895	-7.903089986991944
197865.8	125	0.9	-7.903089986991944
198402.443	125	0.905	-7.903089986991944
199104.686	125	0.91	-7.903089986991944
199747.448	125	0.915	-7.903089986991944
200449.2	125	0.92	-7.903089986991944
202356.529	125	0.925	-7.903089986991944
203010.314	125	0.93	-7.903089986991944
204121.95	125	0.935	-7.903089986991944
205309.869	125	0.94	-7.903089986991944
207160.039	125	0.945	-7.903089986991944
208074.421	125	0.95	-7.903089986991944
208990.349	125	0.955	-7.903089986991944
210854.567	125	0.96	-7.903089986991944
213148.859	125	0.965	-7.903089986991944
215751.841	125	0.97	-7.903089986991944
217290.0	125	0.975	-7.903089986991944
219996.456	125	0.98	-7.903089986991944
224705.454	125	0.985	-7.903089986991944
235805.857	125	0.99	-7.903089986991944
241702.674	125	0.995	-7.903089986991944
179821.099	150	0.5	-7.903089986991944
180258.221	150	0.505	-7.903089986991944
180427.806	150	0.51	-7.903089986991944
180768.404	150	0.515	-7.903089986991944
181042.197	150	0.52	-7.903089986991944
181342.25	150	0.525	-7.903089986991944
181810.544	150	0.53	-7.903089986991944
182170.603	150	0.535	-7.903089986991944
182541.841	150	0.54	-7.903089986991944
182968.336	150	0.545	-7.903089986991944
183285.825	150	0.55	-7.903089986991944
183846.831	150	0.555	-7.903089986991944
184255.077	150	0.56	-7.903089986991944
184544.111	150	0.565	-7.903089986991944
184815.921	150	0.57	-7.903089986991944
185096.981	150	0.575	-7.903089986991944
185519.935	150	0.58	-7.903089986991944
185753.657	150	0.585	-7.903089986991944
185936.277	150	0.59	-7.903089986991944
186121.95	150	0.595	-7.903089986991944
186276.308	150	0.6	-7.903089986991944
186560.18	150	0.605	-7.903089986991944
186863.343	150	0.61	-7.903089986991944
187121.128	150	0.615	-7.903089986991944
187236.638	150	0.62	-7.903089986991944
187567.762	150	0.625	-7.903089986991944
187833.0	150	0.63	-7.903089986991944
188273.621	150	0.635	-7.903089986991944
188446.066	150	0.64	-7.903089986991944
188689.664	150	0.645	-7.903089986991944
188953.5	150	0.65	-7.903089986991944
189200.45	150	0.655	-7.903089986991944
189534.971	150	0.66	-7.903089986991944
190040.892	150	0.665	-7.903089986991944
190586.613	150	0.67	-7.903089986991944
191112.725	150	0.675	-7.903089986991944
191518.514	150	0.68	-7.903089986991944
191782.415	150	0.685	-7.903089986991944
191982.045	150	0.69	-7.903089986991944
192192.176	150	0.695	-7.903089986991944
192413.538	150	0.7	-7.903089986991944
192594.437	150	0.705	-7.903089986991944
192799.714	150	0.71	-7.903089986991944
192932.375	150	0.715	-7.903089986991944
193263.425	150	0.72	-7.903089986991944
193599.047	150	0.725	-7.903089986991944
193930.862	150	0.73	-7.903089986991944
194225.983	150	0.735	-7.903089986991944
194570.167	150	0.74	-7.903089986991944
194840.975	150	0.745	-7.903089986991944
195497.143	150	0.75	-7.903089986991944
196046.05	150	0.755	-7.903089986991944
196539.826	150	0.76	-7.903089986991944
197052.548	150	0.765	-7.903089986991944
197443.129	150	0.77	-7.903089986991944
197965.253	150	0.775	-7.903089986991944
198235.26	150	0.78	-7.903089986991944
198516.337	150	0.785	-7.903089986991944
199005.299	150	0.79	-7.903089986991944
199549.521	150	0.795	-7.903089986991944
199888.791	150	0.8	-7.903089986991944
200173.368	150	0.805	-7.903089986991944
201017.975	150	0.81	-7.903089986991944
201528.663	150	0.815	-7.903089986991944
202190.771	150	0.82	-7.903089986991944
202958.575	150	0.825	-7.903089986991944
203399.271	150	0.83	-7.903089986991944
203776.602	150	0.835	-7.903089986991944
204039.371	150	0.84	-7.903089986991944
204445.518	150	0.845	-7.903089986991944
204953.957	150	0.85	-7.903089986991944
205491.494	150	0.855	-7.903089986991944
206164.558	150	0.86	-7.903089986991944
206578.868	150	0.865	-7.903089986991944
207250.391	150	0.87	-7.903089986991944
207617.679	150	0.875	-7.903089986991944
208350.563	150	0.88	-7.903089986991944
209501.583	150	0.885	-7.903089986991944
210060.799	150	0.89	-7.903089986991944
210414.8	150	0.895	-7.903089986991944
211714.429	150	0.9	-7.903089986991944
212596.361	150	0.905	-7.903089986991944
213317.325	150	0.91	-7.903089986991944
213851.565	150	0.915	-7.903089986991944
214316.114	150	0.92	-7.903089986991944
215149.045	150	0.925	-7.903089986991944
218313.366	150	0.93	-7.903089986991944
219307.267	150	0.935	-7.903089986991944
220457.09	150	0.94	-7.903089986991944
221017.004	150	0.945	-7.903089986991944
222094.357	150	0.95	-7.903089986991944
223318.513	150	0.955	-7.903089986991944
224301.38	150	0.96	-7.903089986991944
225418.301	150	0.965	-7.903089986991944
230298.38	150	0.97	-7.903089986991944
231551.857	150	0.975	-7.903089986991944
234345.657	150	0.98	-7.903089986991944
237327.128	150	0.985	-7.903089986991944
247510.743	150	0.99	-7.903089986991944
256869.807	150	0.995	-7.903089986991944
190386.038	175	0.5	-7.903089986991944
190614.66	175	0.505	-7.903089986991944
190850.923	175	0.51	-7.903089986991944
191124.514	175	0.515	-7.903089986991944
191447.731	175	0.52	-7.903089986991944
191853.71	175	0.525	-7.903089986991944
192111.582	175	0.53	-7.903089986991944
192467.221	175	0.535	-7.903089986991944
192941.152	175	0.54	-7.903089986991944
193134.173	175	0.545	-7.903089986991944
193233.762	175	0.55	-7.903089986991944
193385.406	175	0.555	-7.903089986991944
193463.006	175	0.56	-7.903089986991944
193720.871	175	0.565	-7.903089986991944
193946.265	175	0.57	-7.903089986991944
194349.727	175	0.575	-7.903089986991944
194724.73	175	0.58	-7.903089986991944
194926.068	175	0.585	-7.903089986991944
195241.116	175	0.59	-7.903089986991944
195615.282	175	0.595	-7.903089986991944
195964.045	175	0.6	-7.903089986991944
196432.458	175	0.605	-7.903089986991944
196916.159	175	0.61	-7.903089986991944
197491.465	175	0.615	-7.903089986991944
197844.421	175	0.62	-7.903089986991944
198099.821	175	0.625	-7.903089986991944
198539.231	175	0.63	-7.903089986991944
199008.755	175	0.635	-7.903089986991944
199474.8	175	0.64	-7.903089986991944
199869.905	175	0.645	-7.903089986991944
200200.286	175	0.65	-7.903089986991944
200393.014	175	0.655	-7.903089986991944
200686.801	175	0.66	-7.903089986991944
201119.958	175	0.665	-7.903089986991944
201458.861	175	0.67	-7.903089986991944
201697.412	175	0.675	-7.903089986991944
201976.309	175	0.68	-7.903089986991944
202188.86	175	0.685	-7.903089986991944
202361.9	175	0.69	-7.903089986991944
202570.577	175	0.695	-7.903089986991944
203019.275	175	0.7	-7.903089986991944
203221.85	175	0.705	-7.903089986991944
203494.585	175	0.71	-7.903089986991944
204072.021	175	0.715	-7.903089986991944
204343.943	175	0.72	-7.903089986991944
204893.305	175	0.725	-7.903089986991944
205151.039	175	0.73	-7.903089986991944
205434.059	175	0.735	-7.903089986991944
205837.509	175	0.74	-7.903089986991944
206043.608	175	0.745	-7.903089986991944
206370.962	175	0.75	-7.903089986991944
207025.168	175	0.755	-7.903089986991944
207346.193	175	0.76	-7.903089986991944
207709.4	175	0.765	-7.903089986991944
208069.804	175	0.77	-7.903089986991944
208412.244	175	0.775	-7.903089986991944
208838.649	175	0.78	-7.903089986991944
209221.25	175	0.785	-7.903089986991944
209299.172	175	0.79	-7.903089986991944
209576.482	175	0.795	-7.903089986991944
210039.143	175	0.8	-7.903089986991944
210999.787	175	0.805	-7.903089986991944
211457.342	175	0.81	-7.903089986991944
211713.478	175	0.815	-7.903089986991944
212033.499	175	0.82	-7.903089986991944
212584.714	175	0.825	-7.903089986991944
213128.061	175	0.83	-7.903089986991944
213605.219	175	0.835	-7.903089986991944
214307.074	175	0.84	-7.903089986991944
214721.836	175	0.845	-7.903089986991944
214875.571	175	0.85	-7.903089986991944
215077.648	175	0.855	-7.903089986991944
215663.057	175	0.86	-7.903089986991944
216369.546	175	0.865	-7.903089986991944
217032.514	175	0.87	-7.903089986991944
217532.579	175	0.875	-7.903089986991944
218054.322	175	0.88	-7.903089986991944
219292.551	175	0.885	-7.903089986991944
219902.969	175	0.89	-7.903089986991944
220617.92	175	0.895	-7.903089986991944
221387.143	175	0.9	-7.903089986991944
222004.298	175	0.905	-7.903089986991944
222505.8	175	0.91	-7.903089986991944
222953.569	175	0.915	-7.903089986991944
223620.869	175	0.92	-7.903089986991944
224023.25	175	0.925	-7.903089986991944
225133.333	175	0.93	-7.903089986991944
225730.619	175	0.935	-7.903089986991944
227363.217	175	0.94	-7.903089986991944
228317.154	175	0.945	-7.903089986991944
229149.216	175	0.95	-7.903089986991944
230379.692	175	0.955	-7.903089986991944
234272.914	175	0.96	-7.903089986991944
237001.088	175	0.965	-7.903089986991944
238189.457	175	0.97	-7.903089986991944
239342.855	175	0.975	-7.903089986991944
242478.857	175	0.98	-7.903089986991944
253235.663	175	0.985	-7.903089986991944
263576.11	175	0.99	-7.903089986991944
280372.68	175	0.995	-7.903089986991944
201335.0	200	0.5	-7.903089986991944
201696.287	200	0.505	-7.903089986991944
202110.571	200	0.51	-7.903089986991944
202414.713	200	0.515	-7.903089986991944
202672.743	200	0.52	-7.903089986991944
202973.357	200	0.525	-7.903089986991944
203368.605	200	0.53	-7.903089986991944
203777.571	200	0.535	-7.903089986991944
204127.744	200	0.54	-7.903089986991944
204370.832	200	0.545	-7.903089986991944
205054.821	200	0.55	-7.903089986991944
205491.457	200	0.555	-7.903089986991944
205790.535	200	0.56	-7.903089986991944
206510.216	200	0.565	-7.903089986991944
206675.688	200	0.57	-7.903089986991944
207100.928	200	0.575	-7.903089986991944
207573.785	200	0.58	-7.903089986991944
207663.249	200	0.585	-7.903089986991944
207781.141	200	0.59	-7.903089986991944
207878.181	200	0.595	-7.903089986991944
208318.571	200	0.6	-7.903089986991944
208655.129	200	0.605	-7.903089986991944
208782.714	200	0.61	-7.903089986991944
208967.957	200	0.615	-7.903089986991944
209642.641	200	0.62	-7.903089986991944
209821.6	200	0.625	-7.903089986991944
209992.341	200	0.63	-7.903089986991944
210136.8	200	0.635	-7.903089986991944
210528.674	200	0.64	-7.903089986991944
211294.455	200	0.645	-7.903089986991944
211677.975	200	0.65	-7.903089986991944
211882.275	200	0.655	-7.903089986991944
212252.209	200	0.66	-7.903089986991944
212645.293	200	0.665	-7.903089986991944
213050.558	200	0.67	-7.903089986991944
213540.122	200	0.675	-7.903089986991944
214174.08	200	0.68	-7.903089986991944
214461.429	200	0.685	-7.903089986991944
214681.913	200	0.69	-7.903089986991944
215053.686	200	0.695	-7.903089986991944
215336.571	200	0.7	-7.903089986991944
215624.893	200	0.705	-7.903089986991944
215757.664	200	0.71	-7.903089986991944
216048.329	200	0.715	-7.903089986991944
216296.954	200	0.72	-7.903089986991944
216364.857	200	0.725	-7.903089986991944
217106.358	200	0.73	-7.903089986991944
217555.079	200	0.735	-7.903089986991944
217957.86	200	0.74	-7.903089986991944
218098.379	200	0.745	-7.903089986991944
218576.429	200	0.75	-7.903089986991944
219122.258	200	0.755	-7.903089986991944
219281.357	200	0.76	-7.903089986991944
219583.609	200	0.765	-7.903089986991944
219905.659	200	0.77	-7.903089986991944
220147.948	200	0.775	-7.903089986991944
220355.104	200	0.78	-7.903089986991944
220864.129	200	0.785	-7.903089986991944
221256.072	200	0.79	-7.903089986991944
221802.878	200	0.795	-7.903089986991944
222017.843	200	0.8	-7.903089986991944
222500.615	200	0.805	-7.903089986991944
222819.2	200	0.81	-7.903089986991944
223486.086	200	0.815	-7.903089986991944
224419.376	200	0.82	-7.903089986991944
225004.998	200	0.825	-7.903089986991944
225254.671	200	0.83	-7.903089986991944
226038.929	200	0.835	-7.903089986991944
226723.775	200	0.84	-7.903089986991944
227264.146	200	0.845	-7.903089986991944
228079.014	200	0.85	-7.903089986991944
228366.513	200	0.855	-7.903089986991944
228724.6	200	0.86	-7.903089986991944
229104.886	200	0.865	-7.903089986991944
229619.163	200	0.87	-7.903089986991944
230360.955	200	0.875	-7.903089986991944
230928.273	200	0.88	-7.903089986991944
231644.607	200	0.885	-7.903089986991944
232228.186	200	0.89	-7.903089986991944
233671.5	200	0.895	-7.903089986991944
234592.779	200	0.9	-7.903089986991944
235085.701	200	0.905	-7.903089986991944
235781.865	200	0.91	-7.903089986991944
236856.295	200	0.915	-7.903089986991944
237814.791	200	0.92	-7.903089986991944
239519.825	200	0.925	-7.903089986991944
240981.158	200	0.93	-7.903089986991944
242655.3	200	0.935	-7.903089986991944
244203.943	200	0.94	-7.903089986991944
246129.427	200	0.945	-7.903089986991944
247180.714	200	0.95	-7.903089986991944
250009.379	200	0.955	-7.903089986991944
251969.611	200	0.96	-7.903089986991944
252991.293	200	0.965	-7.903089986991944
256603.645	200	0.97	-7.903089986991944
259816.82	200	0.975	-7.903089986991944
264858.384	200	0.98	-7.903089986991944
268504.753	200	0.985	-7.903089986991944
272413.812	200	0.99	-7.903089986991944
299460.235	200	0.995	-7.903089986991944
211558.113	225	0.5	-7.903089986991944
211949.179	225	0.505	-7.903089986991944
212392.136	225	0.51	-7.903089986991944
212834.036	225	0.515	-7.903089986991944
212992.31	225	0.52	-7.903089986991944
213334.105	225	0.525	-7.903089986991944
213675.533	225	0.53	-7.903089986991944
214001.562	225	0.535	-7.903089986991944
214472.556	225	0.54	-7.903089986991944
214830.686	225	0.545	-7.903089986991944
215266.207	225	0.55	-7.903089986991944
215717.529	225	0.555	-7.903089986991944
215987.86	225	0.56	-7.903089986991944
216220.436	225	0.565	-7.903089986991944
216484.885	225	0.57	-7.903089986991944
216654.857	225	0.575	-7.903089986991944
216833.215	225	0.58	-7.903089986991944
217077.854	225	0.585	-7.903089986991944
217622.601	225	0.59	-7.903089986991944
218228.619	225	0.595	-7.903089986991944
218546.7	225	0.6	-7.903089986991944
218789.943	225	0.605	-7.903089986991944
219027.129	225	0.61	-7.903089986991944
219192.564	225	0.615	-7.903089986991944
219654.571	225	0.62	-7.903089986991944
220272.607	225	0.625	-7.903089986991944
220522.371	225	0.63	-7.903089986991944
220815.052	225	0.635	-7.903089986991944
221073.62	225	0.64	-7.903089986991944
221370.856	225	0.645	-7.903089986991944
221515.261	225	0.65	-7.903089986991944
221647.761	225	0.655	-7.903089986991944
222188.37	225	0.66	-7.903089986991944
222364.139	225	0.665	-7.903089986991944
222605.638	225	0.67	-7.903089986991944
222915.714	225	0.675	-7.903089986991944
223176.611	225	0.68	-7.903089986991944
223298.55	225	0.685	-7.903089986991944
223489.731	225	0.69	-7.903089986991944
223767.555	225	0.695	-7.903089986991944
224078.429	225	0.7	-7.903089986991944
224483.764	225	0.705	-7.903089986991944
225130.716	225	0.71	-7.903089986991944
225322.285	225	0.715	-7.903089986991944
225615.189	225	0.72	-7.903089986991944
225804.571	225	0.725	-7.903089986991944
226433.343	225	0.73	-7.903089986991944
226764.605	225	0.735	-7.903089986991944
226955.943	225	0.74	-7.903089986991944
227314.493	225	0.745	-7.903089986991944
227788.946	225	0.75	-7.903089986991944
228650.59	225	0.755	-7.903089986991944
228916.38	225	0.76	-7.903089986991944
229159.653	225	0.765	-7.903089986991944
230031.438	225	0.77	-7.903089986991944
230393.596	225	0.775	-7.903089986991944
230680.6	225	0.78	-7.903089986991944
230968.094	225	0.785	-7.903089986991944
231291.329	225	0.79	-7.903089986991944
231724.667	225	0.795	-7.903089986991944
232612.571	225	0.8	-7.903089986991944
233089.883	225	0.805	-7.903089986991944
233313.314	225	0.81	-7.903089986991944
233821.243	225	0.815	-7.903089986991944
234677.245	225	0.82	-7.903089986991944
235157.369	225	0.825	-7.903089986991944
235593.174	225	0.83	-7.903089986991944
235981.498	225	0.835	-7.903089986991944
236344.443	225	0.84	-7.903089986991944
236735.543	225	0.845	-7.903089986991944
238055.093	225	0.85	-7.903089986991944
238796.811	225	0.855	-7.903089986991944
239267.143	225	0.86	-7.903089986991944
239994.998	225	0.865	-7.903089986991944
240790.59	225	0.87	-7.903089986991944
241483.018	225	0.875	-7.903089986991944
242255.266	225	0.88	-7.903089986991944
242803.488	225	0.885	-7.903089986991944
243546.37	225	0.89	-7.903089986991944
244150.009	225	0.895	-7.903089986991944
244920.014	225	0.9	-7.903089986991944
245306.008	225	0.905	-7.903089986991944
245938.248	225	0.91	-7.903089986991944
247362.764	225	0.915	-7.903089986991944
248172.743	225	0.92	-7.903089986991944
249275.168	225	0.925	-7.903089986991944
251417.038	225	0.93	-7.903089986991944
252753.873	225	0.935	-7.903089986991944
253801.429	225	0.94	-7.903089986991944
256705.253	225	0.945	-7.903089986991944
259351.014	225	0.95	-7.903089986991944
261912.047	225	0.955	-7.903089986991944
263661.38	225	0.96	-7.903089986991944
266346.573	225	0.965	-7.903089986991944
271560.371	225	0.97	-7.903089986991944
277284.23	225	0.975	-7.903089986991944
282811.641	225	0.98	-7.903089986991944
295261.191	225	0.985	-7.903089986991944
319528.242	225	0.99	-7.903089986991944
363231.375	225	0.995	-7.903089986991944
221858.643	250	0.5	-7.903089986991944
222085.049	250	0.505	-7.903089986991944
222407.765	250	0.51	-7.903089986991944
222750.179	250	0.515	-7.903089986991944
223021.494	250	0.52	-7.903089986991944
223356.605	250	0.525	-7.903089986991944
223621.705	250	0.53	-7.903089986991944
223943.515	250	0.535	-7.903089986991944
224117.229	250	0.54	-7.903089986991944
224447.74	250	0.545	-7.903089986991944
224641.961	250	0.55	-7.903089986991944
225167.403	250	0.555	-7.903089986991944
225478.634	250	0.56	-7.903089986991944
225639.443	250	0.565	-7.903089986991944
225908.933	250	0.57	-7.903089986991944
226156.071	250	0.575	-7.903089986991944
226334.714	250	0.58	-7.903089986991944
226580.745	250	0.585	-7.903089986991944
226839.184	250	0.59	-7.903089986991944
227262.914	250	0.595	-7.903089986991944
227477.786	250	0.6	-7.903089986991944
227648.272	250	0.605	-7.903089986991944
227778.214	250	0.61	-7.903089986991944
228141.462	250	0.615	-7.903089986991944
228373.797	250	0.62	-7.903089986991944
228490.223	250	0.625	-7.903089986991944
228686.074	250	0.63	-7.903089986991944
228878.381	250	0.635	-7.903089986991944
229373.2	250	0.64	-7.903089986991944
229710.811	250	0.645	-7.903089986991944
230002.668	250	0.65	-7.903089986991944
230199.513	250	0.655	-7.903089986991944
230470.456	250	0.66	-7.903089986991944
230796.81	250	0.665	-7.903089986991944
231132.4	250	0.67	-7.903089986991944
232282.25	250	0.675	-7.903089986991944
232575.729	250	0.68	-7.903089986991944
232879.22	250	0.685	-7.903089986991944
233027.951	250	0.69	-7.903089986991944
233659.214	250	0.695	-7.903089986991944
234071.0	250	0.7	-7.903089986991944
234398.285	250	0.705	-7.903089986991944
234539.916	250	0.71	-7.903089986991944
235002.439	250	0.715	-7.903089986991944
235307.277	250	0.72	-7.903089986991944
235805.821	250	0.725	-7.903089986991944
236129.899	250	0.73	-7.903089986991944
237088.919	250	0.735	-7.903089986991944
237525.723	250	0.74	-7.903089986991944
237981.153	250	0.745	-7.903089986991944
238528.321	250	0.75	-7.903089986991944
238916.883	250	0.755	-7.903089986991944
239786.869	250	0.76	-7.903089986991944
240393.781	250	0.765	-7.903089986991944
240872.386	250	0.77	-7.903089986991944
241220.523	250	0.775	-7.903089986991944
241409.654	250	0.78	-7.903089986991944
241744.037	250	0.785	-7.903089986991944
242098.142	250	0.79	-7.903089986991944
242617.579	250	0.795	-7.903089986991944
242878.0	250	0.8	-7.903089986991944
243304.665	250	0.805	-7.903089986991944
243453.817	250	0.81	-7.903089986991944
243651.667	250	0.815	-7.903089986991944
244279.839	250	0.82	-7.903089986991944
244664.512	250	0.825	-7.903089986991944
245299.813	250	0.83	-7.903089986991944
245729.662	250	0.835	-7.903089986991944
246118.811	250	0.84	-7.903089986991944
246714.671	250	0.845	-7.903089986991944
247562.418	250	0.85	-7.903089986991944
247881.533	250	0.855	-7.903089986991944
248162.196	250	0.86	-7.903089986991944
248843.084	250	0.865	-7.903089986991944
249374.428	250	0.87	-7.903089986991944
250287.991	250	0.875	-7.903089986991944
251274.414	250	0.88	-7.903089986991944
252055.864	250	0.885	-7.903089986991944
253756.106	250	0.89	-7.903089986991944
254701.393	250	0.895	-7.903089986991944
255115.15	250	0.9	-7.903089986991944
255307.244	250	0.905	-7.903089986991944
255722.243	250	0.91	-7.903089986991944
257193.28	250	0.915	-7.903089986991944
258186.0	250	0.92	-7.903089986991944
259131.046	250	0.925	-7.903089986991944
260250.166	250	0.93	-7.903089986991944
261404.315	250	0.935	-7.903089986991944
261946.01	250	0.94	-7.903089986991944
263984.631	250	0.945	-7.903089986991944
265529.35	250	0.95	-7.903089986991944
266768.517	250	0.955	-7.903089986991944
269239.383	250	0.96	-7.903089986991944
270454.3	250	0.965	-7.903089986991944
274535.4	250	0.97	-7.903089986991944
276062.357	250	0.975	-7.903089986991944
282420.4	250	0.98	-7.903089986991944
286793.493	250	0.985	-7.903089986991944
292208.114	250	0.99	-7.903089986991944
302830.572	250	0.995	-7.903089986991944
230974.89	275	0.5	-7.903089986991944
231169.193	275	0.505	-7.903089986991944
231638.891	275	0.51	-7.903089986991944
232031.95	275	0.515	-7.903089986991944
232351.371	275	0.52	-7.903089986991944
232627.825	275	0.525	-7.903089986991944
232802.671	275	0.53	-7.903089986991944
233095.63	275	0.535	-7.903089986991944
233484.714	275	0.54	-7.903089986991944
233914.736	275	0.545	-7.903089986991944
234091.1	275	0.55	-7.903089986991944
234271.857	275	0.555	-7.903089986991944
234607.711	275	0.56	-7.903089986991944
234891.043	275	0.565	-7.903089986991944
235367.547	275	0.57	-7.903089986991944
235569.912	275	0.575	-7.903089986991944
235900.8	275	0.58	-7.903089986991944
236229.507	275	0.585	-7.903089986991944
236478.742	275	0.59	-7.903089986991944
236799.992	275	0.595	-7.903089986991944
237015.029	275	0.6	-7.903089986991944
237320.349	275	0.605	-7.903089986991944
237472.456	275	0.61	-7.903089986991944
237932.854	275	0.615	-7.903089986991944
238305.574	275	0.62	-7.903089986991944
238805.982	275	0.625	-7.903089986991944
239255.029	275	0.63	-7.903089986991944
239756.348	275	0.635	-7.903089986991944
240111.349	275	0.64	-7.903089986991944
240321.308	275	0.645	-7.903089986991944
240627.479	275	0.65	-7.903089986991944
241089.721	275	0.655	-7.903089986991944
241550.819	275	0.66	-7.903089986991944
241674.688	275	0.665	-7.903089986991944
241828.124	275	0.67	-7.903089986991944
242018.0	275	0.675	-7.903089986991944
242590.309	275	0.68	-7.903089986991944
242910.676	275	0.685	-7.903089986991944
243206.378	275	0.69	-7.903089986991944
243524.214	275	0.695	-7.903089986991944
243791.571	275	0.7	-7.903089986991944
244217.414	275	0.705	-7.903089986991944
244729.771	275	0.71	-7.903089986991944
245333.226	275	0.715	-7.903089986991944
245588.269	275	0.72	-7.903089986991944
245968.857	275	0.725	-7.903089986991944
246346.014	275	0.73	-7.903089986991944
246692.238	275	0.735	-7.903089986991944
246955.381	275	0.74	-7.903089986991944
247553.612	275	0.745	-7.903089986991944
247941.893	275	0.75	-7.903089986991944
248334.447	275	0.755	-7.903089986991944
249054.914	275	0.76	-7.903089986991944
249414.412	275	0.765	-7.903089986991944
249633.666	275	0.77	-7.903089986991944
249905.289	275	0.775	-7.903089986991944
250324.944	275	0.78	-7.903089986991944
250586.68	275	0.785	-7.903089986991944
251062.784	275	0.79	-7.903089986991944
252198.614	275	0.795	-7.903089986991944
253041.143	275	0.8	-7.903089986991944
253347.629	275	0.805	-7.903089986991944
253946.577	275	0.81	-7.903089986991944
254839.636	275	0.815	-7.903089986991944
255196.233	275	0.82	-7.903089986991944
255700.191	275	0.825	-7.903089986991944
256466.841	275	0.83	-7.903089986991944
257081.736	275	0.835	-7.903089986991944
257615.486	275	0.84	-7.903089986991944
258036.807	275	0.845	-7.903089986991944
258645.225	275	0.85	-7.903089986991944
259248.34	275	0.855	-7.903089986991944
260159.72	275	0.86	-7.903089986991944
260935.621	275	0.865	-7.903089986991944
261751.433	275	0.87	-7.903089986991944
262215.723	275	0.875	-7.903089986991944
263214.194	275	0.88	-7.903089986991944
264255.793	275	0.885	-7.903089986991944
265038.946	275	0.89	-7.903089986991944
266499.613	275	0.895	-7.903089986991944
267986.493	275	0.9	-7.903089986991944
268719.573	275	0.905	-7.903089986991944
269577.914	275	0.91	-7.903089986991944
270219.561	275	0.915	-7.903089986991944
271437.257	275	0.92	-7.903089986991944
272271.157	275	0.925	-7.903089986991944
273569.048	275	0.93	-7.903089986991944
274441.064	275	0.935	-7.903089986991944
276083.51	275	0.94	-7.903089986991944
278654.724	275	0.945	-7.903089986991944
281721.011	275	0.95	-7.903089986991944
283745.7	275	0.955	-7.903089986991944
286187.84	275	0.96	-7.903089986991944
288225.669	275	0.965	-7.903089986991944
292561.343	275	0.97	-7.903089986991944
297943.139	275	0.975	-7.903089986991944
300911.311	275	0.98	-7.903089986991944
306411.96	275	0.985	-7.903089986991944
324567.743	275	0.99	-7.903089986991944
366462.707	275	0.995	-7.903089986991944
238928.75	300	0.5	-7.903089986991944
239334.672	300	0.505	-7.903089986991944
239434.221	300	0.51	-7.903089986991944
239632.221	300	0.515	-7.903089986991944
239916.343	300	0.52	-7.903089986991944
240125.105	300	0.525	-7.903089986991944
240528.043	300	0.53	-7.903089986991944
240810.457	300	0.535	-7.903089986991944
241044.743	300	0.54	-7.903089986991944
241289.229	300	0.545	-7.903089986991944
241518.929	300	0.55	-7.903089986991944
241648.514	300	0.555	-7.903089986991944
241855.257	300	0.56	-7.903089986991944
242226.731	300	0.565	-7.903089986991944
242561.323	300	0.57	-7.903089986991944
242800.948	300	0.575	-7.903089986991944
243121.756	300	0.58	-7.903089986991944
243718.611	300	0.585	-7.903089986991944
243946.042	300	0.59	-7.903089986991944
244485.871	300	0.595	-7.903089986991944
244879.743	300	0.6	-7.903089986991944
245119.721	300	0.605	-7.903089986991944
245341.015	300	0.61	-7.903089986991944
245571.835	300	0.615	-7.903089986991944
245743.697	300	0.62	-7.903089986991944
246049.821	300	0.625	-7.903089986991944
246274.6	300	0.63	-7.903089986991944
246582.79	300	0.635	-7.903089986991944
246949.463	300	0.64	-7.903089986991944
247210.456	300	0.645	-7.903089986991944
247450.714	300	0.65	-7.903089986991944
247719.621	300	0.655	-7.903089986991944
248139.176	300	0.66	-7.903089986991944
248514.921	300	0.665	-7.903089986991944
248792.886	300	0.67	-7.903089986991944
249244.525	300	0.675	-7.903089986991944
249739.886	300	0.68	-7.903089986991944
250015.572	300	0.685	-7.903089986991944
250260.241	300	0.69	-7.903089986991944
250376.386	300	0.695	-7.903089986991944
250718.236	300	0.7	-7.903089986991944
251007.792	300	0.705	-7.903089986991944
251678.692	300	0.71	-7.903089986991944
252080.833	300	0.715	-7.903089986991944
252321.749	300	0.72	-7.903089986991944
252665.98	300	0.725	-7.903089986991944
253133.091	300	0.73	-7.903089986991944
253737.586	300	0.735	-7.903089986991944
253977.226	300	0.74	-7.903089986991944
254275.334	300	0.745	-7.903089986991944
254847.625	300	0.75	-7.903089986991944
255434.678	300	0.755	-7.903089986991944
255608.391	300	0.76	-7.903089986991944
256406.373	300	0.765	-7.903089986991944
257265.753	300	0.77	-7.903089986991944
258059.83	300	0.775	-7.903089986991944
258338.857	300	0.78	-7.903089986991944
258878.214	300	0.785	-7.903089986991944
259098.528	300	0.79	-7.903089986991944
259364.25	300	0.795	-7.903089986991944
260186.886	300	0.8	-7.903089986991944
260468.622	300	0.805	-7.903089986991944
260923.37	300	0.81	-7.903089986991944
261438.834	300	0.815	-7.903089986991944
261812.717	300	0.82	-7.903089986991944
262224.595	300	0.825	-7.903089986991944
263196.329	300	0.83	-7.903089986991944
263470.11	300	0.835	-7.903089986991944
264322.063	300	0.84	-7.903089986991944
264617.953	300	0.845	-7.903089986991944
265388.071	300	0.85	-7.903089986991944
265572.216	300	0.855	-7.903089986991944
265919.547	300	0.86	-7.903089986991944
267087.613	300	0.865	-7.903089986991944
268050.443	300	0.87	-7.903089986991944
268883.214	300	0.875	-7.903089986991944
269748.634	300	0.88	-7.903089986991944
270787.33	300	0.885	-7.903089986991944
272284.957	300	0.89	-7.903089986991944
273403.928	300	0.895	-7.903089986991944
275105.285	300	0.9	-7.903089986991944
276153.406	300	0.905	-7.903089986991944
277030.735	300	0.91	-7.903089986991944
278832.913	300	0.915	-7.903089986991944
280087.429	300	0.92	-7.903089986991944
281911.102	300	0.925	-7.903089986991944
283170.351	300	0.93	-7.903089986991944
285811.819	300	0.935	-7.903089986991944
288046.629	300	0.94	-7.903089986991944
289985.571	300	0.945	-7.903089986991944
292025.643	300	0.95	-7.903089986991944
293123.308	300	0.955	-7.903089986991944
295077.029	300	0.96	-7.903089986991944
302402.269	300	0.965	-7.903089986991944
309950.535	300	0.97	-7.903089986991944
316259.607	300	0.975	-7.903089986991944
327723.877	300	0.98	-7.903089986991944
334673.263	300	0.985	-7.903089986991944
345413.525	300	0.99	-7.903089986991944
363220.209	300	0.995	-7.903089986991944
247768.679	325	0.5	-7.903089986991944
247998.259	325	0.505	-7.903089986991944
248901.626	325	0.51	-7.903089986991944
249349.684	325	0.515	-7.903089986991944
249569.029	325	0.52	-7.903089986991944
249796.427	325	0.525	-7.903089986991944
250321.862	325	0.53	-7.903089986991944
250548.776	325	0.535	-7.903089986991944
250921.294	325	0.54	-7.903089986991944
251041.075	325	0.545	-7.903089986991944
251319.0	325	0.55	-7.903089986991944
251506.165	325	0.555	-7.903089986991944
251702.291	325	0.56	-7.903089986991944
251898.707	325	0.565	-7.903089986991944
252163.49	325	0.57	-7.903089986991944
252454.193	325	0.575	-7.903089986991944
252753.119	325	0.58	-7.903089986991944
253035.358	325	0.585	-7.903089986991944
253363.781	325	0.59	-7.903089986991944
253816.265	325	0.595	-7.903089986991944
254009.424	325	0.6	-7.903089986991944
254288.385	325	0.605	-7.903089986991944
254600.355	325	0.61	-7.903089986991944
254827.876	325	0.615	-7.903089986991944
255033.499	325	0.62	-7.903089986991944
255526.639	325	0.625	-7.903089986991944
256349.441	325	0.63	-7.903089986991944
256754.469	325	0.635	-7.903089986991944
256955.817	325	0.64	-7.903089986991944
257169.965	325	0.645	-7.903089986991944
257466.268	325	0.65	-7.903089986991944
257705.079	325	0.655	-7.903089986991944
258154.861	325	0.66	-7.903089986991944
258379.298	325	0.665	-7.903089986991944
258763.229	325	0.67	-7.903089986991944
258943.725	325	0.675	-7.903089986991944
259341.794	325	0.68	-7.903089986991944
259803.128	325	0.685	-7.903089986991944
260322.87	325	0.69	-7.903089986991944
260722.493	325	0.695	-7.903089986991944
260969.193	325	0.7	-7.903089986991944
261407.421	325	0.705	-7.903089986991944
261553.541	325	0.71	-7.903089986991944
262026.929	325	0.715	-7.903089986991944
262274.571	325	0.72	-7.903089986991944
262748.691	325	0.725	-7.903089986991944
263253.629	325	0.73	-7.903089986991944
263947.375	325	0.735	-7.903089986991944
264346.039	325	0.74	-7.903089986991944
264671.743	325	0.745	-7.903089986991944
265033.625	325	0.75	-7.903089986991944
265567.37	325	0.755	-7.903089986991944
265782.817	325	0.76	-7.903089986991944
266084.007	325	0.765	-7.903089986991944
266704.257	325	0.77	-7.903089986991944
267077.004	325	0.775	-7.903089986991944
267411.489	325	0.78	-7.903089986991944
267760.214	325	0.785	-7.903089986991944
268700.015	325	0.79	-7.903089986991944
269165.144	325	0.795	-7.903089986991944
269892.314	325	0.8	-7.903089986991944
270968.759	325	0.805	-7.903089986991944
271300.213	325	0.81	-7.903089986991944
271600.94	325	0.815	-7.903089986991944
272062.171	325	0.82	-7.903089986991944
272595.307	325	0.825	-7.903089986991944
273181.367	325	0.83	-7.903089986991944
273768.517	325	0.835	-7.903089986991944
274256.8	325	0.84	-7.903089986991944
274610.501	325	0.845	-7.903089986991944
275272.989	325	0.85	-7.903089986991944
275756.518	325	0.855	-7.903089986991944
276283.257	325	0.86	-7.903089986991944
276578.152	325	0.865	-7.903089986991944
277445.634	325	0.87	-7.903089986991944
277879.946	325	0.875	-7.903089986991944
278732.997	325	0.88	-7.903089986991944
279635.386	325	0.885	-7.903089986991944
280612.254	325	0.89	-7.903089986991944
281063.178	325	0.895	-7.903089986991944
282160.714	325	0.9	-7.903089986991944
282806.979	325	0.905	-7.903089986991944
283574.814	325	0.91	-7.903089986991944
284376.032	325	0.915	-7.903089986991944
284992.391	325	0.92	-7.903089986991944
287416.643	325	0.925	-7.903089986991944
288995.714	325	0.93	-7.903089986991944
289422.426	325	0.935	-7.903089986991944
291691.03	325	0.94	-7.903089986991944
294226.758	325	0.945	-7.903089986991944
297771.061	325	0.95	-7.903089986991944
302619.332	325	0.955	-7.903089986991944
304481.395	325	0.96	-7.903089986991944
306525.955	325	0.965	-7.903089986991944
311578.212	325	0.97	-7.903089986991944
318431.393	325	0.975	-7.903089986991944
332282.183	325	0.98	-7.903089986991944
338447.669	325	0.985	-7.903089986991944
353211.329	325	0.99	-7.903089986991944
381850.543	325	0.995	-7.903089986991944
255069.393	350	0.5	-7.903089986991944
255425.966	350	0.505	-7.903089986991944
255655.535	350	0.51	-7.903089986991944
255825.838	350	0.515	-7.903089986991944
256070.457	350	0.52	-7.903089986991944
256449.462	350	0.525	-7.903089986991944
256874.281	350	0.53	-7.903089986991944
257278.54	350	0.535	-7.903089986991944
257413.671	350	0.54	-7.903089986991944
257485.368	350	0.545	-7.903089986991944
257610.968	350	0.55	-7.903089986991944
257974.5	350	0.555	-7.903089986991944
258443.926	350	0.56	-7.903089986991944
258729.507	350	0.565	-7.903089986991944
258960.9	350	0.57	-7.903089986991944
259325.107	350	0.575	-7.903089986991944
259546.829	350	0.58	-7.903089986991944
259778.401	350	0.585	-7.903089986991944
260007.256	350	0.59	-7.903089986991944
260434.643	350	0.595	-7.903089986991944
260716.657	350	0.6	-7.903089986991944
260869.842	350	0.605	-7.903089986991944
261002.574	350	0.61	-7.903089986991944
261251.907	350	0.615	-7.903089986991944
261578.863	350	0.62	-7.903089986991944
261919.929	350	0.625	-7.903089986991944
262121.906	350	0.63	-7.903089986991944
262583.217	350	0.635	-7.903089986991944
263169.257	350	0.64	-7.903089986991944
263400.75	350	0.645	-7.903089986991944
263678.093	350	0.65	-7.903089986991944
264213.93	350	0.655	-7.903089986991944
264581.161	350	0.66	-7.903089986991944
264868.985	350	0.665	-7.903089986991944
265126.3	350	0.67	-7.903089986991944
265502.154	350	0.675	-7.903089986991944
265922.651	350	0.68	-7.903089986991944
266434.593	350	0.685	-7.903089986991944
266708.643	350	0.69	-7.903089986991944
266943.286	350	0.695	-7.903089986991944
267241.714	350	0.7	-7.903089986991944
267493.279	350	0.705	-7.903089986991944
267817.769	350	0.71	-7.903089986991944
268276.671	350	0.715	-7.903089986991944
268678.371	350	0.72	-7.903089986991944
269411.104	350	0.725	-7.903089986991944
269841.995	350	0.73	-7.903089986991944
270442.3	350	0.735	-7.903089986991944
270746.59	350	0.74	-7.903089986991944
271002.266	350	0.745	-7.903089986991944
271575.714	350	0.75	-7.903089986991944
272056.06	350	0.755	-7.903089986991944
272737.597	350	0.76	-7.903089986991944
272892.686	350	0.765	-7.903089986991944
273185.671	350	0.77	-7.903089986991944
273857.53	350	0.775	-7.903089986991944
274730.543	350	0.78	-7.903089986991944
275126.349	350	0.785	-7.903089986991944
275440.286	350	0.79	-7.903089986991944
276267.271	350	0.795	-7.903089986991944
276622.286	350	0.8	-7.903089986991944
277159.279	350	0.805	-7.903089986991944
278110.403	350	0.81	-7.903089986991944
278444.865	350	0.815	-7.903089986991944
278802.713	350	0.82	-7.903089986991944
279197.198	350	0.825	-7.903089986991944
279549.806	350	0.83	-7.903089986991944
280123.808	350	0.835	-7.903089986991944
280718.914	350	0.84	-7.903089986991944
281571.776	350	0.845	-7.903089986991944
282126.521	350	0.85	-7.903089986991944
283423.49	350	0.855	-7.903089986991944
283979.44	350	0.86	-7.903089986991944
284250.352	350	0.865	-7.903089986991944
285094.314	350	0.87	-7.903089986991944
285402.214	350	0.875	-7.903089986991944
286254.62	350	0.88	-7.903089986991944
287241.5	350	0.885	-7.903089986991944
288618.514	350	0.89	-7.903089986991944
290130.707	350	0.895	-7.903089986991944
290866.714	350	0.9	-7.903089986991944
291454.007	350	0.905	-7.903089986991944
293204.215	350	0.91	-7.903089986991944
294334.529	350	0.915	-7.903089986991944
295513.714	350	0.92	-7.903089986991944
298226.516	350	0.925	-7.903089986991944
299380.319	350	0.93	-7.903089986991944
300999.114	350	0.935	-7.903089986991944
302506.143	350	0.94	-7.903089986991944
304692.807	350	0.945	-7.903089986991944
306400.861	350	0.95	-7.903089986991944
309044.95	350	0.955	-7.903089986991944
313314.971	350	0.96	-7.903089986991944
315157.604	350	0.965	-7.903089986991944
318893.631	350	0.97	-7.903089986991944
323482.382	350	0.975	-7.903089986991944
330829.471	350	0.98	-7.903089986991944
341084.964	350	0.985	-7.903089986991944
354527.444	350	0.99	-7.903089986991944
375057.25	350	0.995	-7.903089986991944
263707.143	375	0.5	-7.903089986991944
263947.187	375	0.505	-7.903089986991944
264070.314	375	0.51	-7.903089986991944
264537.707	375	0.515	-7.903089986991944
264939.84	375	0.52	-7.903089986991944
265154.214	375	0.525	-7.903089986991944
265472.781	375	0.53	-7.903089986991944
265983.35	375	0.535	-7.903089986991944
266371.09	375	0.54	-7.903089986991944
266770.875	375	0.545	-7.903089986991944
267041.311	375	0.55	-7.903089986991944
267354.324	375	0.555	-7.903089986991944
267494.269	375	0.56	-7.903089986991944
267617.891	375	0.565	-7.903089986991944
267891.273	375	0.57	-7.903089986991944
268315.107	375	0.575	-7.903089986991944
268618.431	375	0.58	-7.903089986991944
269023.375	375	0.585	-7.903089986991944
269365.128	375	0.59	-7.903089986991944
269592.543	375	0.595	-7.903089986991944
269902.743	375	0.6	-7.903089986991944
270027.407	375	0.605	-7.903089986991944
270347.014	375	0.61	-7.903089986991944
270946.038	375	0.615	-7.903089986991944
271216.941	375	0.62	-7.903089986991944
271404.545	375	0.625	-7.903089986991944
271873.379	375	0.63	-7.903089986991944
272240.126	375	0.635	-7.903089986991944
272618.317	375	0.64	-7.903089986991944
273000.836	375	0.645	-7.903089986991944
273546.643	375	0.65	-7.903089986991944
274016.286	375	0.655	-7.903089986991944
274353.487	375	0.66	-7.903089986991944
274493.9	375	0.665	-7.903089986991944
274802.5	375	0.67	-7.903089986991944
275411.595	375	0.675	-7.903089986991944
275810.929	375	0.68	-7.903089986991944
275993.758	375	0.685	-7.903089986991944
276311.465	375	0.69	-7.903089986991944
276984.564	375	0.695	-7.903089986991944
277132.664	375	0.7	-7.903089986991944
277626.814	375	0.705	-7.903089986991944
277852.379	375	0.71	-7.903089986991944
278723.023	375	0.715	-7.903089986991944
279148.057	375	0.72	-7.903089986991944
279761.825	375	0.725	-7.903089986991944
280084.766	375	0.73	-7.903089986991944
280258.281	375	0.735	-7.903089986991944
280610.113	375	0.74	-7.903089986991944
281748.547	375	0.745	-7.903089986991944
282359.339	375	0.75	-7.903089986991944
283318.906	375	0.755	-7.903089986991944
284095.829	375	0.76	-7.903089986991944
284228.848	375	0.765	-7.903089986991944
284736.686	375	0.77	-7.903089986991944
285078.607	375	0.775	-7.903089986991944
285492.744	375	0.78	-7.903089986991944
285793.271	375	0.785	-7.903089986991944
286437.787	375	0.79	-7.903089986991944
287146.737	375	0.795	-7.903089986991944
288008.505	375	0.8	-7.903089986991944
288682.235	375	0.805	-7.903089986991944
289305.184	375	0.81	-7.903089986991944
289823.007	375	0.815	-7.903089986991944
290009.657	375	0.82	-7.903089986991944
290502.479	375	0.825	-7.903089986991944
290672.906	375	0.83	-7.903089986991944
291158.264	375	0.835	-7.903089986991944
291847.737	375	0.84	-7.903089986991944
292229.025	375	0.845	-7.903089986991944
294137.577	375	0.85	-7.903089986991944
294764.975	375	0.855	-7.903089986991944
296380.13	375	0.86	-7.903089986991944
297001.386	375	0.865	-7.903089986991944
297332.134	375	0.87	-7.903089986991944
298340.063	375	0.875	-7.903089986991944
299328.48	375	0.88	-7.903089986991944
299936.04	375	0.885	-7.903089986991944
300989.641	375	0.89	-7.903089986991944
301962.4	375	0.895	-7.903089986991944
303336.943	375	0.9	-7.903089986991944
303946.942	375	0.905	-7.903089986991944
305091.999	375	0.91	-7.903089986991944
306966.158	375	0.915	-7.903089986991944
308798.577	375	0.92	-7.903089986991944
310281.546	375	0.925	-7.903089986991944
312400.638	375	0.93	-7.903089986991944
315443.298	375	0.935	-7.903089986991944
318983.54	375	0.94	-7.903089986991944
321474.221	375	0.945	-7.903089986991944
324328.564	375	0.95	-7.903089986991944
327562.018	375	0.955	-7.903089986991944
331230.977	375	0.96	-7.903089986991944
336610.459	375	0.965	-7.903089986991944
343766.211	375	0.97	-7.903089986991944
348864.321	375	0.975	-7.903089986991944
356707.943	375	0.98	-7.903089986991944
367326.4	375	0.985	-7.903089986991944
385539.114	375	0.99	-7.903089986991944
407325.526	375	0.995	-7.903089986991944
270910.275	400	0.5	-7.903089986991944
271194.371	400	0.505	-7.903089986991944
271664.941	400	0.51	-7.903089986991944
271985.656	400	0.515	-7.903089986991944
272544.126	400	0.52	-7.903089986991944
273028.073	400	0.525	-7.903089986991944
273206.976	400	0.53	-7.903089986991944
273583.112	400	0.535	-7.903089986991944
273815.169	400	0.54	-7.903089986991944
274034.521	400	0.545	-7.903089986991944
274240.471	400	0.55	-7.903089986991944
274649.421	400	0.555	-7.903089986991944
274880.606	400	0.56	-7.903089986991944
275055.035	400	0.565	-7.903089986991944
275247.0	400	0.57	-7.903089986991944
275436.321	400	0.575	-7.903089986991944
275531.299	400	0.58	-7.903089986991944
275869.83	400	0.585	-7.903089986991944
276363.332	400	0.59	-7.903089986991944
276697.123	400	0.595	-7.903089986991944
276935.143	400	0.6	-7.903089986991944
277087.345	400	0.605	-7.903089986991944
277373.244	400	0.61	-7.903089986991944
277812.857	400	0.615	-7.903089986991944
278103.974	400	0.62	-7.903089986991944
278495.384	400	0.625	-7.903089986991944
278700.286	400	0.63	-7.903089986991944
279021.414	400	0.635	-7.903089986991944
279283.657	400	0.64	-7.903089986991944
279524.243	400	0.645	-7.903089986991944
279855.071	400	0.65	-7.903089986991944
280335.521	400	0.655	-7.903089986991944
280514.996	400	0.66	-7.903089986991944
280692.184	400	0.665	-7.903089986991944
280950.9	400	0.67	-7.903089986991944
281295.239	400	0.675	-7.903089986991944
281905.394	400	0.68	-7.903089986991944
282299.029	400	0.685	-7.903089986991944
282752.586	400	0.69	-7.903089986991944
283213.929	400	0.695	-7.903089986991944
283641.857	400	0.7	-7.903089986991944
283898.407	400	0.705	-7.903089986991944
284267.894	400	0.71	-7.903089986991944
284754.535	400	0.715	-7.903089986991944
285025.983	400	0.72	-7.903089986991944
285490.143	400	0.725	-7.903089986991944
285809.171	400	0.73	-7.903089986991944
286140.009	400	0.735	-7.903089986991944
286572.134	400	0.74	-7.903089986991944
286903.561	400	0.745	-7.903089986991944
287169.286	400	0.75	-7.903089986991944
287495.434	400	0.755	-7.903089986991944
287759.78	400	0.76	-7.903089986991944
288264.476	400	0.765	-7.903089986991944
289099.126	400	0.77	-7.903089986991944
289651.016	400	0.775	-7.903089986991944
290144.514	400	0.78	-7.903089986991944
290502.462	400	0.785	-7.903089986991944
290810.429	400	0.79	-7.903089986991944
292165.265	400	0.795	-7.903089986991944
292415.129	400	0.8	-7.903089986991944
292679.993	400	0.805	-7.903089986991944
293221.699	400	0.81	-7.903089986991944
293974.291	400	0.815	-7.903089986991944
294872.74	400	0.82	-7.903089986991944
295427.179	400	0.825	-7.903089986991944
296006.331	400	0.83	-7.903089986991944
296757.758	400	0.835	-7.903089986991944
297818.177	400	0.84	-7.903089986991944
299009.661	400	0.845	-7.903089986991944
299748.693	400	0.85	-7.903089986991944
302668.227	400	0.855	-7.903089986991944
304482.01	400	0.86	-7.903089986991944
304803.036	400	0.865	-7.903089986991944
305522.557	400	0.87	-7.903089986991944
306176.786	400	0.875	-7.903089986991944
307340.343	400	0.88	-7.903089986991944
309807.293	400	0.885	-7.903089986991944
310366.565	400	0.89	-7.903089986991944
311763.987	400	0.895	-7.903089986991944
313753.364	400	0.9	-7.903089986991944
314939.422	400	0.905	-7.903089986991944
315415.157	400	0.91	-7.903089986991944
316581.414	400	0.915	-7.903089986991944
318282.24	400	0.92	-7.903089986991944
321002.959	400	0.925	-7.903089986991944
321930.0	400	0.93	-7.903089986991944
323408.069	400	0.935	-7.903089986991944
325305.171	400	0.94	-7.903089986991944
327785.205	400	0.945	-7.903089986991944
328952.921	400	0.95	-7.903089986991944
331987.235	400	0.955	-7.903089986991944
339410.686	400	0.96	-7.903089986991944
343642.4	400	0.965	-7.903089986991944
348774.214	400	0.97	-7.903089986991944
351952.321	400	0.975	-7.903089986991944
368268.441	400	0.98	-7.903089986991944
376519.761	400	0.985	-7.903089986991944
393187.814	400	0.99	-7.903089986991944
459226.1	400	0.995	-7.903089986991944
279183.571	425	0.5	-7.903089986991944
279542.314	425	0.505	-7.903089986991944
280059.035	425	0.51	-7.903089986991944
280319.829	425	0.515	-7.903089986991944
280494.217	425	0.52	-7.903089986991944
280673.071	425	0.525	-7.903089986991944
281662.829	425	0.53	-7.903089986991944
281877.671	425	0.535	-7.903089986991944
282172.85	425	0.54	-7.903089986991944
282373.181	425	0.545	-7.903089986991944
282798.571	425	0.55	-7.903089986991944
283151.329	425	0.555	-7.903089986991944
283349.429	425	0.56	-7.903089986991944
283514.0	425	0.565	-7.903089986991944
283861.745	425	0.57	-7.903089986991944
284006.821	425	0.575	-7.903089986991944
284482.543	425	0.58	-7.903089986991944
284685.242	425	0.585	-7.903089986991944
285309.114	425	0.59	-7.903089986991944
285849.671	425	0.595	-7.903089986991944
286198.029	425	0.6	-7.903089986991944
286405.028	425	0.605	-7.903089986991944
286573.201	425	0.61	-7.903089986991944
286899.121	425	0.615	-7.903089986991944
287173.709	425	0.62	-7.903089986991944
287724.509	425	0.625	-7.903089986991944
288142.161	425	0.63	-7.903089986991944
288520.655	425	0.635	-7.903089986991944
289107.474	425	0.64	-7.903089986991944
289322.614	425	0.645	-7.903089986991944
289492.379	425	0.65	-7.903089986991944
289600.792	425	0.655	-7.903089986991944
289914.01	425	0.66	-7.903089986991944
290091.483	425	0.665	-7.903089986991944
290538.648	425	0.67	-7.903089986991944
290934.714	425	0.675	-7.903089986991944
291459.257	425	0.68	-7.903089986991944
291883.594	425	0.685	-7.903089986991944
292192.422	425	0.69	-7.903089986991944
292583.071	425	0.695	-7.903089986991944
293147.077	425	0.7	-7.903089986991944
293657.7	425	0.705	-7.903089986991944
293848.751	425	0.71	-7.903089986991944
294380.664	425	0.715	-7.903089986991944
294524.166	425	0.72	-7.903089986991944
295066.475	425	0.725	-7.903089986991944
295724.014	425	0.73	-7.903089986991944
296048.207	425	0.735	-7.903089986991944
296416.429	425	0.74	-7.903089986991944
296778.334	425	0.745	-7.903089986991944
297176.161	425	0.75	-7.903089986991944
297820.886	425	0.755	-7.903089986991944
298297.76	425	0.76	-7.903089986991944
298854.916	425	0.765	-7.903089986991944
299312.986	425	0.77	-7.903089986991944
300081.964	425	0.775	-7.903089986991944
300382.879	425	0.78	-7.903089986991944
301271.312	425	0.785	-7.903089986991944
301828.843	425	0.79	-7.903089986991944
302658.756	425	0.795	-7.903089986991944
303372.857	425	0.8	-7.903089986991944
304056.336	425	0.805	-7.903089986991944
304735.971	425	0.81	-7.903089986991944
305431.814	425	0.815	-7.903089986991944
306029.794	425	0.82	-7.903089986991944
306837.939	425	0.825	-7.903089986991944
307263.171	425	0.83	-7.903089986991944
308069.867	425	0.835	-7.903089986991944
308907.031	425	0.84	-7.903089986991944
310189.007	425	0.845	-7.903089986991944
310695.425	425	0.85	-7.903089986991944
311669.264	425	0.855	-7.903089986991944
312990.894	425	0.86	-7.903089986991944
314200.888	425	0.865	-7.903089986991944
314973.051	425	0.87	-7.903089986991944
317296.027	425	0.875	-7.903089986991944
319375.269	425	0.88	-7.903089986991944
321826.0	425	0.885	-7.903089986991944
323685.729	425	0.89	-7.903089986991944
324471.243	425	0.895	-7.903089986991944
326105.207	425	0.9	-7.903089986991944
327297.518	425	0.905	-7.903089986991944
329104.72	425	0.91	-7.903089986991944
329777.241	425	0.915	-7.903089986991944
330703.954	425	0.92	-7.903089986991944
332489.643	425	0.925	-7.903089986991944
335315.6	425	0.93	-7.903089986991944
336718.814	425	0.935	-7.903089986991944
338859.376	425	0.94	-7.903089986991944
341960.186	425	0.945	-7.903089986991944
345358.857	425	0.95	-7.903089986991944
349547.303	425	0.955	-7.903089986991944
355394.003	425	0.96	-7.903089986991944
358611.25	425	0.965	-7.903089986991944
370784.155	425	0.97	-7.903089986991944
392907.391	425	0.975	-7.903089986991944
406439.171	425	0.98	-7.903089986991944
425534.85	425	0.985	-7.903089986991944
428210.629	425	0.99	-7.903089986991944
455972.244	425	0.995	-7.903089986991944
285373.607	450	0.5	-7.903089986991944
285635.457	450	0.505	-7.903089986991944
286109.808	450	0.51	-7.903089986991944
286439.4	450	0.515	-7.903089986991944
286880.206	450	0.52	-7.903089986991944
287275.716	450	0.525	-7.903089986991944
287788.914	450	0.53	-7.903089986991944
288070.831	450	0.535	-7.903089986991944
288479.397	450	0.54	-7.903089986991944
288686.407	450	0.545	-7.903089986991944
289177.0	450	0.55	-7.903089986991944
289476.843	450	0.555	-7.903089986991944
289719.803	450	0.56	-7.903089986991944
290456.464	450	0.565	-7.903089986991944
290608.676	450	0.57	-7.903089986991944
290928.755	450	0.575	-7.903089986991944
291076.259	450	0.58	-7.903089986991944
291333.584	450	0.585	-7.903089986991944
291707.159	450	0.59	-7.903089986991944
291800.065	450	0.595	-7.903089986991944
292164.486	450	0.6	-7.903089986991944
292633.227	450	0.605	-7.903089986991944
292882.201	450	0.61	-7.903089986991944
293308.871	450	0.615	-7.903089986991944
293850.834	450	0.62	-7.903089986991944
294196.607	450	0.625	-7.903089986991944
294616.714	450	0.63	-7.903089986991944
294979.0	450	0.635	-7.903089986991944
295220.717	450	0.64	-7.903089986991944
295432.875	450	0.645	-7.903089986991944
296082.454	450	0.65	-7.903089986991944
296852.907	450	0.655	-7.903089986991944
297434.841	450	0.66	-7.903089986991944
297821.809	450	0.665	-7.903089986991944
298356.209	450	0.67	-7.903089986991944
298678.75	450	0.675	-7.903089986991944
298961.6	450	0.68	-7.903089986991944
299662.244	450	0.685	-7.903089986991944
300118.8	450	0.69	-7.903089986991944
300570.165	450	0.695	-7.903089986991944
301196.193	450	0.7	-7.903089986991944
301429.264	450	0.705	-7.903089986991944
302353.551	450	0.71	-7.903089986991944
302942.613	450	0.715	-7.903089986991944
303341.166	450	0.72	-7.903089986991944
304284.671	450	0.725	-7.903089986991944
304822.024	450	0.73	-7.903089986991944
305218.647	450	0.735	-7.903089986991944
305430.144	450	0.74	-7.903089986991944
305939.517	450	0.745	-7.903089986991944
306365.768	450	0.75	-7.903089986991944
306659.886	450	0.755	-7.903089986991944
306956.589	450	0.76	-7.903089986991944
307349.55	450	0.765	-7.903089986991944
307927.691	450	0.77	-7.903089986991944
308358.454	450	0.775	-7.903089986991944
308846.24	450	0.78	-7.903089986991944
310194.607	450	0.785	-7.903089986991944
311189.015	450	0.79	-7.903089986991944
312813.926	450	0.795	-7.903089986991944
313482.914	450	0.8	-7.903089986991944
313778.8	450	0.805	-7.903089986991944
314269.199	450	0.81	-7.903089986991944
314605.495	450	0.815	-7.903089986991944
314842.516	450	0.82	-7.903089986991944
315436.071	450	0.825	-7.903089986991944
316199.233	450	0.83	-7.903089986991944
316870.509	450	0.835	-7.903089986991944
317401.029	450	0.84	-7.903089986991944
318056.903	450	0.845	-7.903089986991944
318789.325	450	0.85	-7.903089986991944
320323.357	450	0.855	-7.903089986991944
320779.714	450	0.86	-7.903089986991944
322358.1	450	0.865	-7.903089986991944
323934.476	450	0.87	-7.903089986991944
324793.277	450	0.875	-7.903089986991944
326048.294	450	0.88	-7.903089986991944
326635.765	450	0.885	-7.903089986991944
327498.8	450	0.89	-7.903089986991944
328614.171	450	0.895	-7.903089986991944
330038.857	450	0.9	-7.903089986991944
331306.157	450	0.905	-7.903089986991944
332780.721	450	0.91	-7.903089986991944
334329.883	450	0.915	-7.903089986991944
336986.794	450	0.92	-7.903089986991944
339770.929	450	0.925	-7.903089986991944
342057.172	450	0.93	-7.903089986991944
342910.1	450	0.935	-7.903089986991944
345180.184	450	0.94	-7.903089986991944
346089.543	450	0.945	-7.903089986991944
348788.789	450	0.95	-7.903089986991944
351578.953	450	0.955	-7.903089986991944
354914.474	450	0.96	-7.903089986991944
361046.562	450	0.965	-7.903089986991944
369318.171	450	0.97	-7.903089986991944
377618.286	450	0.975	-7.903089986991944
386421.681	450	0.98	-7.903089986991944
407866.461	450	0.985	-7.903089986991944
445744.173	450	0.99	-7.903089986991944
476461.457	450	0.995	-7.903089986991944
