S*_score	SNP_num	quantile	log(local_recomb_rate)
115353.333	25	0.5	-7.903089986991944
115946.907	25	0.505	-7.903089986991944
116492.81	25	0.51	-7.903089986991944
117597.752	25	0.515	-7.903089986991944
117953.28	25	0.52	-7.903089986991944
118596.909	25	0.525	-7.903089986991944
118831.594	25	0.53	-7.903089986991944
119293.08	25	0.535	-7.903089986991944
120543.64	25	0.54	-7.903089986991944
120985.899	25	0.545	-7.903089986991944
121312.4	25	0.55	-7.903089986991944
122061.178	25	0.555	-7.903089986991944
122708.914	25	0.56	-7.903089986991944
123266.658	25	0.565	-7.903089986991944
124063.695	25	0.57	-7.903089986991944
124666.5	25	0.575	-7.903089986991944
125094.4	25	0.58	-7.903089986991944
125444.8	25	0.585	-7.903089986991944
126205.133	25	0.59	-7.903089986991944
127093.6	25	0.595	-7.903089986991944
127736.667	25	0.6	-7.903089986991944
128176.35	25	0.605	-7.903089986991944
129154.427	25	0.61	-7.903089986991944
129778.711	25	0.615	-7.903089986991944
130182.453	25	0.62	-7.903089986991944
130682.857	25	0.625	-7.903089986991944
131540.291	25	0.63	-7.903089986991944
132055.1	25	0.635	-7.903089986991944
132537.324	25	0.64	-7.903089986991944
132684.1	25	0.645	-7.903089986991944
134089.97	25	0.65	-7.903089986991944
134512.379	25	0.655	-7.903089986991944
134951.6	25	0.66	-7.903089986991944
135737.1	25	0.665	-7.903089986991944
136408.0	25	0.67	-7.903089986991944
136813.786	25	0.675	-7.903089986991944
136915.027	25	0.68	-7.903089986991944
137190.691	25	0.685	-7.903089986991944
137690.0	25	0.69	-7.903089986991944
138799.867	25	0.695	-7.903089986991944
139686.5	25	0.7	-7.903089986991944
140569.7	25	0.705	-7.903089986991944
140850.8	25	0.71	-7.903089986991944
141119.432	25	0.715	-7.903089986991944
141296.911	25	0.72	-7.903089986991944
141842.0	25	0.725	-7.903089986991944
143378.242	25	0.73	-7.903089986991944
144005.2	25	0.735	-7.903089986991944
144513.467	25	0.74	-7.903089986991944
144799.96	25	0.745	-7.903089986991944
145441.75	25	0.75	-7.903089986991944
146000.2	25	0.755	-7.903089986991944
146965.44	25	0.76	-7.903089986991944
147427.433	25	0.765	-7.903089986991944
147972.6	25	0.77	-7.903089986991944
148835.5	25	0.775	-7.903089986991944
149354.144	25	0.78	-7.903089986991944
150072.697	25	0.785	-7.903089986991944
150570.8	25	0.79	-7.903089986991944
151397.267	25	0.795	-7.903089986991944
152238.4	25	0.8	-7.903089986991944
152981.767	25	0.805	-7.903089986991944
154021.4	25	0.81	-7.903089986991944
154597.933	25	0.815	-7.903089986991944
155434.4	25	0.82	-7.903089986991944
156248.07	25	0.825	-7.903089986991944
156420.0	25	0.83	-7.903089986991944
156802.9	25	0.835	-7.903089986991944
157488.4	25	0.84	-7.903089986991944
159031.35	25	0.845	-7.903089986991944
159940.0	25	0.85	-7.903089986991944
160379.66	25	0.855	-7.903089986991944
160774.933	25	0.86	-7.903089986991944
160993.29	25	0.865	-7.903089986991944
161293.2	25	0.87	-7.903089986991944
161697.308	25	0.875	-7.903089986991944
162620.19	25	0.88	-7.903089986991944
163482.477	25	0.885	-7.903089986991944
164434.133	25	0.89	-7.903089986991944
165080.956	25	0.895	-7.903089986991944
165688.8	25	0.9	-7.903089986991944
166478.4	25	0.905	-7.903089986991944
167842.0	25	0.91	-7.903089986991944
170258.236	25	0.915	-7.903089986991944
171040.2	25	0.92	-7.903089986991944
171930.042	25	0.925	-7.903089986991944
174177.2	25	0.93	-7.903089986991944
175477.9	25	0.935	-7.903089986991944
177017.6	25	0.94	-7.903089986991944
178200.065	25	0.945	-7.903089986991944
178749.433	25	0.95	-7.903089986991944
181712.689	25	0.955	-7.903089986991944
183875.2	25	0.96	-7.903089986991944
185858.186	25	0.965	-7.903089986991944
186676.4	25	0.97	-7.903089986991944
189878.0	25	0.975	-7.903089986991944
193643.265	25	0.98	-7.903089986991944
201337.508	25	0.985	-7.903089986991944
205815.2	25	0.99	-7.903089986991944
207507.15	25	0.995	-7.903089986991944
129073.333	50	0.5	-7.903089986991944
129540.88	50	0.505	-7.903089986991944
129893.083	50	0.51	-7.903089986991944
130578.24	50	0.515	-7.903089986991944
131048.533	50	0.52	-7.903089986991944
131505.127	50	0.525	-7.903089986991944
131688.667	50	0.53	-7.903089986991944
132877.052	50	0.535	-7.903089986991944
133190.462	50	0.54	-7.903089986991944
133403.767	50	0.545	-7.903089986991944
133774.917	50	0.55	-7.903089986991944
134185.466	50	0.555	-7.903089986991944
135212.328	50	0.56	-7.903089986991944
135578.413	50	0.565	-7.903089986991944
136047.18	50	0.57	-7.903089986991944
136832.007	50	0.575	-7.903089986991944
137658.134	50	0.58	-7.903089986991944
138031.898	50	0.585	-7.903089986991944
138248.375	50	0.59	-7.903089986991944
138652.761	50	0.595	-7.903089986991944
139257.714	50	0.6	-7.903089986991944
140017.163	50	0.605	-7.903089986991944
140477.067	50	0.61	-7.903089986991944
140716.25	50	0.615	-7.903089986991944
141054.642	50	0.62	-7.903089986991944
141494.292	50	0.625	-7.903089986991944
141702.198	50	0.63	-7.903089986991944
142334.801	50	0.635	-7.903089986991944
142788.263	50	0.64	-7.903089986991944
143159.867	50	0.645	-7.903089986991944
143622.946	50	0.65	-7.903089986991944
144017.562	50	0.655	-7.903089986991944
144296.538	50	0.66	-7.903089986991944
144395.253	50	0.665	-7.903089986991944
144631.734	50	0.67	-7.903089986991944
144860.917	50	0.675	-7.903089986991944
145171.263	50	0.68	-7.903089986991944
145866.341	50	0.685	-7.903089986991944
146551.5	50	0.69	-7.903089986991944
146888.82	50	0.695	-7.903089986991944
147570.051	50	0.7	-7.903089986991944
148662.6	50	0.705	-7.903089986991944
149077.321	50	0.71	-7.903089986991944
149519.509	50	0.715	-7.903089986991944
149932.171	50	0.72	-7.903089986991944
150163.714	50	0.725	-7.903089986991944
150351.829	50	0.73	-7.903089986991944
150614.904	50	0.735	-7.903089986991944
151480.402	50	0.74	-7.903089986991944
151799.42	50	0.745	-7.903089986991944
152154.0	50	0.75	-7.903089986991944
152519.18	50	0.755	-7.903089986991944
153168.914	50	0.76	-7.903089986991944
153645.616	50	0.765	-7.903089986991944
154335.705	50	0.77	-7.903089986991944
154800.333	50	0.775	-7.903089986991944
155309.063	50	0.78	-7.903089986991944
155505.9	50	0.785	-7.903089986991944
156564.633	50	0.79	-7.903089986991944
157186.6	50	0.795	-7.903089986991944
158697.167	50	0.8	-7.903089986991944
159410.54	50	0.805	-7.903089986991944
159982.009	50	0.81	-7.903089986991944
161267.557	50	0.815	-7.903089986991944
161949.483	50	0.82	-7.903089986991944
162402.2	50	0.825	-7.903089986991944
163123.371	50	0.83	-7.903089986991944
163438.796	50	0.835	-7.903089986991944
164516.0	50	0.84	-7.903089986991944
165424.387	50	0.845	-7.903089986991944
165824.136	50	0.85	-7.903089986991944
166418.968	50	0.855	-7.903089986991944
166994.897	50	0.86	-7.903089986991944
168159.727	50	0.865	-7.903089986991944
168603.22	50	0.87	-7.903089986991944
170245.308	50	0.875	-7.903089986991944
170801.28	50	0.88	-7.903089986991944
171603.958	50	0.885	-7.903089986991944
172229.527	50	0.89	-7.903089986991944
173054.123	50	0.895	-7.903089986991944
173759.571	50	0.9	-7.903089986991944
174444.613	50	0.905	-7.903089986991944
175128.18	50	0.91	-7.903089986991944
176732.285	50	0.915	-7.903089986991944
177775.388	50	0.92	-7.903089986991944
179194.45	50	0.925	-7.903089986991944
179726.638	50	0.93	-7.903089986991944
181575.283	50	0.935	-7.903089986991944
182901.8	50	0.94	-7.903089986991944
184669.45	50	0.945	-7.903089986991944
185769.167	50	0.95	-7.903089986991944
189762.833	50	0.955	-7.903089986991944
192238.585	50	0.96	-7.903089986991944
194131.43	50	0.965	-7.903089986991944
198131.6	50	0.97	-7.903089986991944
200838.0	50	0.975	-7.903089986991944
201641.68	50	0.98	-7.903089986991944
205773.514	50	0.985	-7.903089986991944
219363.276	50	0.99	-7.903089986991944
225982.995	50	0.995	-7.903089986991944
148159.714	75	0.5	-7.903089986991944
148642.054	75	0.505	-7.903089986991944
148978.889	75	0.51	-7.903089986991944
149281.012	75	0.515	-7.903089986991944
149685.15	75	0.52	-7.903089986991944
149853.286	75	0.525	-7.903089986991944
150194.571	75	0.53	-7.903089986991944
150391.154	75	0.535	-7.903089986991944
151044.293	75	0.54	-7.903089986991944
151691.342	75	0.545	-7.903089986991944
151980.455	75	0.55	-7.903089986991944
152186.918	75	0.555	-7.903089986991944
152742.6	75	0.56	-7.903089986991944
153218.635	75	0.565	-7.903089986991944
153646.793	75	0.57	-7.903089986991944
154144.159	75	0.575	-7.903089986991944
154544.275	75	0.58	-7.903089986991944
154941.678	75	0.585	-7.903089986991944
155321.576	75	0.59	-7.903089986991944
155620.821	75	0.595	-7.903089986991944
155713.429	75	0.6	-7.903089986991944
156168.505	75	0.605	-7.903089986991944
156573.893	75	0.61	-7.903089986991944
157091.224	75	0.615	-7.903089986991944
157461.493	75	0.62	-7.903089986991944
157746.705	75	0.625	-7.903089986991944
158202.0	75	0.63	-7.903089986991944
158751.9	75	0.635	-7.903089986991944
159105.576	75	0.64	-7.903089986991944
159286.185	75	0.645	-7.903089986991944
159786.484	75	0.65	-7.903089986991944
160475.679	75	0.655	-7.903089986991944
161029.897	75	0.66	-7.903089986991944
161479.01	75	0.665	-7.903089986991944
161778.145	75	0.67	-7.903089986991944
162233.75	75	0.675	-7.903089986991944
162597.482	75	0.68	-7.903089986991944
162973.78	75	0.685	-7.903089986991944
163233.844	75	0.69	-7.903089986991944
163609.083	75	0.695	-7.903089986991944
163810.016	75	0.7	-7.903089986991944
164041.316	75	0.705	-7.903089986991944
164813.872	75	0.71	-7.903089986991944
165241.95	75	0.715	-7.903089986991944
166005.371	75	0.72	-7.903089986991944
166488.134	75	0.725	-7.903089986991944
166773.45	75	0.73	-7.903089986991944
167018.372	75	0.735	-7.903089986991944
167252.438	75	0.74	-7.903089986991944
167846.5	75	0.745	-7.903089986991944
168071.496	75	0.75	-7.903089986991944
168304.745	75	0.755	-7.903089986991944
169052.889	75	0.76	-7.903089986991944
169681.75	75	0.765	-7.903089986991944
170133.143	75	0.77	-7.903089986991944
170517.001	75	0.775	-7.903089986991944
171607.56	75	0.78	-7.903089986991944
171904.132	75	0.785	-7.903089986991944
172262.729	75	0.79	-7.903089986991944
172795.679	75	0.795	-7.903089986991944
173355.091	75	0.8	-7.903089986991944
174226.875	75	0.805	-7.903089986991944
174867.546	75	0.81	-7.903089986991944
175297.157	75	0.815	-7.903089986991944
176281.388	75	0.82	-7.903089986991944
176643.214	75	0.825	-7.903089986991944
176906.446	75	0.83	-7.903089986991944
178016.25	75	0.835	-7.903089986991944
178483.843	75	0.84	-7.903089986991944
178999.743	75	0.845	-7.903089986991944
179323.571	75	0.85	-7.903089986991944
179715.588	75	0.855	-7.903089986991944
180736.95	75	0.86	-7.903089986991944
181887.941	75	0.865	-7.903089986991944
182595.781	75	0.87	-7.903089986991944
183321.786	75	0.875	-7.903089986991944
183786.11	75	0.88	-7.903089986991944
184340.952	75	0.885	-7.903089986991944
184879.071	75	0.89	-7.903089986991944
185688.154	75	0.895	-7.903089986991944
186427.26	75	0.9	-7.903089986991944
187179.714	75	0.905	-7.903089986991944
188240.318	75	0.91	-7.903089986991944
188819.732	75	0.915	-7.903089986991944
191301.289	75	0.92	-7.903089986991944
192099.866	75	0.925	-7.903089986991944
193380.484	75	0.93	-7.903089986991944
194943.882	75	0.935	-7.903089986991944
197076.231	75	0.94	-7.903089986991944
197887.196	75	0.945	-7.903089986991944
198671.071	75	0.95	-7.903089986991944
200798.089	75	0.955	-7.903089986991944
203770.229	75	0.96	-7.903089986991944
204548.346	75	0.965	-7.903089986991944
205870.929	75	0.97	-7.903089986991944
207531.101	75	0.975	-7.903089986991944
211531.414	75	0.98	-7.903089986991944
218563.357	75	0.985	-7.903089986991944
230225.496	75	0.99	-7.903089986991944
240129.8	75	0.995	-7.903089986991944
165324.615	100	0.5	-7.903089986991944
165559.914	100	0.505	-7.903089986991944
165759.354	100	0.51	-7.903089986991944
166192.291	100	0.515	-7.903089986991944
166769.886	100	0.52	-7.903089986991944
167336.864	100	0.525	-7.903089986991944
167791.847	100	0.53	-7.903089986991944
167988.875	100	0.535	-7.903089986991944
168490.98	100	0.54	-7.903089986991944
169103.45	100	0.545	-7.903089986991944
169773.802	100	0.55	-7.903089986991944
169881.718	100	0.555	-7.903089986991944
170032.56	100	0.56	-7.903089986991944
170377.98	100	0.565	-7.903089986991944
170944.671	100	0.57	-7.903089986991944
171219.477	100	0.575	-7.903089986991944
171510.354	100	0.58	-7.903089986991944
171781.88	100	0.585	-7.903089986991944
171956.023	100	0.59	-7.903089986991944
172476.414	100	0.595	-7.903089986991944
173199.56	100	0.6	-7.903089986991944
173549.843	100	0.605	-7.903089986991944
173836.6	100	0.61	-7.903089986991944
174209.004	100	0.615	-7.903089986991944
174639.71	100	0.62	-7.903089986991944
174884.679	100	0.625	-7.903089986991944
175321.066	100	0.63	-7.903089986991944
175945.099	100	0.635	-7.903089986991944
176231.785	100	0.64	-7.903089986991944
176431.616	100	0.645	-7.903089986991944
176818.143	100	0.65	-7.903089986991944
177122.314	100	0.655	-7.903089986991944
178256.448	100	0.66	-7.903089986991944
178482.804	100	0.665	-7.903089986991944
178585.701	100	0.67	-7.903089986991944
178991.643	100	0.675	-7.903089986991944
179444.076	100	0.68	-7.903089986991944
179862.667	100	0.685	-7.903089986991944
180593.469	100	0.69	-7.903089986991944
181139.534	100	0.695	-7.903089986991944
181330.121	100	0.7	-7.903089986991944
181537.114	100	0.705	-7.903089986991944
181924.789	100	0.71	-7.903089986991944
182316.189	100	0.715	-7.903089986991944
182615.2	100	0.72	-7.903089986991944
182918.389	100	0.725	-7.903089986991944
183364.477	100	0.73	-7.903089986991944
183955.754	100	0.735	-7.903089986991944
184397.597	100	0.74	-7.903089986991944
184798.471	100	0.745	-7.903089986991944
185448.571	100	0.75	-7.903089986991944
185675.881	100	0.755	-7.903089986991944
186071.385	100	0.76	-7.903089986991944
186594.861	100	0.765	-7.903089986991944
186980.943	100	0.77	-7.903089986991944
187506.875	100	0.775	-7.903089986991944
187820.182	100	0.78	-7.903089986991944
188562.143	100	0.785	-7.903089986991944
189120.125	100	0.79	-7.903089986991944
189766.074	100	0.795	-7.903089986991944
189999.429	100	0.8	-7.903089986991944
190284.814	100	0.805	-7.903089986991944
190802.377	100	0.81	-7.903089986991944
191584.257	100	0.815	-7.903089986991944
192094.857	100	0.82	-7.903089986991944
192820.071	100	0.825	-7.903089986991944
193733.62	100	0.83	-7.903089986991944
194624.076	100	0.835	-7.903089986991944
195135.726	100	0.84	-7.903089986991944
196124.827	100	0.845	-7.903089986991944
196846.057	100	0.85	-7.903089986991944
197022.835	100	0.855	-7.903089986991944
197959.443	100	0.86	-7.903089986991944
198545.365	100	0.865	-7.903089986991944
198765.391	100	0.87	-7.903089986991944
199978.761	100	0.875	-7.903089986991944
200777.493	100	0.88	-7.903089986991944
201598.487	100	0.885	-7.903089986991944
202811.484	100	0.89	-7.903089986991944
203700.121	100	0.895	-7.903089986991944
204763.486	100	0.9	-7.903089986991944
205294.051	100	0.905	-7.903089986991944
205531.428	100	0.91	-7.903089986991944
207927.143	100	0.915	-7.903089986991944
209118.347	100	0.92	-7.903089986991944
210347.304	100	0.925	-7.903089986991944
211856.262	100	0.93	-7.903089986991944
213122.221	100	0.935	-7.903089986991944
213978.949	100	0.94	-7.903089986991944
215142.449	100	0.945	-7.903089986991944
216487.7	100	0.95	-7.903089986991944
219349.554	100	0.955	-7.903089986991944
221011.829	100	0.96	-7.903089986991944
224840.886	100	0.965	-7.903089986991944
228857.829	100	0.97	-7.903089986991944
233427.218	100	0.975	-7.903089986991944
241889.046	100	0.98	-7.903089986991944
245694.374	100	0.985	-7.903089986991944
250976.545	100	0.99	-7.903089986991944
268138.247	100	0.995	-7.903089986991944
180932.147	125	0.5	-7.903089986991944
181430.847	125	0.505	-7.903089986991944
181864.45	125	0.51	-7.903089986991944
182205.251	125	0.515	-7.903089986991944
182615.16	125	0.52	-7.903089986991944
182899.712	125	0.525	-7.903089986991944
183176.908	125	0.53	-7.903089986991944
183671.786	125	0.535	-7.903089986991944
184077.993	125	0.54	-7.903089986991944
184300.522	125	0.545	-7.903089986991944
184506.175	125	0.55	-7.903089986991944
184878.982	125	0.555	-7.903089986991944
185311.322	125	0.56	-7.903089986991944
185822.343	125	0.565	-7.903089986991944
186209.439	125	0.57	-7.903089986991944
186461.112	125	0.575	-7.903089986991944
187163.503	125	0.58	-7.903089986991944
187674.477	125	0.585	-7.903089986991944
188056.144	125	0.59	-7.903089986991944
188443.24	125	0.595	-7.903089986991944
188916.329	125	0.6	-7.903089986991944
189437.456	125	0.605	-7.903089986991944
189747.929	125	0.61	-7.903089986991944
190150.626	125	0.615	-7.903089986991944
190379.556	125	0.62	-7.903089986991944
190652.705	125	0.625	-7.903089986991944
190943.974	125	0.63	-7.903089986991944
191216.412	125	0.635	-7.903089986991944
191373.714	125	0.64	-7.903089986991944
191650.81	125	0.645	-7.903089986991944
192217.894	125	0.65	-7.903089986991944
192525.698	125	0.655	-7.903089986991944
192712.71	125	0.66	-7.903089986991944
193273.328	125	0.665	-7.903089986991944
193709.014	125	0.67	-7.903089986991944
193963.679	125	0.675	-7.903089986991944
194134.96	125	0.68	-7.903089986991944
194416.38	125	0.685	-7.903089986991944
194818.957	125	0.69	-7.903089986991944
195094.042	125	0.695	-7.903089986991944
195259.277	125	0.7	-7.903089986991944
195436.422	125	0.705	-7.903089986991944
195740.765	125	0.71	-7.903089986991944
196283.436	125	0.715	-7.903089986991944
196739.655	125	0.72	-7.903089986991944
197309.679	125	0.725	-7.903089986991944
197534.857	125	0.73	-7.903089986991944
197847.488	125	0.735	-7.903089986991944
198112.077	125	0.74	-7.903089986991944
198378.657	125	0.745	-7.903089986991944
198894.313	125	0.75	-7.903089986991944
199152.036	125	0.755	-7.903089986991944
199305.14	125	0.76	-7.903089986991944
199631.222	125	0.765	-7.903089986991944
200060.615	125	0.77	-7.903089986991944
200612.091	125	0.775	-7.903089986991944
201092.299	125	0.78	-7.903089986991944
201788.251	125	0.785	-7.903089986991944
202261.443	125	0.79	-7.903089986991944
202807.001	125	0.795	-7.903089986991944
203386.242	125	0.8	-7.903089986991944
203940.929	125	0.805	-7.903089986991944
205160.943	125	0.81	-7.903089986991944
205648.986	125	0.815	-7.903089986991944
206435.762	125	0.82	-7.903089986991944
206818.595	125	0.825	-7.903089986991944
207140.539	125	0.83	-7.903089986991944
207549.966	125	0.835	-7.903089986991944
208476.306	125	0.84	-7.903089986991944
209052.15	125	0.845	-7.903089986991944
210043.462	125	0.85	-7.903089986991944
210792.553	125	0.855	-7.903089986991944
211169.118	125	0.86	-7.903089986991944
211666.538	125	0.865	-7.903089986991944
212001.957	125	0.87	-7.903089986991944
212466.429	125	0.875	-7.903089986991944
213493.02	125	0.88	-7.903089986991944
213936.385	125	0.885	-7.903089986991944
214971.357	125	0.89	-7.903089986991944
215571.428	125	0.895	-7.903089986991944
216374.429	125	0.9	-7.903089986991944
216684.351	125	0.905	-7.903089986991944
218605.189	125	0.91	-7.903089986991944
220180.338	125	0.915	-7.903089986991944
221622.349	125	0.92	-7.903089986991944
223016.63	125	0.925	-7.903089986991944
224100.782	125	0.93	-7.903089986991944
226002.326	125	0.935	-7.903089986991944
228222.124	125	0.94	-7.903089986991944
229691.469	125	0.945	-7.903089986991944
230403.711	125	0.95	-7.903089986991944
231389.804	125	0.955	-7.903089986991944
233008.4	125	0.96	-7.903089986991944
234728.429	125	0.965	-7.903089986991944
237858.452	125	0.97	-7.903089986991944
239699.679	125	0.975	-7.903089986991944
245979.857	125	0.98	-7.903089986991944
254335.303	125	0.985	-7.903089986991944
258522.914	125	0.99	-7.903089986991944
263812.005	125	0.995	-7.903089986991944
196140.143	150	0.5	-7.903089986991944
196362.007	150	0.505	-7.903089986991944
196777.643	150	0.51	-7.903089986991944
197337.507	150	0.515	-7.903089986991944
197853.314	150	0.52	-7.903089986991944
198040.962	150	0.525	-7.903089986991944
198560.206	150	0.53	-7.903089986991944
198994.574	150	0.535	-7.903089986991944
199323.709	150	0.54	-7.903089986991944
200079.954	150	0.545	-7.903089986991944
200392.079	150	0.55	-7.903089986991944
200583.535	150	0.555	-7.903089986991944
200798.189	150	0.56	-7.903089986991944
201221.191	150	0.565	-7.903089986991944
201405.984	150	0.57	-7.903089986991944
201654.464	150	0.575	-7.903089986991944
201938.286	150	0.58	-7.903089986991944
202303.291	150	0.585	-7.903089986991944
202519.459	150	0.59	-7.903089986991944
202967.195	150	0.595	-7.903089986991944
203497.143	150	0.6	-7.903089986991944
203933.898	150	0.605	-7.903089986991944
204554.171	150	0.61	-7.903089986991944
204944.333	150	0.615	-7.903089986991944
205237.629	150	0.62	-7.903089986991944
205671.027	150	0.625	-7.903089986991944
206164.52	150	0.63	-7.903089986991944
206393.769	150	0.635	-7.903089986991944
206870.0	150	0.64	-7.903089986991944
207330.696	150	0.645	-7.903089986991944
207728.264	150	0.65	-7.903089986991944
208044.86	150	0.655	-7.903089986991944
208228.281	150	0.66	-7.903089986991944
208588.164	150	0.665	-7.903089986991944
208874.741	150	0.67	-7.903089986991944
209481.595	150	0.675	-7.903089986991944
209680.471	150	0.68	-7.903089986991944
210142.415	150	0.685	-7.903089986991944
210344.971	150	0.69	-7.903089986991944
210465.998	150	0.695	-7.903089986991944
210716.571	150	0.7	-7.903089986991944
210906.547	150	0.705	-7.903089986991944
211290.16	150	0.71	-7.903089986991944
211738.771	150	0.715	-7.903089986991944
212042.623	150	0.72	-7.903089986991944
212312.438	150	0.725	-7.903089986991944
212867.286	150	0.73	-7.903089986991944
213241.493	150	0.735	-7.903089986991944
213453.903	150	0.74	-7.903089986991944
214102.549	150	0.745	-7.903089986991944
214558.732	150	0.75	-7.903089986991944
214861.632	150	0.755	-7.903089986991944
215178.114	150	0.76	-7.903089986991944
215672.19	150	0.765	-7.903089986991944
216284.698	150	0.77	-7.903089986991944
217131.929	150	0.775	-7.903089986991944
217834.341	150	0.78	-7.903089986991944
218166.535	150	0.785	-7.903089986991944
218574.757	150	0.79	-7.903089986991944
219129.179	150	0.795	-7.903089986991944
219779.371	150	0.8	-7.903089986991944
220472.199	150	0.805	-7.903089986991944
220858.443	150	0.81	-7.903089986991944
221356.714	150	0.815	-7.903089986991944
221732.486	150	0.82	-7.903089986991944
222682.143	150	0.825	-7.903089986991944
223375.926	150	0.83	-7.903089986991944
224019.129	150	0.835	-7.903089986991944
224811.6	150	0.84	-7.903089986991944
225173.686	150	0.845	-7.903089986991944
226544.5	150	0.85	-7.903089986991944
227020.86	150	0.855	-7.903089986991944
227315.947	150	0.86	-7.903089986991944
227677.77	150	0.865	-7.903089986991944
228726.572	150	0.87	-7.903089986991944
229760.517	150	0.875	-7.903089986991944
231090.971	150	0.88	-7.903089986991944
231537.081	150	0.885	-7.903089986991944
233116.771	150	0.89	-7.903089986991944
234543.965	150	0.895	-7.903089986991944
236249.15	150	0.9	-7.903089986991944
237065.107	150	0.905	-7.903089986991944
237838.852	150	0.91	-7.903089986991944
239491.619	150	0.915	-7.903089986991944
242624.857	150	0.92	-7.903089986991944
244901.84	150	0.925	-7.903089986991944
246091.129	150	0.93	-7.903089986991944
248538.836	150	0.935	-7.903089986991944
249427.123	150	0.94	-7.903089986991944
251721.764	150	0.945	-7.903089986991944
254619.071	150	0.95	-7.903089986991944
258413.787	150	0.955	-7.903089986991944
260353.923	150	0.96	-7.903089986991944
266442.778	150	0.965	-7.903089986991944
273319.716	150	0.97	-7.903089986991944
278645.464	150	0.975	-7.903089986991944
286489.387	150	0.98	-7.903089986991944
300410.585	150	0.985	-7.903089986991944
304092.451	150	0.99	-7.903089986991944
323928.521	150	0.995	-7.903089986991944
207913.286	175	0.5	-7.903089986991944
208118.55	175	0.505	-7.903089986991944
208396.535	175	0.51	-7.903089986991944
208809.774	175	0.515	-7.903089986991944
208957.756	175	0.52	-7.903089986991944
209417.75	175	0.525	-7.903089986991944
209823.571	175	0.53	-7.903089986991944
210292.44	175	0.535	-7.903089986991944
210827.18	175	0.54	-7.903089986991944
211078.604	175	0.545	-7.903089986991944
211320.946	175	0.55	-7.903089986991944
211710.171	175	0.555	-7.903089986991944
212142.709	175	0.56	-7.903089986991944
212597.372	175	0.565	-7.903089986991944
212909.2	175	0.57	-7.903089986991944
213310.554	175	0.575	-7.903089986991944
213447.0	175	0.58	-7.903089986991944
213681.293	175	0.585	-7.903089986991944
214083.214	175	0.59	-7.903089986991944
214331.95	175	0.595	-7.903089986991944
214662.725	175	0.6	-7.903089986991944
214786.479	175	0.605	-7.903089986991944
215228.645	175	0.61	-7.903089986991944
216064.421	175	0.615	-7.903089986991944
216198.616	175	0.62	-7.903089986991944
216334.509	175	0.625	-7.903089986991944
216713.69	175	0.63	-7.903089986991944
217173.892	175	0.635	-7.903089986991944
217724.923	175	0.64	-7.903089986991944
218212.132	175	0.645	-7.903089986991944
218715.643	175	0.65	-7.903089986991944
219016.853	175	0.655	-7.903089986991944
219188.846	175	0.66	-7.903089986991944
219722.893	175	0.665	-7.903089986991944
220176.139	175	0.67	-7.903089986991944
220522.716	175	0.675	-7.903089986991944
220844.594	175	0.68	-7.903089986991944
221358.508	175	0.685	-7.903089986991944
221747.139	175	0.69	-7.903089986991944
221989.657	175	0.695	-7.903089986991944
222345.679	175	0.7	-7.903089986991944
223197.3	175	0.705	-7.903089986991944
223591.7	175	0.71	-7.903089986991944
224008.466	175	0.715	-7.903089986991944
224541.886	175	0.72	-7.903089986991944
225074.327	175	0.725	-7.903089986991944
225589.304	175	0.73	-7.903089986991944
225869.102	175	0.735	-7.903089986991944
226031.853	175	0.74	-7.903089986991944
226363.057	175	0.745	-7.903089986991944
226866.518	175	0.75	-7.903089986991944
227200.283	175	0.755	-7.903089986991944
227384.817	175	0.76	-7.903089986991944
227477.153	175	0.765	-7.903089986991944
227769.869	175	0.77	-7.903089986991944
228366.429	175	0.775	-7.903089986991944
228992.539	175	0.78	-7.903089986991944
229675.176	175	0.785	-7.903089986991944
229835.199	175	0.79	-7.903089986991944
230343.318	175	0.795	-7.903089986991944
230988.286	175	0.8	-7.903089986991944
231831.808	175	0.805	-7.903089986991944
232211.756	175	0.81	-7.903089986991944
232598.957	175	0.815	-7.903089986991944
232869.057	175	0.82	-7.903089986991944
233367.989	175	0.825	-7.903089986991944
234067.044	175	0.83	-7.903089986991944
234761.536	175	0.835	-7.903089986991944
235053.597	175	0.84	-7.903089986991944
235952.684	175	0.845	-7.903089986991944
236177.082	175	0.85	-7.903089986991944
236426.07	175	0.855	-7.903089986991944
237004.174	175	0.86	-7.903089986991944
237533.32	175	0.865	-7.903089986991944
238502.957	175	0.87	-7.903089986991944
239181.527	175	0.875	-7.903089986991944
240096.809	175	0.88	-7.903089986991944
240901.743	175	0.885	-7.903089986991944
241371.571	175	0.89	-7.903089986991944
242285.429	175	0.895	-7.903089986991944
243171.714	175	0.9	-7.903089986991944
244793.121	175	0.905	-7.903089986991944
245014.7	175	0.91	-7.903089986991944
247296.942	175	0.915	-7.903089986991944
248100.671	175	0.92	-7.903089986991944
248948.5	175	0.925	-7.903089986991944
251951.619	175	0.93	-7.903089986991944
254769.328	175	0.935	-7.903089986991944
257355.257	175	0.94	-7.903089986991944
259164.848	175	0.945	-7.903089986991944
262063.929	175	0.95	-7.903089986991944
265611.831	175	0.955	-7.903089986991944
268282.897	175	0.96	-7.903089986991944
271132.312	175	0.965	-7.903089986991944
275600.356	175	0.97	-7.903089986991944
281588.607	175	0.975	-7.903089986991944
288196.314	175	0.98	-7.903089986991944
295374.902	175	0.985	-7.903089986991944
301270.644	175	0.99	-7.903089986991944
324066.98	175	0.995	-7.903089986991944
219790.0	200	0.5	-7.903089986991944
220090.16	200	0.505	-7.903089986991944
220507.894	200	0.51	-7.903089986991944
220918.972	200	0.515	-7.903089986991944
221080.737	200	0.52	-7.903089986991944
221370.175	200	0.525	-7.903089986991944
221670.634	200	0.53	-7.903089986991944
222230.231	200	0.535	-7.903089986991944
222555.324	200	0.54	-7.903089986991944
223118.147	200	0.545	-7.903089986991944
223505.819	200	0.55	-7.903089986991944
223645.566	200	0.555	-7.903089986991944
223706.971	200	0.56	-7.903089986991944
223989.105	200	0.565	-7.903089986991944
224326.569	200	0.57	-7.903089986991944
224607.036	200	0.575	-7.903089986991944
225021.772	200	0.58	-7.903089986991944
225454.965	200	0.585	-7.903089986991944
225765.956	200	0.59	-7.903089986991944
226049.608	200	0.595	-7.903089986991944
226394.343	200	0.6	-7.903089986991944
227051.749	200	0.605	-7.903089986991944
227451.215	200	0.61	-7.903089986991944
227963.326	200	0.615	-7.903089986991944
228307.67	200	0.62	-7.903089986991944
228483.214	200	0.625	-7.903089986991944
228818.651	200	0.63	-7.903089986991944
228951.771	200	0.635	-7.903089986991944
229218.006	200	0.64	-7.903089986991944
229557.193	200	0.645	-7.903089986991944
229928.857	200	0.65	-7.903089986991944
230636.899	200	0.655	-7.903089986991944
230997.119	200	0.66	-7.903089986991944
231317.869	200	0.665	-7.903089986991944
231672.256	200	0.67	-7.903089986991944
232141.95	200	0.675	-7.903089986991944
232595.249	200	0.68	-7.903089986991944
233069.124	200	0.685	-7.903089986991944
233327.186	200	0.69	-7.903089986991944
233557.812	200	0.695	-7.903089986991944
233852.879	200	0.7	-7.903089986991944
234276.171	200	0.705	-7.903089986991944
234952.943	200	0.71	-7.903089986991944
235327.36	200	0.715	-7.903089986991944
235893.714	200	0.72	-7.903089986991944
236280.75	200	0.725	-7.903089986991944
236671.219	200	0.73	-7.903089986991944
236794.386	200	0.735	-7.903089986991944
237155.371	200	0.74	-7.903089986991944
237433.293	200	0.745	-7.903089986991944
237895.357	200	0.75	-7.903089986991944
238414.114	200	0.755	-7.903089986991944
238714.546	200	0.76	-7.903089986991944
239073.888	200	0.765	-7.903089986991944
239448.253	200	0.77	-7.903089986991944
240071.386	200	0.775	-7.903089986991944
240725.103	200	0.78	-7.903089986991944
241467.45	200	0.785	-7.903089986991944
241654.601	200	0.79	-7.903089986991944
242020.364	200	0.795	-7.903089986991944
242464.3	200	0.8	-7.903089986991944
242922.708	200	0.805	-7.903089986991944
243415.899	200	0.81	-7.903089986991944
243971.686	200	0.815	-7.903089986991944
244435.4	200	0.82	-7.903089986991944
245112.439	200	0.825	-7.903089986991944
246408.271	200	0.83	-7.903089986991944
247301.618	200	0.835	-7.903089986991944
247759.254	200	0.84	-7.903089986991944
248583.614	200	0.845	-7.903089986991944
249453.154	200	0.85	-7.903089986991944
250102.619	200	0.855	-7.903089986991944
251081.429	200	0.86	-7.903089986991944
251659.666	200	0.865	-7.903089986991944
252754.119	200	0.87	-7.903089986991944
253937.741	200	0.875	-7.903089986991944
254686.177	200	0.88	-7.903089986991944
255602.418	200	0.885	-7.903089986991944
256414.76	200	0.89	-7.903089986991944
256942.371	200	0.895	-7.903089986991944
257669.714	200	0.9	-7.903089986991944
260052.535	200	0.905	-7.903089986991944
261035.714	200	0.91	-7.903089986991944
262111.322	200	0.915	-7.903089986991944
263891.029	200	0.92	-7.903089986991944
264669.745	200	0.925	-7.903089986991944
266015.252	200	0.93	-7.903089986991944
267363.505	200	0.935	-7.903089986991944
269915.914	200	0.94	-7.903089986991944
272677.286	200	0.945	-7.903089986991944
276728.432	200	0.95	-7.903089986991944
278610.284	200	0.955	-7.903089986991944
284447.543	200	0.96	-7.903089986991944
288474.543	200	0.965	-7.903089986991944
292671.5	200	0.97	-7.903089986991944
295805.93	200	0.975	-7.903089986991944
304020.857	200	0.98	-7.903089986991944
308552.393	200	0.985	-7.903089986991944
331238.771	200	0.99	-7.903089986991944
361847.443	200	0.995	-7.903089986991944
230627.071	225	0.5	-7.903089986991944
231159.686	225	0.505	-7.903089986991944
231822.7	225	0.51	-7.903089986991944
232203.603	225	0.515	-7.903089986991944
232765.574	225	0.52	-7.903089986991944
232989.0	225	0.525	-7.903089986991944
233323.695	225	0.53	-7.903089986991944
233536.398	225	0.535	-7.903089986991944
233871.243	225	0.54	-7.903089986991944
234292.992	225	0.545	-7.903089986991944
234728.771	225	0.55	-7.903089986991944
234943.15	225	0.555	-7.903089986991944
235255.846	225	0.56	-7.903089986991944
235792.51	225	0.565	-7.903089986991944
236159.226	225	0.57	-7.903089986991944
236589.745	225	0.575	-7.903089986991944
236712.956	225	0.58	-7.903089986991944
237003.336	225	0.585	-7.903089986991944
237389.967	225	0.59	-7.903089986991944
237810.957	225	0.595	-7.903089986991944
238009.686	225	0.6	-7.903089986991944
238307.737	225	0.605	-7.903089986991944
238820.101	225	0.61	-7.903089986991944
239804.962	225	0.615	-7.903089986991944
240523.857	225	0.62	-7.903089986991944
241300.536	225	0.625	-7.903089986991944
241667.486	225	0.63	-7.903089986991944
241849.519	225	0.635	-7.903089986991944
241961.111	225	0.64	-7.903089986991944
242210.404	225	0.645	-7.903089986991944
242681.371	225	0.65	-7.903089986991944
243488.768	225	0.655	-7.903089986991944
243780.029	225	0.66	-7.903089986991944
244283.576	225	0.665	-7.903089986991944
244694.669	225	0.67	-7.903089986991944
244906.064	225	0.675	-7.903089986991944
245125.706	225	0.68	-7.903089986991944
245387.414	225	0.685	-7.903089986991944
246114.844	225	0.69	-7.903089986991944
246295.586	225	0.695	-7.903089986991944
246609.286	225	0.7	-7.903089986991944
246865.007	225	0.705	-7.903089986991944
247607.871	225	0.71	-7.903089986991944
248014.014	225	0.715	-7.903089986991944
248641.2	225	0.72	-7.903089986991944
248842.095	225	0.725	-7.903089986991944
249001.895	225	0.73	-7.903089986991944
249541.819	225	0.735	-7.903089986991944
250185.057	225	0.74	-7.903089986991944
250605.664	225	0.745	-7.903089986991944
251233.321	225	0.75	-7.903089986991944
251870.525	225	0.755	-7.903089986991944
252416.974	225	0.76	-7.903089986991944
253008.54	225	0.765	-7.903089986991944
254072.606	225	0.77	-7.903089986991944
254607.889	225	0.775	-7.903089986991944
254967.256	225	0.78	-7.903089986991944
255561.204	225	0.785	-7.903089986991944
255884.2	225	0.79	-7.903089986991944
256137.099	225	0.795	-7.903089986991944
256824.914	225	0.8	-7.903089986991944
257360.007	225	0.805	-7.903089986991944
257560.814	225	0.81	-7.903089986991944
257869.799	225	0.815	-7.903089986991944
258985.456	225	0.82	-7.903089986991944
259790.511	225	0.825	-7.903089986991944
260835.318	225	0.83	-7.903089986991944
262227.71	225	0.835	-7.903089986991944
262583.957	225	0.84	-7.903089986991944
263192.043	225	0.845	-7.903089986991944
264680.357	225	0.85	-7.903089986991944
265510.837	225	0.855	-7.903089986991944
267724.696	225	0.86	-7.903089986991944
268830.164	225	0.865	-7.903089986991944
269519.886	225	0.87	-7.903089986991944
270108.054	225	0.875	-7.903089986991944
270747.063	225	0.88	-7.903089986991944
272600.471	225	0.885	-7.903089986991944
273639.622	225	0.89	-7.903089986991944
275601.193	225	0.895	-7.903089986991944
277733.993	225	0.9	-7.903089986991944
278812.094	225	0.905	-7.903089986991944
280300.579	225	0.91	-7.903089986991944
281996.605	225	0.915	-7.903089986991944
283945.886	225	0.92	-7.903089986991944
285536.37	225	0.925	-7.903089986991944
287576.331	225	0.93	-7.903089986991944
291327.379	225	0.935	-7.903089986991944
295280.42	225	0.94	-7.903089986991944
301429.94	225	0.945	-7.903089986991944
304918.857	225	0.95	-7.903089986991944
306570.5	225	0.955	-7.903089986991944
312827.097	225	0.96	-7.903089986991944
314939.729	225	0.965	-7.903089986991944
321684.047	225	0.97	-7.903089986991944
326063.286	225	0.975	-7.903089986991944
335642.597	225	0.98	-7.903089986991944
359127.971	225	0.985	-7.903089986991944
385816.029	225	0.99	-7.903089986991944
420602.392	225	0.995	-7.903089986991944
239631.607	250	0.5	-7.903089986991944
240042.722	250	0.505	-7.903089986991944
240399.643	250	0.51	-7.903089986991944
240716.107	250	0.515	-7.903089986991944
240902.286	250	0.52	-7.903089986991944
241426.612	250	0.525	-7.903089986991944
241501.9	250	0.53	-7.903089986991944
241728.693	250	0.535	-7.903089986991944
242280.954	250	0.54	-7.903089986991944
242392.471	250	0.545	-7.903089986991944
243005.818	250	0.55	-7.903089986991944
243312.343	250	0.555	-7.903089986991944
243606.434	250	0.56	-7.903089986991944
243915.358	250	0.565	-7.903089986991944
244179.641	250	0.57	-7.903089986991944
244507.112	250	0.575	-7.903089986991944
244954.756	250	0.58	-7.903089986991944
245205.226	250	0.585	-7.903089986991944
245465.461	250	0.59	-7.903089986991944
246108.336	250	0.595	-7.903089986991944
246582.043	250	0.6	-7.903089986991944
246764.608	250	0.605	-7.903089986991944
247451.041	250	0.61	-7.903089986991944
248105.98	250	0.615	-7.903089986991944
248485.026	250	0.62	-7.903089986991944
248707.321	250	0.625	-7.903089986991944
249001.471	250	0.63	-7.903089986991944
249251.102	250	0.635	-7.903089986991944
249995.54	250	0.64	-7.903089986991944
250598.757	250	0.645	-7.903089986991944
251230.164	250	0.65	-7.903089986991944
251455.647	250	0.655	-7.903089986991944
251703.01	250	0.66	-7.903089986991944
252257.13	250	0.665	-7.903089986991944
252747.919	250	0.67	-7.903089986991944
253110.046	250	0.675	-7.903089986991944
253614.269	250	0.68	-7.903089986991944
254328.95	250	0.685	-7.903089986991944
254909.099	250	0.69	-7.903089986991944
255538.908	250	0.695	-7.903089986991944
255655.714	250	0.7	-7.903089986991944
256082.894	250	0.705	-7.903089986991944
256715.059	250	0.71	-7.903089986991944
257157.6	250	0.715	-7.903089986991944
257557.486	250	0.72	-7.903089986991944
258137.046	250	0.725	-7.903089986991944
258593.076	250	0.73	-7.903089986991944
259285.33	250	0.735	-7.903089986991944
259879.971	250	0.74	-7.903089986991944
260526.671	250	0.745	-7.903089986991944
261036.143	250	0.75	-7.903089986991944
261337.825	250	0.755	-7.903089986991944
261656.634	250	0.76	-7.903089986991944
262179.1	250	0.765	-7.903089986991944
262458.586	250	0.77	-7.903089986991944
262808.146	250	0.775	-7.903089986991944
263079.246	250	0.78	-7.903089986991944
263379.921	250	0.785	-7.903089986991944
263966.526	250	0.79	-7.903089986991944
264243.214	250	0.795	-7.903089986991944
264572.3	250	0.8	-7.903089986991944
264848.743	250	0.805	-7.903089986991944
265800.043	250	0.81	-7.903089986991944
266654.193	250	0.815	-7.903089986991944
267409.629	250	0.82	-7.903089986991944
267908.827	250	0.825	-7.903089986991944
268396.829	250	0.83	-7.903089986991944
268953.792	250	0.835	-7.903089986991944
270370.174	250	0.84	-7.903089986991944
270932.236	250	0.845	-7.903089986991944
271691.296	250	0.85	-7.903089986991944
273717.843	250	0.855	-7.903089986991944
274879.163	250	0.86	-7.903089986991944
275692.106	250	0.865	-7.903089986991944
277119.257	250	0.87	-7.903089986991944
278019.482	250	0.875	-7.903089986991944
279208.514	250	0.88	-7.903089986991944
280793.055	250	0.885	-7.903089986991944
282696.414	250	0.89	-7.903089986991944
283361.507	250	0.895	-7.903089986991944
284474.507	250	0.9	-7.903089986991944
285236.964	250	0.905	-7.903089986991944
287023.257	250	0.91	-7.903089986991944
288283.207	250	0.915	-7.903089986991944
290816.057	250	0.92	-7.903089986991944
292908.464	250	0.925	-7.903089986991944
293721.174	250	0.93	-7.903089986991944
296040.876	250	0.935	-7.903089986991944
297378.043	250	0.94	-7.903089986991944
299582.757	250	0.945	-7.903089986991944
301774.515	250	0.95	-7.903089986991944
306047.693	250	0.955	-7.903089986991944
314493.757	250	0.96	-7.903089986991944
317237.743	250	0.965	-7.903089986991944
329358.157	250	0.97	-7.903089986991944
333698.857	250	0.975	-7.903089986991944
337726.686	250	0.98	-7.903089986991944
345782.521	250	0.985	-7.903089986991944
372515.014	250	0.99	-7.903089986991944
401765.155	250	0.995	-7.903089986991944
249541.786	275	0.5	-7.903089986991944
249795.578	275	0.505	-7.903089986991944
250538.306	275	0.51	-7.903089986991944
250929.601	275	0.515	-7.903089986991944
251230.971	275	0.52	-7.903089986991944
251526.859	275	0.525	-7.903089986991944
251950.786	275	0.53	-7.903089986991944
252205.993	275	0.535	-7.903089986991944
252672.153	275	0.54	-7.903089986991944
253344.816	275	0.545	-7.903089986991944
253543.746	275	0.55	-7.903089986991944
253807.636	275	0.555	-7.903089986991944
254235.657	275	0.56	-7.903089986991944
254641.608	275	0.565	-7.903089986991944
255188.259	275	0.57	-7.903089986991944
255583.525	275	0.575	-7.903089986991944
255972.344	275	0.58	-7.903089986991944
256684.422	275	0.585	-7.903089986991944
257025.156	275	0.59	-7.903089986991944
257349.7	275	0.595	-7.903089986991944
257636.6	275	0.6	-7.903089986991944
258087.608	275	0.605	-7.903089986991944
258519.771	275	0.61	-7.903089986991944
259165.959	275	0.615	-7.903089986991944
259712.939	275	0.62	-7.903089986991944
260204.464	275	0.625	-7.903089986991944
260672.319	275	0.63	-7.903089986991944
260975.031	275	0.635	-7.903089986991944
261238.949	275	0.64	-7.903089986991944
261797.768	275	0.645	-7.903089986991944
262045.546	275	0.65	-7.903089986991944
262346.254	275	0.655	-7.903089986991944
262897.037	275	0.66	-7.903089986991944
263504.831	275	0.665	-7.903089986991944
263719.967	275	0.67	-7.903089986991944
264255.548	275	0.675	-7.903089986991944
264919.886	275	0.68	-7.903089986991944
265620.002	275	0.685	-7.903089986991944
266080.536	275	0.69	-7.903089986991944
266714.865	275	0.695	-7.903089986991944
267200.193	275	0.7	-7.903089986991944
267681.764	275	0.705	-7.903089986991944
268598.692	275	0.71	-7.903089986991944
269077.926	275	0.715	-7.903089986991944
269301.34	275	0.72	-7.903089986991944
269627.496	275	0.725	-7.903089986991944
269994.249	275	0.73	-7.903089986991944
270879.277	275	0.735	-7.903089986991944
271191.161	275	0.74	-7.903089986991944
271809.086	275	0.745	-7.903089986991944
272117.839	275	0.75	-7.903089986991944
272716.453	275	0.755	-7.903089986991944
273691.651	275	0.76	-7.903089986991944
274296.009	275	0.765	-7.903089986991944
275073.029	275	0.77	-7.903089986991944
275772.571	275	0.775	-7.903089986991944
276913.674	275	0.78	-7.903089986991944
277515.364	275	0.785	-7.903089986991944
278156.114	275	0.79	-7.903089986991944
278524.757	275	0.795	-7.903089986991944
279205.471	275	0.8	-7.903089986991944
279565.5	275	0.805	-7.903089986991944
281449.443	275	0.81	-7.903089986991944
281701.113	275	0.815	-7.903089986991944
282670.771	275	0.82	-7.903089986991944
283321.607	275	0.825	-7.903089986991944
284474.296	275	0.83	-7.903089986991944
285438.481	275	0.835	-7.903089986991944
286977.734	275	0.84	-7.903089986991944
287411.422	275	0.845	-7.903089986991944
288615.286	275	0.85	-7.903089986991944
290490.356	275	0.855	-7.903089986991944
290770.543	275	0.86	-7.903089986991944
291191.343	275	0.865	-7.903089986991944
291918.449	275	0.87	-7.903089986991944
293843.946	275	0.875	-7.903089986991944
294914.22	275	0.88	-7.903089986991944
298436.514	275	0.885	-7.903089986991944
301511.092	275	0.89	-7.903089986991944
303883.657	275	0.895	-7.903089986991944
304784.221	275	0.9	-7.903089986991944
306298.115	275	0.905	-7.903089986991944
308512.643	275	0.91	-7.903089986991944
310403.429	275	0.915	-7.903089986991944
311691.551	275	0.92	-7.903089986991944
314012.423	275	0.925	-7.903089986991944
315613.109	275	0.93	-7.903089986991944
317122.241	275	0.935	-7.903089986991944
321316.971	275	0.94	-7.903089986991944
323438.921	275	0.945	-7.903089986991944
330192.143	275	0.95	-7.903089986991944
334274.048	275	0.955	-7.903089986991944
337952.457	275	0.96	-7.903089986991944
345715.167	275	0.965	-7.903089986991944
350639.529	275	0.97	-7.903089986991944
357687.132	275	0.975	-7.903089986991944
375812.657	275	0.98	-7.903089986991944
396758.771	275	0.985	-7.903089986991944
417408.476	275	0.99	-7.903089986991944
465646.336	275	0.995	-7.903089986991944
258547.393	300	0.5	-7.903089986991944
258975.35	300	0.505	-7.903089986991944
259539.5	300	0.51	-7.903089986991944
259806.518	300	0.515	-7.903089986991944
260198.474	300	0.52	-7.903089986991944
260705.821	300	0.525	-7.903089986991944
261052.014	300	0.53	-7.903089986991944
261757.729	300	0.535	-7.903089986991944
262058.4	300	0.54	-7.903089986991944
262427.181	300	0.545	-7.903089986991944
262736.743	300	0.55	-7.903089986991944
263060.565	300	0.555	-7.903089986991944
263467.526	300	0.56	-7.903089986991944
263913.932	300	0.565	-7.903089986991944
264269.319	300	0.57	-7.903089986991944
264985.893	300	0.575	-7.903089986991944
265644.144	300	0.58	-7.903089986991944
266129.996	300	0.585	-7.903089986991944
266337.89	300	0.59	-7.903089986991944
266714.471	300	0.595	-7.903089986991944
267096.0	300	0.6	-7.903089986991944
267593.451	300	0.605	-7.903089986991944
268228.943	300	0.61	-7.903089986991944
268653.216	300	0.615	-7.903089986991944
269277.851	300	0.62	-7.903089986991944
269756.67	300	0.625	-7.903089986991944
270013.471	300	0.63	-7.903089986991944
270535.766	300	0.635	-7.903089986991944
271004.743	300	0.64	-7.903089986991944
271422.514	300	0.645	-7.903089986991944
271954.454	300	0.65	-7.903089986991944
272406.348	300	0.655	-7.903089986991944
272875.059	300	0.66	-7.903089986991944
273319.795	300	0.665	-7.903089986991944
273918.386	300	0.67	-7.903089986991944
275234.943	300	0.675	-7.903089986991944
275446.14	300	0.68	-7.903089986991944
275886.121	300	0.685	-7.903089986991944
276235.429	300	0.69	-7.903089986991944
276671.985	300	0.695	-7.903089986991944
277056.286	300	0.7	-7.903089986991944
277628.15	300	0.705	-7.903089986991944
278132.784	300	0.71	-7.903089986991944
278521.558	300	0.715	-7.903089986991944
279010.451	300	0.72	-7.903089986991944
279698.571	300	0.725	-7.903089986991944
281204.9	300	0.73	-7.903089986991944
282055.521	300	0.735	-7.903089986991944
282537.996	300	0.74	-7.903089986991944
283569.0	300	0.745	-7.903089986991944
284020.411	300	0.75	-7.903089986991944
285077.893	300	0.755	-7.903089986991944
286214.206	300	0.76	-7.903089986991944
286392.609	300	0.765	-7.903089986991944
287312.574	300	0.77	-7.903089986991944
287578.909	300	0.775	-7.903089986991944
288236.869	300	0.78	-7.903089986991944
288961.057	300	0.785	-7.903089986991944
289754.718	300	0.79	-7.903089986991944
290798.786	300	0.795	-7.903089986991944
291428.4	300	0.8	-7.903089986991944
292182.629	300	0.805	-7.903089986991944
293086.072	300	0.81	-7.903089986991944
294184.177	300	0.815	-7.903089986991944
294749.573	300	0.82	-7.903089986991944
295960.5	300	0.825	-7.903089986991944
296885.899	300	0.83	-7.903089986991944
297793.357	300	0.835	-7.903089986991944
298360.803	300	0.84	-7.903089986991944
299272.218	300	0.845	-7.903089986991944
300400.357	300	0.85	-7.903089986991944
301273.894	300	0.855	-7.903089986991944
302917.276	300	0.86	-7.903089986991944
304744.931	300	0.865	-7.903089986991944
305566.644	300	0.87	-7.903089986991944
306669.464	300	0.875	-7.903089986991944
308161.883	300	0.88	-7.903089986991944
309472.958	300	0.885	-7.903089986991944
310708.8	300	0.89	-7.903089986991944
313382.708	300	0.895	-7.903089986991944
314917.714	300	0.9	-7.903089986991944
318144.207	300	0.905	-7.903089986991944
319276.971	300	0.91	-7.903089986991944
320565.423	300	0.915	-7.903089986991944
324512.417	300	0.92	-7.903089986991944
326548.684	300	0.925	-7.903089986991944
327547.757	300	0.93	-7.903089986991944
329673.155	300	0.935	-7.903089986991944
334613.704	300	0.94	-7.903089986991944
346317.442	300	0.945	-7.903089986991944
348737.714	300	0.95	-7.903089986991944
352526.287	300	0.955	-7.903089986991944
360506.629	300	0.96	-7.903089986991944
366628.135	300	0.965	-7.903089986991944
375535.768	300	0.97	-7.903089986991944
386616.57	300	0.975	-7.903089986991944
401629.6	300	0.98	-7.903089986991944
416635.61	300	0.985	-7.903089986991944
430966.257	300	0.99	-7.903089986991944
484867.343	300	0.995	-7.903089986991944
269881.429	325	0.5	-7.903089986991944
270210.824	325	0.505	-7.903089986991944
270596.417	325	0.51	-7.903089986991944
270999.956	325	0.515	-7.903089986991944
271256.171	325	0.52	-7.903089986991944
271524.143	325	0.525	-7.903089986991944
272114.889	325	0.53	-7.903089986991944
272417.345	325	0.535	-7.903089986991944
272680.584	325	0.54	-7.903089986991944
273196.494	325	0.545	-7.903089986991944
273371.936	325	0.55	-7.903089986991944
274054.779	325	0.555	-7.903089986991944
274439.143	325	0.56	-7.903089986991944
275072.5	325	0.565	-7.903089986991944
275467.557	325	0.57	-7.903089986991944
275902.105	325	0.575	-7.903089986991944
276336.831	325	0.58	-7.903089986991944
276933.539	325	0.585	-7.903089986991944
277571.697	325	0.59	-7.903089986991944
277832.007	325	0.595	-7.903089986991944
278408.0	325	0.6	-7.903089986991944
279339.442	325	0.605	-7.903089986991944
279764.957	325	0.61	-7.903089986991944
279925.936	325	0.615	-7.903089986991944
280039.473	325	0.62	-7.903089986991944
280666.205	325	0.625	-7.903089986991944
281178.443	325	0.63	-7.903089986991944
281936.566	325	0.635	-7.903089986991944
282446.597	325	0.64	-7.903089986991944
283008.986	325	0.645	-7.903089986991944
283513.025	325	0.65	-7.903089986991944
284139.707	325	0.655	-7.903089986991944
284428.304	325	0.66	-7.903089986991944
285254.336	325	0.665	-7.903089986991944
285876.066	325	0.67	-7.903089986991944
286500.723	325	0.675	-7.903089986991944
287062.92	325	0.68	-7.903089986991944
287524.279	325	0.685	-7.903089986991944
287973.431	325	0.69	-7.903089986991944
288693.621	325	0.695	-7.903089986991944
289107.007	325	0.7	-7.903089986991944
289831.935	325	0.705	-7.903089986991944
290639.314	325	0.71	-7.903089986991944
291097.374	325	0.715	-7.903089986991944
291356.585	325	0.72	-7.903089986991944
291810.666	325	0.725	-7.903089986991944
292755.802	325	0.73	-7.903089986991944
293022.642	325	0.735	-7.903089986991944
293317.157	325	0.74	-7.903089986991944
293863.568	325	0.745	-7.903089986991944
294762.5	325	0.75	-7.903089986991944
295777.993	325	0.755	-7.903089986991944
296517.997	325	0.76	-7.903089986991944
296915.876	325	0.765	-7.903089986991944
297541.302	325	0.77	-7.903089986991944
298614.0	325	0.775	-7.903089986991944
299124.074	325	0.78	-7.903089986991944
300350.811	325	0.785	-7.903089986991944
300719.406	325	0.79	-7.903089986991944
301639.156	325	0.795	-7.903089986991944
302473.129	325	0.8	-7.903089986991944
302947.792	325	0.805	-7.903089986991944
303792.948	325	0.81	-7.903089986991944
304113.342	325	0.815	-7.903089986991944
304667.164	325	0.82	-7.903089986991944
305504.464	325	0.825	-7.903089986991944
306935.781	325	0.83	-7.903089986991944
307673.136	325	0.835	-7.903089986991944
308165.031	325	0.84	-7.903089986991944
308760.275	325	0.845	-7.903089986991944
309563.468	325	0.85	-7.903089986991944
310922.697	325	0.855	-7.903089986991944
313485.561	325	0.86	-7.903089986991944
315104.521	325	0.865	-7.903089986991944
317043.426	325	0.87	-7.903089986991944
318257.509	325	0.875	-7.903089986991944
320620.963	325	0.88	-7.903089986991944
322768.259	325	0.885	-7.903089986991944
324250.454	325	0.89	-7.903089986991944
326259.636	325	0.895	-7.903089986991944
328892.071	325	0.9	-7.903089986991944
331438.549	325	0.905	-7.903089986991944
332483.774	325	0.91	-7.903089986991944
334033.32	325	0.915	-7.903089986991944
339052.806	325	0.92	-7.903089986991944
340023.077	325	0.925	-7.903089986991944
345861.882	325	0.93	-7.903089986991944
352840.171	325	0.935	-7.903089986991944
356557.433	325	0.94	-7.903089986991944
358348.31	325	0.945	-7.903089986991944
359756.239	325	0.95	-7.903089986991944
367549.506	325	0.955	-7.903089986991944
370819.886	325	0.96	-7.903089986991944
378668.149	325	0.965	-7.903089986991944
387137.899	325	0.97	-7.903089986991944
399463.0	325	0.975	-7.903089986991944
408328.771	325	0.98	-7.903089986991944
419811.399	325	0.985	-7.903089986991944
432268.9	325	0.99	-7.903089986991944
502950.986	325	0.995	-7.903089986991944
276442.857	350	0.5	-7.903089986991944
276874.171	350	0.505	-7.903089986991944
277518.614	350	0.51	-7.903089986991944
278075.272	350	0.515	-7.903089986991944
278458.914	350	0.52	-7.903089986991944
278758.214	350	0.525	-7.903089986991944
279307.929	350	0.53	-7.903089986991944
279897.229	350	0.535	-7.903089986991944
280164.611	350	0.54	-7.903089986991944
280524.821	350	0.545	-7.903089986991944
281005.611	350	0.55	-7.903089986991944
281815.345	350	0.555	-7.903089986991944
282463.657	350	0.56	-7.903089986991944
283235.374	350	0.565	-7.903089986991944
283557.747	350	0.57	-7.903089986991944
284000.566	350	0.575	-7.903089986991944
284257.789	350	0.58	-7.903089986991944
284717.628	350	0.585	-7.903089986991944
285197.068	350	0.59	-7.903089986991944
285677.157	350	0.595	-7.903089986991944
285828.614	350	0.6	-7.903089986991944
286166.165	350	0.605	-7.903089986991944
286832.385	350	0.61	-7.903089986991944
287365.037	350	0.615	-7.903089986991944
287831.557	350	0.62	-7.903089986991944
288108.259	350	0.625	-7.903089986991944
288714.202	350	0.63	-7.903089986991944
288926.683	350	0.635	-7.903089986991944
289286.409	350	0.64	-7.903089986991944
289983.61	350	0.645	-7.903089986991944
290671.811	350	0.65	-7.903089986991944
291493.702	350	0.655	-7.903089986991944
291750.761	350	0.66	-7.903089986991944
292357.786	350	0.665	-7.903089986991944
292609.934	350	0.67	-7.903089986991944
292811.03	350	0.675	-7.903089986991944
293332.997	350	0.68	-7.903089986991944
293576.094	350	0.685	-7.903089986991944
294058.287	350	0.69	-7.903089986991944
294716.242	350	0.695	-7.903089986991944
295363.257	350	0.7	-7.903089986991944
296105.607	350	0.705	-7.903089986991944
296937.686	350	0.71	-7.903089986991944
297469.755	350	0.715	-7.903089986991944
298361.734	350	0.72	-7.903089986991944
299217.048	350	0.725	-7.903089986991944
299519.029	350	0.73	-7.903089986991944
300223.06	350	0.735	-7.903089986991944
300856.59	350	0.74	-7.903089986991944
301214.364	350	0.745	-7.903089986991944
301904.589	350	0.75	-7.903089986991944
302567.599	350	0.755	-7.903089986991944
303803.717	350	0.76	-7.903089986991944
305304.945	350	0.765	-7.903089986991944
306212.19	350	0.77	-7.903089986991944
307291.648	350	0.775	-7.903089986991944
307567.024	350	0.78	-7.903089986991944
308565.51	350	0.785	-7.903089986991944
309389.723	350	0.79	-7.903089986991944
309972.164	350	0.795	-7.903089986991944
310860.786	350	0.8	-7.903089986991944
311639.314	350	0.805	-7.903089986991944
313035.485	350	0.81	-7.903089986991944
314290.28	350	0.815	-7.903089986991944
315028.5	350	0.82	-7.903089986991944
315722.214	350	0.825	-7.903089986991944
317152.955	350	0.83	-7.903089986991944
318680.496	350	0.835	-7.903089986991944
319840.803	350	0.84	-7.903089986991944
320903.557	350	0.845	-7.903089986991944
322417.879	350	0.85	-7.903089986991944
323897.949	350	0.855	-7.903089986991944
325187.6	350	0.86	-7.903089986991944
326837.131	350	0.865	-7.903089986991944
327903.458	350	0.87	-7.903089986991944
329090.938	350	0.875	-7.903089986991944
332270.857	350	0.88	-7.903089986991944
334245.3	350	0.885	-7.903089986991944
335090.143	350	0.89	-7.903089986991944
337578.913	350	0.895	-7.903089986991944
339438.85	350	0.9	-7.903089986991944
341153.329	350	0.905	-7.903089986991944
342952.414	350	0.91	-7.903089986991944
344075.479	350	0.915	-7.903089986991944
348215.834	350	0.92	-7.903089986991944
350286.204	350	0.925	-7.903089986991944
354184.162	350	0.93	-7.903089986991944
360493.007	350	0.935	-7.903089986991944
363216.59	350	0.94	-7.903089986991944
367075.226	350	0.945	-7.903089986991944
371355.871	350	0.95	-7.903089986991944
377960.743	350	0.955	-7.903089986991944
380806.766	350	0.96	-7.903089986991944
393296.723	350	0.965	-7.903089986991944
406547.901	350	0.97	-7.903089986991944
419116.639	350	0.975	-7.903089986991944
435794.87	350	0.98	-7.903089986991944
446433.471	350	0.985	-7.903089986991944
480115.842	350	0.99	-7.903089986991944
514219.56	350	0.995	-7.903089986991944
284003.571	375	0.5	-7.903089986991944
284262.457	375	0.505	-7.903089986991944
285144.779	375	0.51	-7.903089986991944
285379.193	375	0.515	-7.903089986991944
285673.829	375	0.52	-7.903089986991944
286085.502	375	0.525	-7.903089986991944
286548.571	375	0.53	-7.903089986991944
286753.276	375	0.535	-7.903089986991944
287385.371	375	0.54	-7.903089986991944
287981.153	375	0.545	-7.903089986991944
288525.357	375	0.55	-7.903089986991944
289077.855	375	0.555	-7.903089986991944
289849.891	375	0.56	-7.903089986991944
290127.181	375	0.565	-7.903089986991944
290621.614	375	0.57	-7.903089986991944
290881.679	375	0.575	-7.903089986991944
291125.24	375	0.58	-7.903089986991944
291434.262	375	0.585	-7.903089986991944
291879.341	375	0.59	-7.903089986991944
292222.607	375	0.595	-7.903089986991944
292680.657	375	0.6	-7.903089986991944
293365.615	375	0.605	-7.903089986991944
294072.672	375	0.61	-7.903089986991944
294427.621	375	0.615	-7.903089986991944
295156.37	375	0.62	-7.903089986991944
295647.089	375	0.625	-7.903089986991944
296220.399	375	0.63	-7.903089986991944
296560.564	375	0.635	-7.903089986991944
297028.103	375	0.64	-7.903089986991944
297422.639	375	0.645	-7.903089986991944
298002.446	375	0.65	-7.903089986991944
298476.705	375	0.655	-7.903089986991944
298861.657	375	0.66	-7.903089986991944
299297.769	375	0.665	-7.903089986991944
300034.596	375	0.67	-7.903089986991944
300698.441	375	0.675	-7.903089986991944
301144.229	375	0.68	-7.903089986991944
301716.037	375	0.685	-7.903089986991944
302477.814	375	0.69	-7.903089986991944
302887.964	375	0.695	-7.903089986991944
303802.429	375	0.7	-7.903089986991944
304288.121	375	0.705	-7.903089986991944
305146.629	375	0.71	-7.903089986991944
305828.52	375	0.715	-7.903089986991944
306995.714	375	0.72	-7.903089986991944
307529.061	375	0.725	-7.903089986991944
307813.343	375	0.73	-7.903089986991944
308522.148	375	0.735	-7.903089986991944
308854.507	375	0.74	-7.903089986991944
309315.7	375	0.745	-7.903089986991944
309786.107	375	0.75	-7.903089986991944
310132.363	375	0.755	-7.903089986991944
311242.457	375	0.76	-7.903089986991944
311916.933	375	0.765	-7.903089986991944
312438.549	375	0.77	-7.903089986991944
312934.766	375	0.775	-7.903089986991944
313705.227	375	0.78	-7.903089986991944
314429.67	375	0.785	-7.903089986991944
314812.569	375	0.79	-7.903089986991944
315623.857	375	0.795	-7.903089986991944
316713.586	375	0.8	-7.903089986991944
318167.949	375	0.805	-7.903089986991944
319759.1	375	0.81	-7.903089986991944
320570.948	375	0.815	-7.903089986991944
321421.987	375	0.82	-7.903089986991944
322492.882	375	0.825	-7.903089986991944
323674.072	375	0.83	-7.903089986991944
324387.239	375	0.835	-7.903089986991944
324683.257	375	0.84	-7.903089986991944
326198.749	375	0.845	-7.903089986991944
327026.296	375	0.85	-7.903089986991944
328270.658	375	0.855	-7.903089986991944
329652.831	375	0.86	-7.903089986991944
331290.249	375	0.865	-7.903089986991944
333407.086	375	0.87	-7.903089986991944
334418.036	375	0.875	-7.903089986991944
336005.994	375	0.88	-7.903089986991944
337284.764	375	0.885	-7.903089986991944
338182.456	375	0.89	-7.903089986991944
339734.543	375	0.895	-7.903089986991944
341451.214	375	0.9	-7.903089986991944
343056.992	375	0.905	-7.903089986991944
346367.316	375	0.91	-7.903089986991944
347840.338	375	0.915	-7.903089986991944
349908.671	375	0.92	-7.903089986991944
352959.25	375	0.925	-7.903089986991944
354669.686	375	0.93	-7.903089986991944
357448.921	375	0.935	-7.903089986991944
362850.564	375	0.94	-7.903089986991944
373061.393	375	0.945	-7.903089986991944
376382.475	375	0.95	-7.903089986991944
386006.798	375	0.955	-7.903089986991944
393540.986	375	0.96	-7.903089986991944
402711.688	375	0.965	-7.903089986991944
410413.526	375	0.97	-7.903089986991944
418145.766	375	0.975	-7.903089986991944
431603.701	375	0.98	-7.903089986991944
458703.714	375	0.985	-7.903089986991944
506762.673	375	0.99	-7.903089986991944
529949.229	375	0.995	-7.903089986991944
295405.786	400	0.5	-7.903089986991944
295773.464	400	0.505	-7.903089986991944
296369.071	400	0.51	-7.903089986991944
296812.306	400	0.515	-7.903089986991944
297322.074	400	0.52	-7.903089986991944
297630.454	400	0.525	-7.903089986991944
298105.957	400	0.53	-7.903089986991944
298464.822	400	0.535	-7.903089986991944
299221.677	400	0.54	-7.903089986991944
299627.142	400	0.545	-7.903089986991944
300339.064	400	0.55	-7.903089986991944
300694.19	400	0.555	-7.903089986991944
301513.326	400	0.56	-7.903089986991944
301841.529	400	0.565	-7.903089986991944
302470.354	400	0.57	-7.903089986991944
303221.53	400	0.575	-7.903089986991944
303435.554	400	0.58	-7.903089986991944
303915.811	400	0.585	-7.903089986991944
304221.786	400	0.59	-7.903089986991944
304487.524	400	0.595	-7.903089986991944
304726.7	400	0.6	-7.903089986991944
305623.257	400	0.605	-7.903089986991944
306225.886	400	0.61	-7.903089986991944
306716.286	400	0.615	-7.903089986991944
307102.571	400	0.62	-7.903089986991944
307479.652	400	0.625	-7.903089986991944
307805.031	400	0.63	-7.903089986991944
308250.374	400	0.635	-7.903089986991944
308968.563	400	0.64	-7.903089986991944
309308.957	400	0.645	-7.903089986991944
310374.832	400	0.65	-7.903089986991944
310954.575	400	0.655	-7.903089986991944
311366.379	400	0.66	-7.903089986991944
311978.214	400	0.665	-7.903089986991944
312838.579	400	0.67	-7.903089986991944
313805.691	400	0.675	-7.903089986991944
314722.766	400	0.68	-7.903089986991944
315260.347	400	0.685	-7.903089986991944
315580.414	400	0.69	-7.903089986991944
317002.651	400	0.695	-7.903089986991944
317854.45	400	0.7	-7.903089986991944
318386.664	400	0.705	-7.903089986991944
318826.186	400	0.71	-7.903089986991944
319370.0	400	0.715	-7.903089986991944
319967.597	400	0.72	-7.903089986991944
321340.98	400	0.725	-7.903089986991944
321878.347	400	0.73	-7.903089986991944
322680.03	400	0.735	-7.903089986991944
323639.196	400	0.74	-7.903089986991944
324185.214	400	0.745	-7.903089986991944
324612.339	400	0.75	-7.903089986991944
324749.756	400	0.755	-7.903089986991944
325306.449	400	0.76	-7.903089986991944
326590.521	400	0.765	-7.903089986991944
327080.779	400	0.77	-7.903089986991944
327874.548	400	0.775	-7.903089986991944
328968.829	400	0.78	-7.903089986991944
329697.956	400	0.785	-7.903089986991944
330197.671	400	0.79	-7.903089986991944
330988.821	400	0.795	-7.903089986991944
331899.186	400	0.8	-7.903089986991944
332938.286	400	0.805	-7.903089986991944
333933.198	400	0.81	-7.903089986991944
335899.75	400	0.815	-7.903089986991944
336851.96	400	0.82	-7.903089986991944
337910.727	400	0.825	-7.903089986991944
339335.957	400	0.83	-7.903089986991944
339735.086	400	0.835	-7.903089986991944
341107.206	400	0.84	-7.903089986991944
342539.957	400	0.845	-7.903089986991944
343952.786	400	0.85	-7.903089986991944
345023.878	400	0.855	-7.903089986991944
346920.866	400	0.86	-7.903089986991944
348848.867	400	0.865	-7.903089986991944
350403.785	400	0.87	-7.903089986991944
351780.536	400	0.875	-7.903089986991944
353617.54	400	0.88	-7.903089986991944
356026.885	400	0.885	-7.903089986991944
358887.009	400	0.89	-7.903089986991944
362412.628	400	0.895	-7.903089986991944
365530.329	400	0.9	-7.903089986991944
367866.377	400	0.905	-7.903089986991944
372677.641	400	0.91	-7.903089986991944
374972.671	400	0.915	-7.903089986991944
377770.703	400	0.92	-7.903089986991944
383229.121	400	0.925	-7.903089986991944
386105.844	400	0.93	-7.903089986991944
391065.615	400	0.935	-7.903089986991944
394235.039	400	0.94	-7.903089986991944
398813.321	400	0.945	-7.903089986991944
403355.143	400	0.95	-7.903089986991944
409886.586	400	0.955	-7.903089986991944
422501.891	400	0.96	-7.903089986991944
431531.231	400	0.965	-7.903089986991944
442397.614	400	0.97	-7.903089986991944
450786.454	400	0.975	-7.903089986991944
463960.003	400	0.98	-7.903089986991944
478731.764	400	0.985	-7.903089986991944
511953.174	400	0.99	-7.903089986991944
543382.003	400	0.995	-7.903089986991944
299719.321	425	0.5	-7.903089986991944
300357.761	425	0.505	-7.903089986991944
300925.122	425	0.51	-7.903089986991944
301305.354	425	0.515	-7.903089986991944
301620.303	425	0.52	-7.903089986991944
302232.97	425	0.525	-7.903089986991944
302554.642	425	0.53	-7.903089986991944
302977.571	425	0.535	-7.903089986991944
303733.416	425	0.54	-7.903089986991944
304390.468	425	0.545	-7.903089986991944
305077.261	425	0.55	-7.903089986991944
305451.79	425	0.555	-7.903089986991944
305955.469	425	0.56	-7.903089986991944
306433.162	425	0.565	-7.903089986991944
307163.926	425	0.57	-7.903089986991944
307721.061	425	0.575	-7.903089986991944
308333.927	425	0.58	-7.903089986991944
308626.882	425	0.585	-7.903089986991944
309189.414	425	0.59	-7.903089986991944
310131.807	425	0.595	-7.903089986991944
310657.457	425	0.6	-7.903089986991944
311292.242	425	0.605	-7.903089986991944
312204.958	425	0.61	-7.903089986991944
313273.099	425	0.615	-7.903089986991944
313784.643	425	0.62	-7.903089986991944
313922.143	425	0.625	-7.903089986991944
314241.653	425	0.63	-7.903089986991944
314522.8	425	0.635	-7.903089986991944
315208.743	425	0.64	-7.903089986991944
316217.414	425	0.645	-7.903089986991944
317081.143	425	0.65	-7.903089986991944
317947.268	425	0.655	-7.903089986991944
318543.714	425	0.66	-7.903089986991944
319346.081	425	0.665	-7.903089986991944
320204.462	425	0.67	-7.903089986991944
321227.679	425	0.675	-7.903089986991944
321635.649	425	0.68	-7.903089986991944
321975.093	425	0.685	-7.903089986991944
323085.857	425	0.69	-7.903089986991944
324120.314	425	0.695	-7.903089986991944
325129.4	425	0.7	-7.903089986991944
326172.23	425	0.705	-7.903089986991944
326972.114	425	0.71	-7.903089986991944
327251.594	425	0.715	-7.903089986991944
327944.491	425	0.72	-7.903089986991944
329437.893	425	0.725	-7.903089986991944
330757.142	425	0.73	-7.903089986991944
331311.362	425	0.735	-7.903089986991944
332022.321	425	0.74	-7.903089986991944
332625.721	425	0.745	-7.903089986991944
333714.607	425	0.75	-7.903089986991944
334057.621	425	0.755	-7.903089986991944
334701.543	425	0.76	-7.903089986991944
335617.341	425	0.765	-7.903089986991944
336625.616	425	0.77	-7.903089986991944
337984.75	425	0.775	-7.903089986991944
338708.559	425	0.78	-7.903089986991944
340144.907	425	0.785	-7.903089986991944
341214.774	425	0.79	-7.903089986991944
342415.022	425	0.795	-7.903089986991944
343023.414	425	0.8	-7.903089986991944
344199.429	425	0.805	-7.903089986991944
344971.899	425	0.81	-7.903089986991944
345688.619	425	0.815	-7.903089986991944
346494.659	425	0.82	-7.903089986991944
348443.905	425	0.825	-7.903089986991944
349409.196	425	0.83	-7.903089986991944
350938.681	425	0.835	-7.903089986991944
353380.709	425	0.84	-7.903089986991944
354741.994	425	0.845	-7.903089986991944
355873.225	425	0.85	-7.903089986991944
358291.432	425	0.855	-7.903089986991944
359607.744	425	0.86	-7.903089986991944
360348.588	425	0.865	-7.903089986991944
362563.719	425	0.87	-7.903089986991944
365685.42	425	0.875	-7.903089986991944
366782.651	425	0.88	-7.903089986991944
369892.646	425	0.885	-7.903089986991944
371008.298	425	0.89	-7.903089986991944
373950.343	425	0.895	-7.903089986991944
375535.271	425	0.9	-7.903089986991944
377988.466	425	0.905	-7.903089986991944
380232.921	425	0.91	-7.903089986991944
384022.961	425	0.915	-7.903089986991944
385580.466	425	0.92	-7.903089986991944
388362.554	425	0.925	-7.903089986991944
391028.352	425	0.93	-7.903089986991944
398033.364	425	0.935	-7.903089986991944
402258.656	425	0.94	-7.903089986991944
403915.614	425	0.945	-7.903089986991944
418237.643	425	0.95	-7.903089986991944
430634.1	425	0.955	-7.903089986991944
440915.143	425	0.96	-7.903089986991944
451093.948	425	0.965	-7.903089986991944
457911.443	425	0.97	-7.903089986991944
465726.0	425	0.975	-7.903089986991944
479559.899	425	0.98	-7.903089986991944
531803.75	425	0.985	-7.903089986991944
586935.486	425	0.99	-7.903089986991944
606225.036	425	0.995	-7.903089986991944
310888.964	450	0.5	-7.903089986991944
311258.329	450	0.505	-7.903089986991944
311508.927	450	0.51	-7.903089986991944
311976.47	450	0.515	-7.903089986991944
312308.629	450	0.52	-7.903089986991944
312805.827	450	0.525	-7.903089986991944
313201.471	450	0.53	-7.903089986991944
313901.406	450	0.535	-7.903089986991944
314498.991	450	0.54	-7.903089986991944
314938.232	450	0.545	-7.903089986991944
315696.071	450	0.55	-7.903089986991944
316896.66	450	0.555	-7.903089986991944
317650.997	450	0.56	-7.903089986991944
318179.171	450	0.565	-7.903089986991944
318819.388	450	0.57	-7.903089986991944
319350.934	450	0.575	-7.903089986991944
319773.979	450	0.58	-7.903089986991944
320278.472	450	0.585	-7.903089986991944
321175.628	450	0.59	-7.903089986991944
321814.033	450	0.595	-7.903089986991944
322423.514	450	0.6	-7.903089986991944
322945.864	450	0.605	-7.903089986991944
323944.039	450	0.61	-7.903089986991944
324492.294	450	0.615	-7.903089986991944
324975.877	450	0.62	-7.903089986991944
325803.902	450	0.625	-7.903089986991944
326344.004	450	0.63	-7.903089986991944
326817.603	450	0.635	-7.903089986991944
327769.2	450	0.64	-7.903089986991944
328271.8	450	0.645	-7.903089986991944
328578.95	450	0.65	-7.903089986991944
329280.95	450	0.655	-7.903089986991944
330001.021	450	0.66	-7.903089986991944
330583.983	450	0.665	-7.903089986991944
331202.148	450	0.67	-7.903089986991944
331938.532	450	0.675	-7.903089986991944
332316.114	450	0.68	-7.903089986991944
332690.464	450	0.685	-7.903089986991944
333106.764	450	0.69	-7.903089986991944
333737.258	450	0.695	-7.903089986991944
334102.521	450	0.7	-7.903089986991944
334336.621	450	0.705	-7.903089986991944
336151.537	450	0.71	-7.903089986991944
337082.225	450	0.715	-7.903089986991944
337669.18	450	0.72	-7.903089986991944
338213.412	450	0.725	-7.903089986991944
339343.571	450	0.73	-7.903089986991944
340049.538	450	0.735	-7.903089986991944
340778.159	450	0.74	-7.903089986991944
341559.279	450	0.745	-7.903089986991944
342734.643	450	0.75	-7.903089986991944
344140.74	450	0.755	-7.903089986991944
345278.274	450	0.76	-7.903089986991944
346406.289	450	0.765	-7.903089986991944
347105.796	450	0.77	-7.903089986991944
347974.968	450	0.775	-7.903089986991944
349184.657	450	0.78	-7.903089986991944
350491.786	450	0.785	-7.903089986991944
351235.471	450	0.79	-7.903089986991944
351728.296	450	0.795	-7.903089986991944
352395.829	450	0.8	-7.903089986991944
353014.968	450	0.805	-7.903089986991944
354167.557	450	0.81	-7.903089986991944
356211.794	450	0.815	-7.903089986991944
358403.029	450	0.82	-7.903089986991944
359075.5	450	0.825	-7.903089986991944
359681.912	450	0.83	-7.903089986991944
361162.111	450	0.835	-7.903089986991944
363289.726	450	0.84	-7.903089986991944
364967.053	450	0.845	-7.903089986991944
366060.071	450	0.85	-7.903089986991944
366405.507	450	0.855	-7.903089986991944
368329.714	450	0.86	-7.903089986991944
370298.424	450	0.865	-7.903089986991944
371112.928	450	0.87	-7.903089986991944
371565.625	450	0.875	-7.903089986991944
373082.931	450	0.88	-7.903089986991944
375688.381	450	0.885	-7.903089986991944
378794.803	450	0.89	-7.903089986991944
381448.007	450	0.895	-7.903089986991944
383498.429	450	0.9	-7.903089986991944
386279.522	450	0.905	-7.903089986991944
387854.121	450	0.91	-7.903089986991944
392238.607	450	0.915	-7.903089986991944
394788.566	450	0.92	-7.903089986991944
397191.561	450	0.925	-7.903089986991944
401184.676	450	0.93	-7.903089986991944
402444.362	450	0.935	-7.903089986991944
409250.947	450	0.94	-7.903089986991944
412724.646	450	0.945	-7.903089986991944
420340.707	450	0.95	-7.903089986991944
422971.468	450	0.955	-7.903089986991944
432787.086	450	0.96	-7.903089986991944
447300.012	450	0.965	-7.903089986991944
453483.488	450	0.97	-7.903089986991944
475705.568	450	0.975	-7.903089986991944
485074.776	450	0.98	-7.903089986991944
506353.648	450	0.985	-7.903089986991944
551186.0	450	0.99	-7.903089986991944
593486.871	450	0.995	-7.903089986991944
