S*_score	SNP_num	quantile	log(local_recomb_rate)
114620.0	25	0.5	-7.903089986991944
114915.2	25	0.505	-7.903089986991944
115001.067	25	0.51	-7.903089986991944
115110.4	25	0.515	-7.903089986991944
115381.6	25	0.52	-7.903089986991944
116132.0	25	0.525	-7.903089986991944
116679.2	25	0.53	-7.903089986991944
117422.2	25	0.535	-7.903089986991944
117911.2	25	0.54	-7.903089986991944
118237.6	25	0.545	-7.903089986991944
118980.0	25	0.55	-7.903089986991944
120580.8	25	0.555	-7.903089986991944
121325.99	25	0.56	-7.903089986991944
121469.27	25	0.565	-7.903089986991944
121979.62	25	0.57	-7.903089986991944
122092.0	25	0.575	-7.903089986991944
122323.2	25	0.58	-7.903089986991944
123065.6	25	0.585	-7.903089986991944
124139.2	25	0.59	-7.903089986991944
124591.2	25	0.595	-7.903089986991944
125009.333	25	0.6	-7.903089986991944
125350.667	25	0.605	-7.903089986991944
125880.0	25	0.61	-7.903089986991944
126200.8	25	0.615	-7.903089986991944
126371.813	25	0.62	-7.903089986991944
127333.333	25	0.625	-7.903089986991944
129320.0	25	0.63	-7.903089986991944
131020.8	25	0.635	-7.903089986991944
131460.8	25	0.64	-7.903089986991944
132160.653	25	0.645	-7.903089986991944
132921.0	25	0.65	-7.903089986991944
133273.48	25	0.655	-7.903089986991944
133720.0	25	0.66	-7.903089986991944
134814.92	25	0.665	-7.903089986991944
136169.0	25	0.67	-7.903089986991944
137113.933	25	0.675	-7.903089986991944
137389.76	25	0.68	-7.903089986991944
137641.88	25	0.685	-7.903089986991944
137825.069	25	0.69	-7.903089986991944
138370.4	25	0.695	-7.903089986991944
138944.0	25	0.7	-7.903089986991944
140673.6	25	0.705	-7.903089986991944
141230.88	25	0.71	-7.903089986991944
142551.369	25	0.715	-7.903089986991944
144217.6	25	0.72	-7.903089986991944
145450.667	25	0.725	-7.903089986991944
145637.6	25	0.73	-7.903089986991944
146377.6	25	0.735	-7.903089986991944
146779.2	25	0.74	-7.903089986991944
147628.8	25	0.745	-7.903089986991944
147880.0	25	0.75	-7.903089986991944
149263.907	25	0.755	-7.903089986991944
149633.72	25	0.76	-7.903089986991944
149846.88	25	0.765	-7.903089986991944
150222.4	25	0.77	-7.903089986991944
150340.1	25	0.775	-7.903089986991944
151008.98	25	0.78	-7.903089986991944
151441.6	25	0.785	-7.903089986991944
151636.8	25	0.79	-7.903089986991944
152593.6	25	0.795	-7.903089986991944
153664.0	25	0.8	-7.903089986991944
153884.32	25	0.805	-7.903089986991944
156373.6	25	0.81	-7.903089986991944
156608.8	25	0.815	-7.903089986991944
157520.8	25	0.82	-7.903089986991944
158160.0	25	0.825	-7.903089986991944
158679.4	25	0.83	-7.903089986991944
159187.72	25	0.835	-7.903089986991944
160860.8	25	0.84	-7.903089986991944
161468.28	25	0.845	-7.903089986991944
162207.0	25	0.85	-7.903089986991944
164094.4	25	0.855	-7.903089986991944
164696.8	25	0.86	-7.903089986991944
164869.6	25	0.865	-7.903089986991944
166081.867	25	0.87	-7.903089986991944
166890.0	25	0.875	-7.903089986991944
167355.2	25	0.88	-7.903089986991944
167973.818	25	0.885	-7.903089986991944
168839.08	25	0.89	-7.903089986991944
169609.6	25	0.895	-7.903089986991944
170559.111	25	0.9	-7.903089986991944
171611.2	25	0.905	-7.903089986991944
175159.2	25	0.91	-7.903089986991944
176412.0	25	0.915	-7.903089986991944
177136.267	25	0.92	-7.903089986991944
180548.6	25	0.925	-7.903089986991944
181656.8	25	0.93	-7.903089986991944
182158.4	25	0.935	-7.903089986991944
182864.72	25	0.94	-7.903089986991944
184060.0	25	0.945	-7.903089986991944
186855.4	25	0.95	-7.903089986991944
187208.8	25	0.955	-7.903089986991944
187468.0	25	0.96	-7.903089986991944
188035.2	25	0.965	-7.903089986991944
190166.4	25	0.97	-7.903089986991944
192346.667	25	0.975	-7.903089986991944
195199.2	25	0.98	-7.903089986991944
195387.16	25	0.985	-7.903089986991944
197531.543	25	0.99	-7.903089986991944
203680.8	25	0.995	-7.903089986991944
118430.0	50	0.5	-7.903089986991944
118860.8	50	0.505	-7.903089986991944
119325.12	50	0.51	-7.903089986991944
119721.161	50	0.515	-7.903089986991944
119981.6	50	0.52	-7.903089986991944
120249.333	50	0.525	-7.903089986991944
120987.824	50	0.53	-7.903089986991944
121237.943	50	0.535	-7.903089986991944
121615.432	50	0.54	-7.903089986991944
121755.117	50	0.545	-7.903089986991944
122636.0	50	0.55	-7.903089986991944
123357.6	50	0.555	-7.903089986991944
124026.667	50	0.56	-7.903089986991944
124887.6	50	0.565	-7.903089986991944
125119.0	50	0.57	-7.903089986991944
125722.0	50	0.575	-7.903089986991944
126130.18	50	0.58	-7.903089986991944
126903.6	50	0.585	-7.903089986991944
127843.327	50	0.59	-7.903089986991944
128038.4	50	0.595	-7.903089986991944
128490.0	50	0.6	-7.903089986991944
129255.92	50	0.605	-7.903089986991944
130380.069	50	0.61	-7.903089986991944
131148.706	50	0.615	-7.903089986991944
131569.486	50	0.62	-7.903089986991944
132023.333	50	0.625	-7.903089986991944
132348.8	50	0.63	-7.903089986991944
132860.8	50	0.635	-7.903089986991944
133169.05	50	0.64	-7.903089986991944
133794.467	50	0.645	-7.903089986991944
133936.6	50	0.65	-7.903089986991944
134111.076	50	0.655	-7.903089986991944
134292.6	50	0.66	-7.903089986991944
134708.7	50	0.665	-7.903089986991944
135222.24	50	0.67	-7.903089986991944
135771.0	50	0.675	-7.903089986991944
136142.286	50	0.68	-7.903089986991944
136821.6	50	0.685	-7.903089986991944
137423.36	50	0.69	-7.903089986991944
137976.578	50	0.695	-7.903089986991944
138365.714	50	0.7	-7.903089986991944
138992.55	50	0.705	-7.903089986991944
139973.227	50	0.71	-7.903089986991944
140900.457	50	0.715	-7.903089986991944
141265.647	50	0.72	-7.903089986991944
141616.4	50	0.725	-7.903089986991944
141732.54	50	0.73	-7.903089986991944
142147.0	50	0.735	-7.903089986991944
142276.0	50	0.74	-7.903089986991944
142749.938	50	0.745	-7.903089986991944
143090.0	50	0.75	-7.903089986991944
143409.52	50	0.755	-7.903089986991944
144570.8	50	0.76	-7.903089986991944
144905.2	50	0.765	-7.903089986991944
145633.947	50	0.77	-7.903089986991944
147225.0	50	0.775	-7.903089986991944
147487.84	50	0.78	-7.903089986991944
147750.867	50	0.785	-7.903089986991944
149141.72	50	0.79	-7.903089986991944
150088.233	50	0.795	-7.903089986991944
150917.05	50	0.8	-7.903089986991944
151700.62	50	0.805	-7.903089986991944
152062.4	50	0.81	-7.903089986991944
152618.4	50	0.815	-7.903089986991944
152981.42	50	0.82	-7.903089986991944
153609.5	50	0.825	-7.903089986991944
154462.933	50	0.83	-7.903089986991944
156138.82	50	0.835	-7.903089986991944
156491.2	50	0.84	-7.903089986991944
156725.533	50	0.845	-7.903089986991944
157303.2	50	0.85	-7.903089986991944
158310.3	50	0.855	-7.903089986991944
158918.06	50	0.86	-7.903089986991944
159427.8	50	0.865	-7.903089986991944
159963.2	50	0.87	-7.903089986991944
160675.0	50	0.875	-7.903089986991944
161808.8	50	0.88	-7.903089986991944
162424.203	50	0.885	-7.903089986991944
163724.8	50	0.89	-7.903089986991944
164890.82	50	0.895	-7.903089986991944
166093.143	50	0.9	-7.903089986991944
167440.667	50	0.905	-7.903089986991944
168700.8	50	0.91	-7.903089986991944
169689.27	50	0.915	-7.903089986991944
170326.133	50	0.92	-7.903089986991944
172064.0	50	0.925	-7.903089986991944
173453.467	50	0.93	-7.903089986991944
174823.2	50	0.935	-7.903089986991944
176822.338	50	0.94	-7.903089986991944
178064.8	50	0.945	-7.903089986991944
180781.333	50	0.95	-7.903089986991944
182726.0	50	0.955	-7.903089986991944
183504.229	50	0.96	-7.903089986991944
185098.4	50	0.965	-7.903089986991944
185756.6	50	0.97	-7.903089986991944
186462.0	50	0.975	-7.903089986991944
189425.8	50	0.98	-7.903089986991944
192687.2	50	0.985	-7.903089986991944
194861.64	50	0.99	-7.903089986991944
204016.6	50	0.995	-7.903089986991944
121583.333	75	0.5	-7.903089986991944
122281.039	75	0.505	-7.903089986991944
123248.486	75	0.51	-7.903089986991944
123695.922	75	0.515	-7.903089986991944
124589.333	75	0.52	-7.903089986991944
125057.65	75	0.525	-7.903089986991944
125641.725	75	0.53	-7.903089986991944
126212.405	75	0.535	-7.903089986991944
126536.358	75	0.54	-7.903089986991944
126767.201	75	0.545	-7.903089986991944
127105.293	75	0.55	-7.903089986991944
127420.01	75	0.555	-7.903089986991944
127668.12	75	0.56	-7.903089986991944
128494.982	75	0.565	-7.903089986991944
128896.167	75	0.57	-7.903089986991944
129356.5	75	0.575	-7.903089986991944
129826.878	75	0.58	-7.903089986991944
130596.381	75	0.585	-7.903089986991944
131368.032	75	0.59	-7.903089986991944
131787.026	75	0.595	-7.903089986991944
132581.964	75	0.6	-7.903089986991944
133542.683	75	0.605	-7.903089986991944
133946.488	75	0.61	-7.903089986991944
134385.508	75	0.615	-7.903089986991944
134597.803	75	0.62	-7.903089986991944
135055.938	75	0.625	-7.903089986991944
135294.13	75	0.63	-7.903089986991944
135632.375	75	0.635	-7.903089986991944
135849.6	75	0.64	-7.903089986991944
136528.168	75	0.645	-7.903089986991944
137181.8	75	0.65	-7.903089986991944
137455.65	75	0.655	-7.903089986991944
137925.8	75	0.66	-7.903089986991944
138465.649	75	0.665	-7.903089986991944
138823.228	75	0.67	-7.903089986991944
139568.597	75	0.675	-7.903089986991944
140065.6	75	0.68	-7.903089986991944
140494.3	75	0.685	-7.903089986991944
141247.195	75	0.69	-7.903089986991944
141471.321	75	0.695	-7.903089986991944
141967.333	75	0.7	-7.903089986991944
142503.572	75	0.705	-7.903089986991944
142958.665	75	0.71	-7.903089986991944
143158.632	75	0.715	-7.903089986991944
143643.2	75	0.72	-7.903089986991944
144160.158	75	0.725	-7.903089986991944
144565.151	75	0.73	-7.903089986991944
144846.657	75	0.735	-7.903089986991944
145118.562	75	0.74	-7.903089986991944
145354.163	75	0.745	-7.903089986991944
146004.286	75	0.75	-7.903089986991944
146358.67	75	0.755	-7.903089986991944
146707.58	75	0.76	-7.903089986991944
147428.454	75	0.765	-7.903089986991944
148231.385	75	0.77	-7.903089986991944
148778.413	75	0.775	-7.903089986991944
149497.74	75	0.78	-7.903089986991944
150327.718	75	0.785	-7.903089986991944
151026.822	75	0.79	-7.903089986991944
151226.125	75	0.795	-7.903089986991944
151844.981	75	0.8	-7.903089986991944
152673.711	75	0.805	-7.903089986991944
153479.08	75	0.81	-7.903089986991944
154382.72	75	0.815	-7.903089986991944
154899.48	75	0.82	-7.903089986991944
155320.359	75	0.825	-7.903089986991944
155927.69	75	0.83	-7.903089986991944
156376.925	75	0.835	-7.903089986991944
157008.371	75	0.84	-7.903089986991944
157609.05	75	0.845	-7.903089986991944
158288.0	75	0.85	-7.903089986991944
158515.185	75	0.855	-7.903089986991944
159176.6	75	0.86	-7.903089986991944
159589.921	75	0.865	-7.903089986991944
160449.153	75	0.87	-7.903089986991944
161007.875	75	0.875	-7.903089986991944
161900.229	75	0.88	-7.903089986991944
162622.927	75	0.885	-7.903089986991944
163058.23	75	0.89	-7.903089986991944
163347.192	75	0.895	-7.903089986991944
164438.0	75	0.9	-7.903089986991944
165419.385	75	0.905	-7.903089986991944
165950.836	75	0.91	-7.903089986991944
167210.9	75	0.915	-7.903089986991944
168036.333	75	0.92	-7.903089986991944
169298.064	75	0.925	-7.903089986991944
169884.029	75	0.93	-7.903089986991944
171057.164	75	0.935	-7.903089986991944
172436.876	75	0.94	-7.903089986991944
174430.004	75	0.945	-7.903089986991944
175653.73	75	0.95	-7.903089986991944
176784.62	75	0.955	-7.903089986991944
179390.8	75	0.96	-7.903089986991944
181524.233	75	0.965	-7.903089986991944
182233.23	75	0.97	-7.903089986991944
183876.667	75	0.975	-7.903089986991944
186520.2	75	0.98	-7.903089986991944
190730.692	75	0.985	-7.903089986991944
194629.639	75	0.99	-7.903089986991944
198955.05	75	0.995	-7.903089986991944
129911.111	100	0.5	-7.903089986991944
130149.263	100	0.505	-7.903089986991944
130473.303	100	0.51	-7.903089986991944
131382.041	100	0.515	-7.903089986991944
131717.524	100	0.52	-7.903089986991944
132009.714	100	0.525	-7.903089986991944
132324.61	100	0.53	-7.903089986991944
133337.433	100	0.535	-7.903089986991944
133629.707	100	0.54	-7.903089986991944
133921.432	100	0.545	-7.903089986991944
134540.28	100	0.55	-7.903089986991944
134870.924	100	0.555	-7.903089986991944
135285.2	100	0.56	-7.903089986991944
135525.383	100	0.565	-7.903089986991944
135819.903	100	0.57	-7.903089986991944
136431.018	100	0.575	-7.903089986991944
136739.314	100	0.58	-7.903089986991944
136958.793	100	0.585	-7.903089986991944
137600.8	100	0.59	-7.903089986991944
137851.168	100	0.595	-7.903089986991944
138221.714	100	0.6	-7.903089986991944
138994.2	100	0.605	-7.903089986991944
139883.074	100	0.61	-7.903089986991944
140308.086	100	0.615	-7.903089986991944
140624.768	100	0.62	-7.903089986991944
141108.775	100	0.625	-7.903089986991944
141504.171	100	0.63	-7.903089986991944
141853.55	100	0.635	-7.903089986991944
142288.0	100	0.64	-7.903089986991944
142579.0	100	0.645	-7.903089986991944
142858.571	100	0.65	-7.903089986991944
143330.544	100	0.655	-7.903089986991944
143570.609	100	0.66	-7.903089986991944
143908.211	100	0.665	-7.903089986991944
144069.862	100	0.67	-7.903089986991944
144214.473	100	0.675	-7.903089986991944
144514.235	100	0.68	-7.903089986991944
144780.891	100	0.685	-7.903089986991944
145213.964	100	0.69	-7.903089986991944
145638.738	100	0.695	-7.903089986991944
145837.08	100	0.7	-7.903089986991944
146415.078	100	0.705	-7.903089986991944
146726.32	100	0.71	-7.903089986991944
147016.535	100	0.715	-7.903089986991944
147412.302	100	0.72	-7.903089986991944
147640.667	100	0.725	-7.903089986991944
148039.829	100	0.73	-7.903089986991944
148349.629	100	0.735	-7.903089986991944
148660.4	100	0.74	-7.903089986991944
148858.214	100	0.745	-7.903089986991944
149536.2	100	0.75	-7.903089986991944
149724.567	100	0.755	-7.903089986991944
150176.655	100	0.76	-7.903089986991944
150450.089	100	0.765	-7.903089986991944
150845.44	100	0.77	-7.903089986991944
151366.944	100	0.775	-7.903089986991944
152344.031	100	0.78	-7.903089986991944
152726.57	100	0.785	-7.903089986991944
153067.92	100	0.79	-7.903089986991944
153676.546	100	0.795	-7.903089986991944
153844.958	100	0.8	-7.903089986991944
154441.98	100	0.805	-7.903089986991944
155249.303	100	0.81	-7.903089986991944
155869.6	100	0.815	-7.903089986991944
156104.884	100	0.82	-7.903089986991944
156317.068	100	0.825	-7.903089986991944
156484.72	100	0.83	-7.903089986991944
157612.754	100	0.835	-7.903089986991944
158420.401	100	0.84	-7.903089986991944
159327.067	100	0.845	-7.903089986991944
159725.956	100	0.85	-7.903089986991944
160897.833	100	0.855	-7.903089986991944
161177.164	100	0.86	-7.903089986991944
161886.689	100	0.865	-7.903089986991944
162593.439	100	0.87	-7.903089986991944
163497.0	100	0.875	-7.903089986991944
163755.92	100	0.88	-7.903089986991944
164086.24	100	0.885	-7.903089986991944
165460.72	100	0.89	-7.903089986991944
166107.013	100	0.895	-7.903089986991944
166723.714	100	0.9	-7.903089986991944
167571.783	100	0.905	-7.903089986991944
168669.394	100	0.91	-7.903089986991944
169471.115	100	0.915	-7.903089986991944
172289.873	100	0.92	-7.903089986991944
173717.045	100	0.925	-7.903089986991944
174207.657	100	0.93	-7.903089986991944
174876.825	100	0.935	-7.903089986991944
176007.617	100	0.94	-7.903089986991944
176841.6	100	0.945	-7.903089986991944
178064.691	100	0.95	-7.903089986991944
179082.223	100	0.955	-7.903089986991944
181036.466	100	0.96	-7.903089986991944
184795.876	100	0.965	-7.903089986991944
188043.6	100	0.97	-7.903089986991944
190158.103	100	0.975	-7.903089986991944
192481.4	100	0.98	-7.903089986991944
199280.8	100	0.985	-7.903089986991944
206913.867	100	0.99	-7.903089986991944
227647.711	100	0.995	-7.903089986991944
137004.143	125	0.5	-7.903089986991944
137186.7	125	0.505	-7.903089986991944
137381.418	125	0.51	-7.903089986991944
137644.217	125	0.515	-7.903089986991944
138930.057	125	0.52	-7.903089986991944
139039.292	125	0.525	-7.903089986991944
139570.433	125	0.53	-7.903089986991944
139888.538	125	0.535	-7.903089986991944
140213.154	125	0.54	-7.903089986991944
140486.425	125	0.545	-7.903089986991944
140663.464	125	0.55	-7.903089986991944
140911.584	125	0.555	-7.903089986991944
141193.004	125	0.56	-7.903089986991944
141508.901	125	0.565	-7.903089986991944
141833.393	125	0.57	-7.903089986991944
142309.96	125	0.575	-7.903089986991944
142702.76	125	0.58	-7.903089986991944
143130.111	125	0.585	-7.903089986991944
143527.999	125	0.59	-7.903089986991944
143930.535	125	0.595	-7.903089986991944
144378.372	125	0.6	-7.903089986991944
144705.898	125	0.605	-7.903089986991944
144894.502	125	0.61	-7.903089986991944
145062.789	125	0.615	-7.903089986991944
145430.776	125	0.62	-7.903089986991944
145865.833	125	0.625	-7.903089986991944
146243.978	125	0.63	-7.903089986991944
146813.125	125	0.635	-7.903089986991944
147160.0	125	0.64	-7.903089986991944
147662.233	125	0.645	-7.903089986991944
148294.0	125	0.65	-7.903089986991944
149142.217	125	0.655	-7.903089986991944
149459.485	125	0.66	-7.903089986991944
149589.78	125	0.665	-7.903089986991944
150034.9	125	0.67	-7.903089986991944
150709.36	125	0.675	-7.903089986991944
151135.338	125	0.68	-7.903089986991944
151327.081	125	0.685	-7.903089986991944
151551.991	125	0.69	-7.903089986991944
151808.38	125	0.695	-7.903089986991944
152044.994	125	0.7	-7.903089986991944
152495.268	125	0.705	-7.903089986991944
152991.029	125	0.71	-7.903089986991944
153198.621	125	0.715	-7.903089986991944
153409.322	125	0.72	-7.903089986991944
153958.269	125	0.725	-7.903089986991944
154698.476	125	0.73	-7.903089986991944
155206.634	125	0.735	-7.903089986991944
155622.894	125	0.74	-7.903089986991944
156309.719	125	0.745	-7.903089986991944
156769.723	125	0.75	-7.903089986991944
157195.365	125	0.755	-7.903089986991944
157480.176	125	0.76	-7.903089986991944
157741.346	125	0.765	-7.903089986991944
158244.967	125	0.77	-7.903089986991944
158641.405	125	0.775	-7.903089986991944
159199.233	125	0.78	-7.903089986991944
159415.154	125	0.785	-7.903089986991944
159856.634	125	0.79	-7.903089986991944
160560.89	125	0.795	-7.903089986991944
161041.714	125	0.8	-7.903089986991944
161242.659	125	0.805	-7.903089986991944
161981.275	125	0.81	-7.903089986991944
162479.357	125	0.815	-7.903089986991944
163103.318	125	0.82	-7.903089986991944
164317.638	125	0.825	-7.903089986991944
164698.951	125	0.83	-7.903089986991944
165623.638	125	0.835	-7.903089986991944
165991.048	125	0.84	-7.903089986991944
166741.948	125	0.845	-7.903089986991944
167466.974	125	0.85	-7.903089986991944
167696.6	125	0.855	-7.903089986991944
168267.316	125	0.86	-7.903089986991944
169069.438	125	0.865	-7.903089986991944
170285.886	125	0.87	-7.903089986991944
172278.525	125	0.875	-7.903089986991944
172954.331	125	0.88	-7.903089986991944
173595.724	125	0.885	-7.903089986991944
174798.006	125	0.89	-7.903089986991944
175511.275	125	0.895	-7.903089986991944
176280.179	125	0.9	-7.903089986991944
176989.455	125	0.905	-7.903089986991944
177185.055	125	0.91	-7.903089986991944
177847.553	125	0.915	-7.903089986991944
178965.58	125	0.92	-7.903089986991944
180072.129	125	0.925	-7.903089986991944
181697.6	125	0.93	-7.903089986991944
182892.496	125	0.935	-7.903089986991944
184052.48	125	0.94	-7.903089986991944
184465.89	125	0.945	-7.903089986991944
185205.929	125	0.95	-7.903089986991944
186266.669	125	0.955	-7.903089986991944
188020.051	125	0.96	-7.903089986991944
192135.77	125	0.965	-7.903089986991944
192566.078	125	0.97	-7.903089986991944
194906.568	125	0.975	-7.903089986991944
199486.174	125	0.98	-7.903089986991944
202436.813	125	0.985	-7.903089986991944
205095.242	125	0.99	-7.903089986991944
213531.567	125	0.995	-7.903089986991944
144841.965	150	0.5	-7.903089986991944
144981.658	150	0.505	-7.903089986991944
145464.812	150	0.51	-7.903089986991944
145811.977	150	0.515	-7.903089986991944
146345.414	150	0.52	-7.903089986991944
146588.854	150	0.525	-7.903089986991944
147023.38	150	0.53	-7.903089986991944
147770.101	150	0.535	-7.903089986991944
148142.863	150	0.54	-7.903089986991944
148298.014	150	0.545	-7.903089986991944
148587.794	150	0.55	-7.903089986991944
148960.273	150	0.555	-7.903089986991944
149266.321	150	0.56	-7.903089986991944
149734.296	150	0.565	-7.903089986991944
149981.8	150	0.57	-7.903089986991944
150248.182	150	0.575	-7.903089986991944
150767.78	150	0.58	-7.903089986991944
151024.5	150	0.585	-7.903089986991944
151491.779	150	0.59	-7.903089986991944
151811.875	150	0.595	-7.903089986991944
152000.583	150	0.6	-7.903089986991944
152417.875	150	0.605	-7.903089986991944
152583.454	150	0.61	-7.903089986991944
153078.923	150	0.615	-7.903089986991944
153598.308	150	0.62	-7.903089986991944
153790.167	150	0.625	-7.903089986991944
154096.143	150	0.63	-7.903089986991944
154607.077	150	0.635	-7.903089986991944
155120.6	150	0.64	-7.903089986991944
155212.773	150	0.645	-7.903089986991944
155395.0	150	0.65	-7.903089986991944
155701.622	150	0.655	-7.903089986991944
156202.215	150	0.66	-7.903089986991944
156368.834	150	0.665	-7.903089986991944
156728.325	150	0.67	-7.903089986991944
157311.75	150	0.675	-7.903089986991944
157630.993	150	0.68	-7.903089986991944
158082.506	150	0.685	-7.903089986991944
158352.0	150	0.69	-7.903089986991944
158655.474	150	0.695	-7.903089986991944
159099.402	150	0.7	-7.903089986991944
159557.555	150	0.705	-7.903089986991944
160303.231	150	0.71	-7.903089986991944
161166.261	150	0.715	-7.903089986991944
161671.938	150	0.72	-7.903089986991944
162555.714	150	0.725	-7.903089986991944
163047.922	150	0.73	-7.903089986991944
163448.685	150	0.735	-7.903089986991944
163653.975	150	0.74	-7.903089986991944
164202.46	150	0.745	-7.903089986991944
164432.5	150	0.75	-7.903089986991944
164602.773	150	0.755	-7.903089986991944
165103.556	150	0.76	-7.903089986991944
165559.527	150	0.765	-7.903089986991944
165782.545	150	0.77	-7.903089986991944
166008.667	150	0.775	-7.903089986991944
166533.342	150	0.78	-7.903089986991944
166892.156	150	0.785	-7.903089986991944
167121.33	150	0.79	-7.903089986991944
167341.808	150	0.795	-7.903089986991944
167626.143	150	0.8	-7.903089986991944
168167.625	150	0.805	-7.903089986991944
169003.958	150	0.81	-7.903089986991944
169482.3	150	0.815	-7.903089986991944
170407.359	150	0.82	-7.903089986991944
171244.038	150	0.825	-7.903089986991944
171677.45	150	0.83	-7.903089986991944
172419.537	150	0.835	-7.903089986991944
172791.086	150	0.84	-7.903089986991944
173749.375	150	0.845	-7.903089986991944
174102.462	150	0.85	-7.903089986991944
174742.438	150	0.855	-7.903089986991944
176065.883	150	0.86	-7.903089986991944
177055.749	150	0.865	-7.903089986991944
178060.385	150	0.87	-7.903089986991944
178617.482	150	0.875	-7.903089986991944
179562.358	150	0.88	-7.903089986991944
180064.662	150	0.885	-7.903089986991944
180626.897	150	0.89	-7.903089986991944
181421.069	150	0.895	-7.903089986991944
181745.419	150	0.9	-7.903089986991944
182804.538	150	0.905	-7.903089986991944
183495.881	150	0.91	-7.903089986991944
184098.783	150	0.915	-7.903089986991944
184619.407	150	0.92	-7.903089986991944
185262.222	150	0.925	-7.903089986991944
186114.905	150	0.93	-7.903089986991944
187134.498	150	0.935	-7.903089986991944
188130.692	150	0.94	-7.903089986991944
189212.7	150	0.945	-7.903089986991944
191156.071	150	0.95	-7.903089986991944
192656.507	150	0.955	-7.903089986991944
196469.246	150	0.96	-7.903089986991944
198434.067	150	0.965	-7.903089986991944
199198.903	150	0.97	-7.903089986991944
205999.179	150	0.975	-7.903089986991944
210882.6	150	0.98	-7.903089986991944
214135.255	150	0.985	-7.903089986991944
224097.071	150	0.99	-7.903089986991944
246746.625	150	0.995	-7.903089986991944
152560.357	175	0.5	-7.903089986991944
152895.151	175	0.505	-7.903089986991944
153173.133	175	0.51	-7.903089986991944
153682.84	175	0.515	-7.903089986991944
153962.769	175	0.52	-7.903089986991944
154313.094	175	0.525	-7.903089986991944
154861.969	175	0.53	-7.903089986991944
154978.241	175	0.535	-7.903089986991944
155335.872	175	0.54	-7.903089986991944
155993.065	175	0.545	-7.903089986991944
156131.336	175	0.55	-7.903089986991944
156300.994	175	0.555	-7.903089986991944
156568.831	175	0.56	-7.903089986991944
156789.976	175	0.565	-7.903089986991944
157200.532	175	0.57	-7.903089986991944
157397.616	175	0.575	-7.903089986991944
157883.415	175	0.58	-7.903089986991944
158204.69	175	0.585	-7.903089986991944
158729.28	175	0.59	-7.903089986991944
158967.717	175	0.595	-7.903089986991944
159315.757	175	0.6	-7.903089986991944
159466.0	175	0.605	-7.903089986991944
159869.267	175	0.61	-7.903089986991944
160124.292	175	0.615	-7.903089986991944
160639.76	175	0.62	-7.903089986991944
161164.55	175	0.625	-7.903089986991944
161570.049	175	0.63	-7.903089986991944
161742.409	175	0.635	-7.903089986991944
162096.0	175	0.64	-7.903089986991944
162250.409	175	0.645	-7.903089986991944
162821.775	175	0.65	-7.903089986991944
163320.171	175	0.655	-7.903089986991944
163663.889	175	0.66	-7.903089986991944
164419.667	175	0.665	-7.903089986991944
164899.358	175	0.67	-7.903089986991944
165375.111	175	0.675	-7.903089986991944
165629.602	175	0.68	-7.903089986991944
166196.917	175	0.685	-7.903089986991944
166722.092	175	0.69	-7.903089986991944
166988.622	175	0.695	-7.903089986991944
167454.421	175	0.7	-7.903089986991944
168028.075	175	0.705	-7.903089986991944
168438.229	175	0.71	-7.903089986991944
169095.239	175	0.715	-7.903089986991944
169428.011	175	0.72	-7.903089986991944
169765.786	175	0.725	-7.903089986991944
170045.169	175	0.73	-7.903089986991944
170453.623	175	0.735	-7.903089986991944
170873.928	175	0.74	-7.903089986991944
171361.377	175	0.745	-7.903089986991944
171654.446	175	0.75	-7.903089986991944
171802.249	175	0.755	-7.903089986991944
171988.554	175	0.76	-7.903089986991944
172300.754	175	0.765	-7.903089986991944
172678.672	175	0.77	-7.903089986991944
173225.817	175	0.775	-7.903089986991944
173832.66	175	0.78	-7.903089986991944
174300.445	175	0.785	-7.903089986991944
174960.755	175	0.79	-7.903089986991944
175144.396	175	0.795	-7.903089986991944
175364.047	175	0.8	-7.903089986991944
175736.386	175	0.805	-7.903089986991944
176296.818	175	0.81	-7.903089986991944
176779.323	175	0.815	-7.903089986991944
177446.166	175	0.82	-7.903089986991944
177710.178	175	0.825	-7.903089986991944
177994.155	175	0.83	-7.903089986991944
178178.359	175	0.835	-7.903089986991944
179152.366	175	0.84	-7.903089986991944
179932.121	175	0.845	-7.903089986991944
180361.154	175	0.85	-7.903089986991944
181041.949	175	0.855	-7.903089986991944
181322.482	175	0.86	-7.903089986991944
181963.233	175	0.865	-7.903089986991944
182098.908	175	0.87	-7.903089986991944
182688.732	175	0.875	-7.903089986991944
183709.02	175	0.88	-7.903089986991944
184148.172	175	0.885	-7.903089986991944
184704.634	175	0.89	-7.903089986991944
185176.05	175	0.895	-7.903089986991944
186105.483	175	0.9	-7.903089986991944
187739.492	175	0.905	-7.903089986991944
189154.015	175	0.91	-7.903089986991944
189916.829	175	0.915	-7.903089986991944
190401.956	175	0.92	-7.903089986991944
191919.835	175	0.925	-7.903089986991944
192828.582	175	0.93	-7.903089986991944
193852.76	175	0.935	-7.903089986991944
195898.508	175	0.94	-7.903089986991944
197373.924	175	0.945	-7.903089986991944
198921.368	175	0.95	-7.903089986991944
199919.635	175	0.955	-7.903089986991944
201344.629	175	0.96	-7.903089986991944
202671.472	175	0.965	-7.903089986991944
204918.475	175	0.97	-7.903089986991944
207925.339	175	0.975	-7.903089986991944
209913.971	175	0.98	-7.903089986991944
216660.674	175	0.985	-7.903089986991944
230708.312	175	0.99	-7.903089986991944
239838.186	175	0.995	-7.903089986991944
156907.071	200	0.5	-7.903089986991944
157196.785	200	0.505	-7.903089986991944
157582.8	200	0.51	-7.903089986991944
157948.641	200	0.515	-7.903089986991944
158232.335	200	0.52	-7.903089986991944
158556.344	200	0.525	-7.903089986991944
159188.187	200	0.53	-7.903089986991944
159337.083	200	0.535	-7.903089986991944
159520.0	200	0.54	-7.903089986991944
159753.18	200	0.545	-7.903089986991944
159964.317	200	0.55	-7.903089986991944
160191.829	200	0.555	-7.903089986991944
160459.824	200	0.56	-7.903089986991944
160748.752	200	0.565	-7.903089986991944
161255.331	200	0.57	-7.903089986991944
161410.989	200	0.575	-7.903089986991944
161734.902	200	0.58	-7.903089986991944
162038.938	200	0.585	-7.903089986991944
162418.065	200	0.59	-7.903089986991944
163040.397	200	0.595	-7.903089986991944
163255.352	200	0.6	-7.903089986991944
163565.426	200	0.605	-7.903089986991944
163972.81	200	0.61	-7.903089986991944
164417.113	200	0.615	-7.903089986991944
164772.47	200	0.62	-7.903089986991944
164991.292	200	0.625	-7.903089986991944
165191.314	200	0.63	-7.903089986991944
165585.951	200	0.635	-7.903089986991944
166339.18	200	0.64	-7.903089986991944
166934.702	200	0.645	-7.903089986991944
167424.523	200	0.65	-7.903089986991944
167879.941	200	0.655	-7.903089986991944
168193.908	200	0.66	-7.903089986991944
168408.858	200	0.665	-7.903089986991944
168799.013	200	0.67	-7.903089986991944
169141.409	200	0.675	-7.903089986991944
169493.265	200	0.68	-7.903089986991944
169768.092	200	0.685	-7.903089986991944
170298.795	200	0.69	-7.903089986991944
170685.833	200	0.695	-7.903089986991944
170976.971	200	0.7	-7.903089986991944
171300.485	200	0.705	-7.903089986991944
171770.051	200	0.71	-7.903089986991944
172187.685	200	0.715	-7.903089986991944
172713.333	200	0.72	-7.903089986991944
173246.354	200	0.725	-7.903089986991944
173736.3	200	0.73	-7.903089986991944
173994.855	200	0.735	-7.903089986991944
174603.36	200	0.74	-7.903089986991944
175077.722	200	0.745	-7.903089986991944
175367.604	200	0.75	-7.903089986991944
175989.748	200	0.755	-7.903089986991944
176703.8	200	0.76	-7.903089986991944
177195.076	200	0.765	-7.903089986991944
177762.758	200	0.77	-7.903089986991944
178443.561	200	0.775	-7.903089986991944
178670.511	200	0.78	-7.903089986991944
179551.886	200	0.785	-7.903089986991944
180114.031	200	0.79	-7.903089986991944
180406.742	200	0.795	-7.903089986991944
181045.367	200	0.8	-7.903089986991944
181393.173	200	0.805	-7.903089986991944
182048.285	200	0.81	-7.903089986991944
182326.829	200	0.815	-7.903089986991944
182802.59	200	0.82	-7.903089986991944
183713.1	200	0.825	-7.903089986991944
184064.543	200	0.83	-7.903089986991944
184516.326	200	0.835	-7.903089986991944
185158.601	200	0.84	-7.903089986991944
185501.391	200	0.845	-7.903089986991944
186077.038	200	0.85	-7.903089986991944
186396.497	200	0.855	-7.903089986991944
186963.418	200	0.86	-7.903089986991944
187664.157	200	0.865	-7.903089986991944
187998.293	200	0.87	-7.903089986991944
188601.308	200	0.875	-7.903089986991944
189218.509	200	0.88	-7.903089986991944
189886.701	200	0.885	-7.903089986991944
190397.173	200	0.89	-7.903089986991944
191950.324	200	0.895	-7.903089986991944
192414.571	200	0.9	-7.903089986991944
193190.928	200	0.905	-7.903089986991944
193979.291	200	0.91	-7.903089986991944
194930.719	200	0.915	-7.903089986991944
195481.091	200	0.92	-7.903089986991944
197618.161	200	0.925	-7.903089986991944
198504.514	200	0.93	-7.903089986991944
201224.739	200	0.935	-7.903089986991944
202708.334	200	0.94	-7.903089986991944
203575.621	200	0.945	-7.903089986991944
204626.015	200	0.95	-7.903089986991944
207920.569	200	0.955	-7.903089986991944
209701.64	200	0.96	-7.903089986991944
212487.972	200	0.965	-7.903089986991944
215627.893	200	0.97	-7.903089986991944
221884.41	200	0.975	-7.903089986991944
225548.571	200	0.98	-7.903089986991944
230207.942	200	0.985	-7.903089986991944
241931.27	200	0.99	-7.903089986991944
252622.01	200	0.995	-7.903089986991944
165744.011	225	0.5	-7.903089986991944
166141.171	225	0.505	-7.903089986991944
166301.442	225	0.51	-7.903089986991944
166538.338	225	0.515	-7.903089986991944
166739.756	225	0.52	-7.903089986991944
167076.077	225	0.525	-7.903089986991944
167403.567	225	0.53	-7.903089986991944
167984.488	225	0.535	-7.903089986991944
168298.3	225	0.54	-7.903089986991944
168589.628	225	0.545	-7.903089986991944
168915.396	225	0.55	-7.903089986991944
169196.731	225	0.555	-7.903089986991944
169548.16	225	0.56	-7.903089986991944
169929.97	225	0.565	-7.903089986991944
170224.443	225	0.57	-7.903089986991944
170783.968	225	0.575	-7.903089986991944
171315.822	225	0.58	-7.903089986991944
171878.161	225	0.585	-7.903089986991944
172330.611	225	0.59	-7.903089986991944
172547.362	225	0.595	-7.903089986991944
172840.571	225	0.6	-7.903089986991944
173200.231	225	0.605	-7.903089986991944
173344.253	225	0.61	-7.903089986991944
173574.148	225	0.615	-7.903089986991944
173882.741	225	0.62	-7.903089986991944
174265.58	225	0.625	-7.903089986991944
174555.926	225	0.63	-7.903089986991944
175079.531	225	0.635	-7.903089986991944
175322.375	225	0.64	-7.903089986991944
175716.906	225	0.645	-7.903089986991944
175890.786	225	0.65	-7.903089986991944
176235.697	225	0.655	-7.903089986991944
176481.51	225	0.66	-7.903089986991944
176657.09	225	0.665	-7.903089986991944
177187.857	225	0.67	-7.903089986991944
177759.17	225	0.675	-7.903089986991944
177952.114	225	0.68	-7.903089986991944
178223.976	225	0.685	-7.903089986991944
179074.141	225	0.69	-7.903089986991944
179260.692	225	0.695	-7.903089986991944
179651.193	225	0.7	-7.903089986991944
180158.914	225	0.705	-7.903089986991944
180704.558	225	0.71	-7.903089986991944
180876.008	225	0.715	-7.903089986991944
181412.98	225	0.72	-7.903089986991944
181554.208	225	0.725	-7.903089986991944
182171.473	225	0.73	-7.903089986991944
182478.641	225	0.735	-7.903089986991944
182843.101	225	0.74	-7.903089986991944
183112.852	225	0.745	-7.903089986991944
183698.286	225	0.75	-7.903089986991944
184035.925	225	0.755	-7.903089986991944
184581.933	225	0.76	-7.903089986991944
184979.315	225	0.765	-7.903089986991944
185344.302	225	0.77	-7.903089986991944
185763.37	225	0.775	-7.903089986991944
186114.7	225	0.78	-7.903089986991944
186351.275	225	0.785	-7.903089986991944
186716.299	225	0.79	-7.903089986991944
187239.768	225	0.795	-7.903089986991944
187796.971	225	0.8	-7.903089986991944
188340.659	225	0.805	-7.903089986991944
189009.767	225	0.81	-7.903089986991944
189470.051	225	0.815	-7.903089986991944
190313.913	225	0.82	-7.903089986991944
190639.771	225	0.825	-7.903089986991944
190935.703	225	0.83	-7.903089986991944
191306.805	225	0.835	-7.903089986991944
191858.366	225	0.84	-7.903089986991944
192509.237	225	0.845	-7.903089986991944
192964.423	225	0.85	-7.903089986991944
193897.2	225	0.855	-7.903089986991944
194718.711	225	0.86	-7.903089986991944
195184.86	225	0.865	-7.903089986991944
195950.908	225	0.87	-7.903089986991944
196697.5	225	0.875	-7.903089986991944
198010.892	225	0.88	-7.903089986991944
199022.642	225	0.885	-7.903089986991944
200016.551	225	0.89	-7.903089986991944
200568.392	225	0.895	-7.903089986991944
201630.443	225	0.9	-7.903089986991944
201943.985	225	0.905	-7.903089986991944
202547.154	225	0.91	-7.903089986991944
204394.315	225	0.915	-7.903089986991944
205537.15	225	0.92	-7.903089986991944
206050.385	225	0.925	-7.903089986991944
206978.701	225	0.93	-7.903089986991944
208277.529	225	0.935	-7.903089986991944
210221.794	225	0.94	-7.903089986991944
211279.602	225	0.945	-7.903089986991944
213331.635	225	0.95	-7.903089986991944
216391.08	225	0.955	-7.903089986991944
217614.414	225	0.96	-7.903089986991944
219692.418	225	0.965	-7.903089986991944
224431.029	225	0.97	-7.903089986991944
232103.879	225	0.975	-7.903089986991944
233485.322	225	0.98	-7.903089986991944
237223.372	225	0.985	-7.903089986991944
241868.579	225	0.99	-7.903089986991944
270849.49	225	0.995	-7.903089986991944
172351.633	250	0.5	-7.903089986991944
172558.014	250	0.505	-7.903089986991944
172798.817	250	0.51	-7.903089986991944
173132.935	250	0.515	-7.903089986991944
173613.6	250	0.52	-7.903089986991944
173768.42	250	0.525	-7.903089986991944
173994.392	250	0.53	-7.903089986991944
174143.913	250	0.535	-7.903089986991944
174407.23	250	0.54	-7.903089986991944
174689.748	250	0.545	-7.903089986991944
174917.805	250	0.55	-7.903089986991944
175318.385	250	0.555	-7.903089986991944
175601.492	250	0.56	-7.903089986991944
175871.681	250	0.565	-7.903089986991944
176338.508	250	0.57	-7.903089986991944
176795.402	250	0.575	-7.903089986991944
177158.268	250	0.58	-7.903089986991944
177582.314	250	0.585	-7.903089986991944
177911.046	250	0.59	-7.903089986991944
178235.125	250	0.595	-7.903089986991944
178582.447	250	0.6	-7.903089986991944
178884.687	250	0.605	-7.903089986991944
179104.937	250	0.61	-7.903089986991944
179324.499	250	0.615	-7.903089986991944
179586.959	250	0.62	-7.903089986991944
179989.716	250	0.625	-7.903089986991944
180495.253	250	0.63	-7.903089986991944
180802.464	250	0.635	-7.903089986991944
181089.417	250	0.64	-7.903089986991944
181331.118	250	0.645	-7.903089986991944
181697.833	250	0.65	-7.903089986991944
181942.571	250	0.655	-7.903089986991944
182079.434	250	0.66	-7.903089986991944
182465.31	250	0.665	-7.903089986991944
183242.162	250	0.67	-7.903089986991944
183624.853	250	0.675	-7.903089986991944
184079.077	250	0.68	-7.903089986991944
184506.93	250	0.685	-7.903089986991944
184854.699	250	0.69	-7.903089986991944
185205.493	250	0.695	-7.903089986991944
185382.953	250	0.7	-7.903089986991944
185751.788	250	0.705	-7.903089986991944
186167.749	250	0.71	-7.903089986991944
186432.943	250	0.715	-7.903089986991944
186739.943	250	0.72	-7.903089986991944
187171.479	250	0.725	-7.903089986991944
187287.612	250	0.73	-7.903089986991944
187452.31	250	0.735	-7.903089986991944
187829.948	250	0.74	-7.903089986991944
188122.571	250	0.745	-7.903089986991944
188491.839	250	0.75	-7.903089986991944
188901.186	250	0.755	-7.903089986991944
189321.959	250	0.76	-7.903089986991944
189845.653	250	0.765	-7.903089986991944
190520.219	250	0.77	-7.903089986991944
190980.027	250	0.775	-7.903089986991944
191669.27	250	0.78	-7.903089986991944
192044.759	250	0.785	-7.903089986991944
192745.77	250	0.79	-7.903089986991944
193196.442	250	0.795	-7.903089986991944
193672.1	250	0.8	-7.903089986991944
194567.408	250	0.805	-7.903089986991944
195311.782	250	0.81	-7.903089986991944
195571.671	250	0.815	-7.903089986991944
195921.714	250	0.82	-7.903089986991944
197099.338	250	0.825	-7.903089986991944
197855.712	250	0.83	-7.903089986991944
198699.09	250	0.835	-7.903089986991944
199884.646	250	0.84	-7.903089986991944
200070.701	250	0.845	-7.903089986991944
200766.907	250	0.85	-7.903089986991944
201807.37	250	0.855	-7.903089986991944
202927.144	250	0.86	-7.903089986991944
203398.619	250	0.865	-7.903089986991944
203771.001	250	0.87	-7.903089986991944
204227.303	250	0.875	-7.903089986991944
204987.807	250	0.88	-7.903089986991944
205709.758	250	0.885	-7.903089986991944
206254.698	250	0.89	-7.903089986991944
207224.858	250	0.895	-7.903089986991944
207776.111	250	0.9	-7.903089986991944
208894.73	250	0.905	-7.903089986991944
210545.773	250	0.91	-7.903089986991944
211788.152	250	0.915	-7.903089986991944
212340.145	250	0.92	-7.903089986991944
213603.157	250	0.925	-7.903089986991944
214918.569	250	0.93	-7.903089986991944
216768.226	250	0.935	-7.903089986991944
217063.881	250	0.94	-7.903089986991944
217788.299	250	0.945	-7.903089986991944
219557.846	250	0.95	-7.903089986991944
222316.614	250	0.955	-7.903089986991944
223083.181	250	0.96	-7.903089986991944
225802.547	250	0.965	-7.903089986991944
231304.316	250	0.97	-7.903089986991944
236176.819	250	0.975	-7.903089986991944
238239.533	250	0.98	-7.903089986991944
242720.099	250	0.985	-7.903089986991944
249768.614	250	0.99	-7.903089986991944
289490.751	250	0.995	-7.903089986991944
178404.038	275	0.5	-7.903089986991944
178742.445	275	0.505	-7.903089986991944
179007.243	275	0.51	-7.903089986991944
179505.965	275	0.515	-7.903089986991944
179806.926	275	0.52	-7.903089986991944
180287.1	275	0.525	-7.903089986991944
180437.062	275	0.53	-7.903089986991944
180771.064	275	0.535	-7.903089986991944
181073.172	275	0.54	-7.903089986991944
181429.858	275	0.545	-7.903089986991944
182026.25	275	0.55	-7.903089986991944
182159.763	275	0.555	-7.903089986991944
182475.132	275	0.56	-7.903089986991944
182855.077	275	0.565	-7.903089986991944
183312.186	275	0.57	-7.903089986991944
183695.277	275	0.575	-7.903089986991944
184350.297	275	0.58	-7.903089986991944
184652.671	275	0.585	-7.903089986991944
185013.464	275	0.59	-7.903089986991944
185338.723	275	0.595	-7.903089986991944
185710.343	275	0.6	-7.903089986991944
185915.395	275	0.605	-7.903089986991944
186267.736	275	0.61	-7.903089986991944
186713.686	275	0.615	-7.903089986991944
187281.7	275	0.62	-7.903089986991944
187625.1	275	0.625	-7.903089986991944
187901.735	275	0.63	-7.903089986991944
188314.907	275	0.635	-7.903089986991944
188905.771	275	0.64	-7.903089986991944
189289.401	275	0.645	-7.903089986991944
189561.75	275	0.65	-7.903089986991944
189829.071	275	0.655	-7.903089986991944
190028.637	275	0.66	-7.903089986991944
190597.984	275	0.665	-7.903089986991944
190853.649	275	0.67	-7.903089986991944
191081.692	275	0.675	-7.903089986991944
191566.063	275	0.68	-7.903089986991944
191771.465	275	0.685	-7.903089986991944
191998.891	275	0.69	-7.903089986991944
192539.057	275	0.695	-7.903089986991944
192703.0	275	0.7	-7.903089986991944
192896.597	275	0.705	-7.903089986991944
193321.831	275	0.71	-7.903089986991944
193562.92	275	0.715	-7.903089986991944
193681.243	275	0.72	-7.903089986991944
194208.975	275	0.725	-7.903089986991944
195316.451	275	0.73	-7.903089986991944
195515.231	275	0.735	-7.903089986991944
195821.4	275	0.74	-7.903089986991944
196269.769	275	0.745	-7.903089986991944
196571.375	275	0.75	-7.903089986991944
197312.326	275	0.755	-7.903089986991944
197878.133	275	0.76	-7.903089986991944
198048.977	275	0.765	-7.903089986991944
198359.051	275	0.77	-7.903089986991944
199179.464	275	0.775	-7.903089986991944
199509.23	275	0.78	-7.903089986991944
199709.501	275	0.785	-7.903089986991944
200306.443	275	0.79	-7.903089986991944
201322.725	275	0.795	-7.903089986991944
201570.171	275	0.8	-7.903089986991944
201747.704	275	0.805	-7.903089986991944
202124.096	275	0.81	-7.903089986991944
202409.85	275	0.815	-7.903089986991944
202919.8	275	0.82	-7.903089986991944
203459.648	275	0.825	-7.903089986991944
203969.231	275	0.83	-7.903089986991944
204605.312	275	0.835	-7.903089986991944
205334.651	275	0.84	-7.903089986991944
205572.683	275	0.845	-7.903089986991944
206078.214	275	0.85	-7.903089986991944
206291.6	275	0.855	-7.903089986991944
206872.348	275	0.86	-7.903089986991944
208025.057	275	0.865	-7.903089986991944
209097.766	275	0.87	-7.903089986991944
210245.268	275	0.875	-7.903089986991944
210872.554	275	0.88	-7.903089986991944
211858.966	275	0.885	-7.903089986991944
212727.071	275	0.89	-7.903089986991944
213317.422	275	0.895	-7.903089986991944
214142.864	275	0.9	-7.903089986991944
215412.757	275	0.905	-7.903089986991944
215934.626	275	0.91	-7.903089986991944
216789.575	275	0.915	-7.903089986991944
218865.537	275	0.92	-7.903089986991944
220534.535	275	0.925	-7.903089986991944
221949.571	275	0.93	-7.903089986991944
222955.886	275	0.935	-7.903089986991944
224067.654	275	0.94	-7.903089986991944
224666.032	275	0.945	-7.903089986991944
228642.714	275	0.95	-7.903089986991944
230890.832	275	0.955	-7.903089986991944
234590.731	275	0.96	-7.903089986991944
237772.212	275	0.965	-7.903089986991944
241800.057	275	0.97	-7.903089986991944
243969.077	275	0.975	-7.903089986991944
245367.343	275	0.98	-7.903089986991944
255639.948	275	0.985	-7.903089986991944
274918.769	275	0.99	-7.903089986991944
284899.62	275	0.995	-7.903089986991944
186913.602	300	0.5	-7.903089986991944
187177.313	300	0.505	-7.903089986991944
187479.073	300	0.51	-7.903089986991944
187789.967	300	0.515	-7.903089986991944
187978.73	300	0.52	-7.903089986991944
188390.864	300	0.525	-7.903089986991944
188687.138	300	0.53	-7.903089986991944
189038.473	300	0.535	-7.903089986991944
189264.357	300	0.54	-7.903089986991944
189513.043	300	0.545	-7.903089986991944
189863.408	300	0.55	-7.903089986991944
190341.364	300	0.555	-7.903089986991944
190759.569	300	0.56	-7.903089986991944
191019.678	300	0.565	-7.903089986991944
191404.711	300	0.57	-7.903089986991944
191734.662	300	0.575	-7.903089986991944
191859.606	300	0.58	-7.903089986991944
192118.358	300	0.585	-7.903089986991944
192330.017	300	0.59	-7.903089986991944
192839.899	300	0.595	-7.903089986991944
192964.821	300	0.6	-7.903089986991944
193288.511	300	0.605	-7.903089986991944
193561.901	300	0.61	-7.903089986991944
193996.792	300	0.615	-7.903089986991944
194132.098	300	0.62	-7.903089986991944
194314.821	300	0.625	-7.903089986991944
194457.716	300	0.63	-7.903089986991944
194570.743	300	0.635	-7.903089986991944
195063.286	300	0.64	-7.903089986991944
195413.372	300	0.645	-7.903089986991944
195648.88	300	0.65	-7.903089986991944
196133.058	300	0.655	-7.903089986991944
196500.816	300	0.66	-7.903089986991944
197031.686	300	0.665	-7.903089986991944
197407.708	300	0.67	-7.903089986991944
197683.304	300	0.675	-7.903089986991944
198141.807	300	0.68	-7.903089986991944
198469.611	300	0.685	-7.903089986991944
198885.656	300	0.69	-7.903089986991944
199267.564	300	0.695	-7.903089986991944
199726.974	300	0.7	-7.903089986991944
200167.827	300	0.705	-7.903089986991944
200322.95	300	0.71	-7.903089986991944
200788.514	300	0.715	-7.903089986991944
201179.177	300	0.72	-7.903089986991944
201506.659	300	0.725	-7.903089986991944
201838.227	300	0.73	-7.903089986991944
202579.634	300	0.735	-7.903089986991944
203048.636	300	0.74	-7.903089986991944
203400.671	300	0.745	-7.903089986991944
203719.429	300	0.75	-7.903089986991944
204371.668	300	0.755	-7.903089986991944
204727.086	300	0.76	-7.903089986991944
205107.964	300	0.765	-7.903089986991944
205435.555	300	0.77	-7.903089986991944
206258.516	300	0.775	-7.903089986991944
206661.086	300	0.78	-7.903089986991944
207156.17	300	0.785	-7.903089986991944
207483.986	300	0.79	-7.903089986991944
207805.806	300	0.795	-7.903089986991944
208188.286	300	0.8	-7.903089986991944
208586.1	300	0.805	-7.903089986991944
208981.5	300	0.81	-7.903089986991944
209481.009	300	0.815	-7.903089986991944
210303.093	300	0.82	-7.903089986991944
210805.283	300	0.825	-7.903089986991944
211505.006	300	0.83	-7.903089986991944
211925.947	300	0.835	-7.903089986991944
212940.686	300	0.84	-7.903089986991944
213542.51	300	0.845	-7.903089986991944
214417.681	300	0.85	-7.903089986991944
215123.797	300	0.855	-7.903089986991944
215705.976	300	0.86	-7.903089986991944
215977.65	300	0.865	-7.903089986991944
216816.356	300	0.87	-7.903089986991944
217316.807	300	0.875	-7.903089986991944
218213.209	300	0.88	-7.903089986991944
218965.479	300	0.885	-7.903089986991944
219771.21	300	0.89	-7.903089986991944
220828.407	300	0.895	-7.903089986991944
221584.187	300	0.9	-7.903089986991944
222973.007	300	0.905	-7.903089986991944
224516.73	300	0.91	-7.903089986991944
225445.476	300	0.915	-7.903089986991944
227105.825	300	0.92	-7.903089986991944
227891.393	300	0.925	-7.903089986991944
228869.871	300	0.93	-7.903089986991944
230408.95	300	0.935	-7.903089986991944
232087.4	300	0.94	-7.903089986991944
235354.236	300	0.945	-7.903089986991944
236537.646	300	0.95	-7.903089986991944
241649.847	300	0.955	-7.903089986991944
243967.029	300	0.96	-7.903089986991944
249030.5	300	0.965	-7.903089986991944
251343.301	300	0.97	-7.903089986991944
255102.588	300	0.975	-7.903089986991944
258646.859	300	0.98	-7.903089986991944
267917.357	300	0.985	-7.903089986991944
273590.501	300	0.99	-7.903089986991944
306428.087	300	0.995	-7.903089986991944
190767.058	325	0.5	-7.903089986991944
190922.34	325	0.505	-7.903089986991944
191332.171	325	0.51	-7.903089986991944
191664.97	325	0.515	-7.903089986991944
191780.186	325	0.52	-7.903089986991944
192285.15	325	0.525	-7.903089986991944
192625.853	325	0.53	-7.903089986991944
193051.724	325	0.535	-7.903089986991944
193299.22	325	0.54	-7.903089986991944
193441.378	325	0.545	-7.903089986991944
193778.071	325	0.55	-7.903089986991944
194033.347	325	0.555	-7.903089986991944
194200.071	325	0.56	-7.903089986991944
194428.719	325	0.565	-7.903089986991944
194645.002	325	0.57	-7.903089986991944
195138.388	325	0.575	-7.903089986991944
195534.099	325	0.58	-7.903089986991944
195817.256	325	0.585	-7.903089986991944
196097.778	325	0.59	-7.903089986991944
196430.852	325	0.595	-7.903089986991944
196893.77	325	0.6	-7.903089986991944
197318.507	325	0.605	-7.903089986991944
197675.444	325	0.61	-7.903089986991944
197944.825	325	0.615	-7.903089986991944
198341.631	325	0.62	-7.903089986991944
198724.884	325	0.625	-7.903089986991944
199317.134	325	0.63	-7.903089986991944
199589.845	325	0.635	-7.903089986991944
200037.017	325	0.64	-7.903089986991944
200530.75	325	0.645	-7.903089986991944
200784.571	325	0.65	-7.903089986991944
201099.511	325	0.655	-7.903089986991944
201207.293	325	0.66	-7.903089986991944
201587.743	325	0.665	-7.903089986991944
201929.721	325	0.67	-7.903089986991944
202324.498	325	0.675	-7.903089986991944
202679.157	325	0.68	-7.903089986991944
203083.291	325	0.685	-7.903089986991944
203643.29	325	0.69	-7.903089986991944
203894.878	325	0.695	-7.903089986991944
204601.514	325	0.7	-7.903089986991944
204883.57	325	0.705	-7.903089986991944
205327.814	325	0.71	-7.903089986991944
205599.296	325	0.715	-7.903089986991944
205866.738	325	0.72	-7.903089986991944
206329.659	325	0.725	-7.903089986991944
206921.289	325	0.73	-7.903089986991944
207579.319	325	0.735	-7.903089986991944
208187.914	325	0.74	-7.903089986991944
208406.171	325	0.745	-7.903089986991944
208844.446	325	0.75	-7.903089986991944
209149.719	325	0.755	-7.903089986991944
209443.451	325	0.76	-7.903089986991944
209682.556	325	0.765	-7.903089986991944
210124.843	325	0.77	-7.903089986991944
210474.964	325	0.775	-7.903089986991944
211186.049	325	0.78	-7.903089986991944
211332.051	325	0.785	-7.903089986991944
211735.758	325	0.79	-7.903089986991944
212360.164	325	0.795	-7.903089986991944
212737.714	325	0.8	-7.903089986991944
213392.893	325	0.805	-7.903089986991944
214122.0	325	0.81	-7.903089986991944
214880.421	325	0.815	-7.903089986991944
216062.584	325	0.82	-7.903089986991944
216735.548	325	0.825	-7.903089986991944
217157.881	325	0.83	-7.903089986991944
217573.507	325	0.835	-7.903089986991944
217945.714	325	0.84	-7.903089986991944
218324.727	325	0.845	-7.903089986991944
219254.796	325	0.85	-7.903089986991944
219523.865	325	0.855	-7.903089986991944
220168.077	325	0.86	-7.903089986991944
220830.758	325	0.865	-7.903089986991944
221223.019	325	0.87	-7.903089986991944
222127.459	325	0.875	-7.903089986991944
222722.099	325	0.88	-7.903089986991944
223550.73	325	0.885	-7.903089986991944
224674.059	325	0.89	-7.903089986991944
225826.473	325	0.895	-7.903089986991944
226426.786	325	0.9	-7.903089986991944
227682.229	325	0.905	-7.903089986991944
228733.54	325	0.91	-7.903089986991944
229991.425	325	0.915	-7.903089986991944
230452.343	325	0.92	-7.903089986991944
233006.834	325	0.925	-7.903089986991944
234388.971	325	0.93	-7.903089986991944
236559.557	325	0.935	-7.903089986991944
238035.514	325	0.94	-7.903089986991944
239681.513	325	0.945	-7.903089986991944
240753.071	325	0.95	-7.903089986991944
243865.614	325	0.955	-7.903089986991944
246119.257	325	0.96	-7.903089986991944
247965.358	325	0.965	-7.903089986991944
253025.621	325	0.97	-7.903089986991944
256999.436	325	0.975	-7.903089986991944
262468.608	325	0.98	-7.903089986991944
269164.582	325	0.985	-7.903089986991944
282745.988	325	0.99	-7.903089986991944
299332.671	325	0.995	-7.903089986991944
196545.821	350	0.5	-7.903089986991944
197000.415	350	0.505	-7.903089986991944
197179.16	350	0.51	-7.903089986991944
197757.035	350	0.515	-7.903089986991944
197946.697	350	0.52	-7.903089986991944
198368.115	350	0.525	-7.903089986991944
198846.857	350	0.53	-7.903089986991944
199299.688	350	0.535	-7.903089986991944
199531.629	350	0.54	-7.903089986991944
199725.69	350	0.545	-7.903089986991944
200100.357	350	0.55	-7.903089986991944
200386.607	350	0.555	-7.903089986991944
200732.38	350	0.56	-7.903089986991944
200987.838	350	0.565	-7.903089986991944
201145.06	350	0.57	-7.903089986991944
201706.98	350	0.575	-7.903089986991944
202285.259	350	0.58	-7.903089986991944
202741.912	350	0.585	-7.903089986991944
203395.025	350	0.59	-7.903089986991944
203868.842	350	0.595	-7.903089986991944
204011.429	350	0.6	-7.903089986991944
204200.698	350	0.605	-7.903089986991944
204603.05	350	0.61	-7.903089986991944
204742.638	350	0.615	-7.903089986991944
205140.628	350	0.62	-7.903089986991944
205817.009	350	0.625	-7.903089986991944
206357.169	350	0.63	-7.903089986991944
206728.448	350	0.635	-7.903089986991944
207155.714	350	0.64	-7.903089986991944
207718.058	350	0.645	-7.903089986991944
208278.143	350	0.65	-7.903089986991944
208621.712	350	0.655	-7.903089986991944
208872.457	350	0.66	-7.903089986991944
209285.881	350	0.665	-7.903089986991944
209581.657	350	0.67	-7.903089986991944
209796.861	350	0.675	-7.903089986991944
210160.994	350	0.68	-7.903089986991944
210556.109	350	0.685	-7.903089986991944
210925.808	350	0.69	-7.903089986991944
211149.972	350	0.695	-7.903089986991944
211307.143	350	0.7	-7.903089986991944
211795.516	350	0.705	-7.903089986991944
212203.179	350	0.71	-7.903089986991944
212325.714	350	0.715	-7.903089986991944
213146.057	350	0.72	-7.903089986991944
213335.907	350	0.725	-7.903089986991944
213599.999	350	0.73	-7.903089986991944
213869.597	350	0.735	-7.903089986991944
214119.409	350	0.74	-7.903089986991944
214373.94	350	0.745	-7.903089986991944
214662.5	350	0.75	-7.903089986991944
215212.491	350	0.755	-7.903089986991944
215498.663	350	0.76	-7.903089986991944
215937.841	350	0.765	-7.903089986991944
216754.793	350	0.77	-7.903089986991944
217173.692	350	0.775	-7.903089986991944
217707.712	350	0.78	-7.903089986991944
218293.017	350	0.785	-7.903089986991944
218575.901	350	0.79	-7.903089986991944
219023.914	350	0.795	-7.903089986991944
219280.614	350	0.8	-7.903089986991944
219541.184	350	0.805	-7.903089986991944
220025.621	350	0.81	-7.903089986991944
220796.656	350	0.815	-7.903089986991944
221455.0	350	0.82	-7.903089986991944
221866.92	350	0.825	-7.903089986991944
222071.914	350	0.83	-7.903089986991944
222299.209	350	0.835	-7.903089986991944
222491.954	350	0.84	-7.903089986991944
223460.143	350	0.845	-7.903089986991944
224369.648	350	0.85	-7.903089986991944
225006.985	350	0.855	-7.903089986991944
225459.239	350	0.86	-7.903089986991944
226316.007	350	0.865	-7.903089986991944
226560.048	350	0.87	-7.903089986991944
227305.982	350	0.875	-7.903089986991944
228045.729	350	0.88	-7.903089986991944
229435.38	350	0.885	-7.903089986991944
230161.37	350	0.89	-7.903089986991944
231520.707	350	0.895	-7.903089986991944
232145.857	350	0.9	-7.903089986991944
232932.857	350	0.905	-7.903089986991944
233547.085	350	0.91	-7.903089986991944
234755.145	350	0.915	-7.903089986991944
238238.4	350	0.92	-7.903089986991944
239124.921	350	0.925	-7.903089986991944
240219.945	350	0.93	-7.903089986991944
242065.921	350	0.935	-7.903089986991944
244155.566	350	0.94	-7.903089986991944
246038.679	350	0.945	-7.903089986991944
248754.029	350	0.95	-7.903089986991944
250518.879	350	0.955	-7.903089986991944
251315.511	350	0.96	-7.903089986991944
253621.15	350	0.965	-7.903089986991944
255672.71	350	0.97	-7.903089986991944
257790.038	350	0.975	-7.903089986991944
261197.152	350	0.98	-7.903089986991944
275658.697	350	0.985	-7.903089986991944
280351.4	350	0.99	-7.903089986991944
302658.7	350	0.995	-7.903089986991944
203541.462	375	0.5	-7.903089986991944
203809.714	375	0.505	-7.903089986991944
204183.005	375	0.51	-7.903089986991944
204302.07	375	0.515	-7.903089986991944
204372.72	375	0.52	-7.903089986991944
204525.312	375	0.525	-7.903089986991944
204596.586	375	0.53	-7.903089986991944
205034.338	375	0.535	-7.903089986991944
205244.916	375	0.54	-7.903089986991944
205693.939	375	0.545	-7.903089986991944
206031.857	375	0.55	-7.903089986991944
206377.245	375	0.555	-7.903089986991944
206612.457	375	0.56	-7.903089986991944
206780.029	375	0.565	-7.903089986991944
206977.443	375	0.57	-7.903089986991944
207296.102	375	0.575	-7.903089986991944
207418.061	375	0.58	-7.903089986991944
207723.01	375	0.585	-7.903089986991944
208248.414	375	0.59	-7.903089986991944
208698.214	375	0.595	-7.903089986991944
208903.757	375	0.6	-7.903089986991944
209083.071	375	0.605	-7.903089986991944
209260.869	375	0.61	-7.903089986991944
209623.184	375	0.615	-7.903089986991944
210068.424	375	0.62	-7.903089986991944
210321.474	375	0.625	-7.903089986991944
210702.333	375	0.63	-7.903089986991944
211335.227	375	0.635	-7.903089986991944
211636.014	375	0.64	-7.903089986991944
211770.056	375	0.645	-7.903089986991944
211996.692	375	0.65	-7.903089986991944
212518.436	375	0.655	-7.903089986991944
212773.143	375	0.66	-7.903089986991944
213056.836	375	0.665	-7.903089986991944
213320.433	375	0.67	-7.903089986991944
213601.839	375	0.675	-7.903089986991944
213892.015	375	0.68	-7.903089986991944
214048.302	375	0.685	-7.903089986991944
214193.729	375	0.69	-7.903089986991944
214603.008	375	0.695	-7.903089986991944
215275.864	375	0.7	-7.903089986991944
215404.22	375	0.705	-7.903089986991944
215837.465	375	0.71	-7.903089986991944
216099.779	375	0.715	-7.903089986991944
216597.809	375	0.72	-7.903089986991944
217107.727	375	0.725	-7.903089986991944
218076.538	375	0.73	-7.903089986991944
218564.733	375	0.735	-7.903089986991944
219071.137	375	0.74	-7.903089986991944
219609.693	375	0.745	-7.903089986991944
220241.429	375	0.75	-7.903089986991944
220761.246	375	0.755	-7.903089986991944
221076.629	375	0.76	-7.903089986991944
221487.502	375	0.765	-7.903089986991944
221769.106	375	0.77	-7.903089986991944
222009.464	375	0.775	-7.903089986991944
222794.188	375	0.78	-7.903089986991944
222962.164	375	0.785	-7.903089986991944
223580.882	375	0.79	-7.903089986991944
224822.525	375	0.795	-7.903089986991944
225272.032	375	0.8	-7.903089986991944
225546.869	375	0.805	-7.903089986991944
225966.212	375	0.81	-7.903089986991944
226607.921	375	0.815	-7.903089986991944
227098.711	375	0.82	-7.903089986991944
227552.301	375	0.825	-7.903089986991944
228170.181	375	0.83	-7.903089986991944
228727.614	375	0.835	-7.903089986991944
229342.073	375	0.84	-7.903089986991944
229960.207	375	0.845	-7.903089986991944
230729.918	375	0.85	-7.903089986991944
231319.495	375	0.855	-7.903089986991944
231812.81	375	0.86	-7.903089986991944
232516.824	375	0.865	-7.903089986991944
233322.229	375	0.87	-7.903089986991944
233870.788	375	0.875	-7.903089986991944
234869.6	375	0.88	-7.903089986991944
235538.493	375	0.885	-7.903089986991944
236327.559	375	0.89	-7.903089986991944
237234.9	375	0.895	-7.903089986991944
238068.791	375	0.9	-7.903089986991944
240452.614	375	0.905	-7.903089986991944
241023.743	375	0.91	-7.903089986991944
241822.55	375	0.915	-7.903089986991944
242920.571	375	0.92	-7.903089986991944
243826.245	375	0.925	-7.903089986991944
245995.324	375	0.93	-7.903089986991944
247978.474	375	0.935	-7.903089986991944
249667.343	375	0.94	-7.903089986991944
251627.594	375	0.945	-7.903089986991944
252960.205	375	0.95	-7.903089986991944
254476.49	375	0.955	-7.903089986991944
256620.686	375	0.96	-7.903089986991944
259291.4	375	0.965	-7.903089986991944
262231.926	375	0.97	-7.903089986991944
265448.93	375	0.975	-7.903089986991944
270718.123	375	0.98	-7.903089986991944
279187.344	375	0.985	-7.903089986991944
305039.686	375	0.99	-7.903089986991944
327194.469	375	0.995	-7.903089986991944
208987.214	400	0.5	-7.903089986991944
209648.342	400	0.505	-7.903089986991944
210124.657	400	0.51	-7.903089986991944
210571.48	400	0.515	-7.903089986991944
211004.777	400	0.52	-7.903089986991944
211442.786	400	0.525	-7.903089986991944
211834.138	400	0.53	-7.903089986991944
212212.308	400	0.535	-7.903089986991944
212440.101	400	0.54	-7.903089986991944
212747.123	400	0.545	-7.903089986991944
213157.643	400	0.55	-7.903089986991944
213432.713	400	0.555	-7.903089986991944
213669.429	400	0.56	-7.903089986991944
214231.559	400	0.565	-7.903089986991944
214628.314	400	0.57	-7.903089986991944
214826.709	400	0.575	-7.903089986991944
215299.023	400	0.58	-7.903089986991944
215658.946	400	0.585	-7.903089986991944
215956.443	400	0.59	-7.903089986991944
216147.066	400	0.595	-7.903089986991944
216436.114	400	0.6	-7.903089986991944
216789.197	400	0.605	-7.903089986991944
217290.444	400	0.61	-7.903089986991944
217416.486	400	0.615	-7.903089986991944
217719.876	400	0.62	-7.903089986991944
217984.095	400	0.625	-7.903089986991944
218454.946	400	0.63	-7.903089986991944
218654.888	400	0.635	-7.903089986991944
219207.691	400	0.64	-7.903089986991944
219577.486	400	0.645	-7.903089986991944
220214.821	400	0.65	-7.903089986991944
220990.762	400	0.655	-7.903089986991944
221608.414	400	0.66	-7.903089986991944
222222.683	400	0.665	-7.903089986991944
222423.874	400	0.67	-7.903089986991944
222694.38	400	0.675	-7.903089986991944
222935.669	400	0.68	-7.903089986991944
223068.678	400	0.685	-7.903089986991944
223343.265	400	0.69	-7.903089986991944
223823.479	400	0.695	-7.903089986991944
223989.393	400	0.7	-7.903089986991944
224878.365	400	0.705	-7.903089986991944
225398.7	400	0.71	-7.903089986991944
225596.72	400	0.715	-7.903089986991944
226091.543	400	0.72	-7.903089986991944
226329.636	400	0.725	-7.903089986991944
226729.48	400	0.73	-7.903089986991944
227278.909	400	0.735	-7.903089986991944
227552.971	400	0.74	-7.903089986991944
228630.444	400	0.745	-7.903089986991944
229182.361	400	0.75	-7.903089986991944
229639.916	400	0.755	-7.903089986991944
229967.851	400	0.76	-7.903089986991944
230399.831	400	0.765	-7.903089986991944
230803.115	400	0.77	-7.903089986991944
231196.423	400	0.775	-7.903089986991944
231477.918	400	0.78	-7.903089986991944
232168.98	400	0.785	-7.903089986991944
233171.776	400	0.79	-7.903089986991944
233552.679	400	0.795	-7.903089986991944
233951.514	400	0.8	-7.903089986991944
234572.1	400	0.805	-7.903089986991944
234994.257	400	0.81	-7.903089986991944
235659.18	400	0.815	-7.903089986991944
236344.169	400	0.82	-7.903089986991944
237346.036	400	0.825	-7.903089986991944
237751.714	400	0.83	-7.903089986991944
238357.41	400	0.835	-7.903089986991944
238878.057	400	0.84	-7.903089986991944
239204.751	400	0.845	-7.903089986991944
239676.214	400	0.85	-7.903089986991944
239964.99	400	0.855	-7.903089986991944
240760.621	400	0.86	-7.903089986991944
241852.107	400	0.865	-7.903089986991944
242453.788	400	0.87	-7.903089986991944
242863.571	400	0.875	-7.903089986991944
243955.611	400	0.88	-7.903089986991944
244505.743	400	0.885	-7.903089986991944
246018.589	400	0.89	-7.903089986991944
246769.378	400	0.895	-7.903089986991944
247817.429	400	0.9	-7.903089986991944
248425.913	400	0.905	-7.903089986991944
249872.485	400	0.91	-7.903089986991944
250832.179	400	0.915	-7.903089986991944
251343.218	400	0.92	-7.903089986991944
252707.536	400	0.925	-7.903089986991944
254569.7	400	0.93	-7.903089986991944
256274.381	400	0.935	-7.903089986991944
257620.266	400	0.94	-7.903089986991944
259777.432	400	0.945	-7.903089986991944
262260.5	400	0.95	-7.903089986991944
265601.201	400	0.955	-7.903089986991944
268896.514	400	0.96	-7.903089986991944
271407.429	400	0.965	-7.903089986991944
277685.866	400	0.97	-7.903089986991944
281664.641	400	0.975	-7.903089986991944
289784.747	400	0.98	-7.903089986991944
294812.721	400	0.985	-7.903089986991944
308241.151	400	0.99	-7.903089986991944
325161.01	400	0.995	-7.903089986991944
214190.714	425	0.5	-7.903089986991944
214465.357	425	0.505	-7.903089986991944
214823.129	425	0.51	-7.903089986991944
215035.2	425	0.515	-7.903089986991944
215261.423	425	0.52	-7.903089986991944
215399.329	425	0.525	-7.903089986991944
215665.205	425	0.53	-7.903089986991944
215952.526	425	0.535	-7.903089986991944
216245.42	425	0.54	-7.903089986991944
216581.186	425	0.545	-7.903089986991944
216797.0	425	0.55	-7.903089986991944
216867.485	425	0.555	-7.903089986991944
217029.829	425	0.56	-7.903089986991944
217353.973	425	0.565	-7.903089986991944
217603.886	425	0.57	-7.903089986991944
217944.863	425	0.575	-7.903089986991944
218221.779	425	0.58	-7.903089986991944
219009.693	425	0.585	-7.903089986991944
219221.441	425	0.59	-7.903089986991944
219496.142	425	0.595	-7.903089986991944
219975.429	425	0.6	-7.903089986991944
220294.364	425	0.605	-7.903089986991944
221034.94	425	0.61	-7.903089986991944
221342.336	425	0.615	-7.903089986991944
221587.871	425	0.62	-7.903089986991944
221784.955	425	0.625	-7.903089986991944
222083.014	425	0.63	-7.903089986991944
222330.36	425	0.635	-7.903089986991944
222712.646	425	0.64	-7.903089986991944
223447.25	425	0.645	-7.903089986991944
223797.857	425	0.65	-7.903089986991944
224181.949	425	0.655	-7.903089986991944
224523.394	425	0.66	-7.903089986991944
224860.176	425	0.665	-7.903089986991944
225323.209	425	0.67	-7.903089986991944
225729.964	425	0.675	-7.903089986991944
226292.229	425	0.68	-7.903089986991944
226508.471	425	0.685	-7.903089986991944
227216.599	425	0.69	-7.903089986991944
227669.762	425	0.695	-7.903089986991944
228488.586	425	0.7	-7.903089986991944
228799.857	425	0.705	-7.903089986991944
229237.292	425	0.71	-7.903089986991944
229756.443	425	0.715	-7.903089986991944
230165.406	425	0.72	-7.903089986991944
230828.464	425	0.725	-7.903089986991944
231067.722	425	0.73	-7.903089986991944
231269.357	425	0.735	-7.903089986991944
231617.897	425	0.74	-7.903089986991944
232176.118	425	0.745	-7.903089986991944
232418.967	425	0.75	-7.903089986991944
232814.908	425	0.755	-7.903089986991944
233577.96	425	0.76	-7.903089986991944
233781.624	425	0.765	-7.903089986991944
234303.471	425	0.77	-7.903089986991944
234664.946	425	0.775	-7.903089986991944
234898.314	425	0.78	-7.903089986991944
235298.471	425	0.785	-7.903089986991944
235596.453	425	0.79	-7.903089986991944
236790.05	425	0.795	-7.903089986991944
237134.057	425	0.8	-7.903089986991944
237768.972	425	0.805	-7.903089986991944
238119.317	425	0.81	-7.903089986991944
238566.043	425	0.815	-7.903089986991944
239219.429	425	0.82	-7.903089986991944
239486.854	425	0.825	-7.903089986991944
240327.587	425	0.83	-7.903089986991944
241133.241	425	0.835	-7.903089986991944
242123.138	425	0.84	-7.903089986991944
242738.702	425	0.845	-7.903089986991944
242968.857	425	0.85	-7.903089986991944
243669.042	425	0.855	-7.903089986991944
244117.886	425	0.86	-7.903089986991944
244852.521	425	0.865	-7.903089986991944
245558.796	425	0.87	-7.903089986991944
246286.491	425	0.875	-7.903089986991944
247275.151	425	0.88	-7.903089986991944
248316.37	425	0.885	-7.903089986991944
248530.271	425	0.89	-7.903089986991944
248814.5	425	0.895	-7.903089986991944
249663.571	425	0.9	-7.903089986991944
250552.657	425	0.905	-7.903089986991944
251769.143	425	0.91	-7.903089986991944
252464.95	425	0.915	-7.903089986991944
252977.943	425	0.92	-7.903089986991944
255087.78	425	0.925	-7.903089986991944
256325.786	425	0.93	-7.903089986991944
257103.634	425	0.935	-7.903089986991944
258782.743	425	0.94	-7.903089986991944
260675.679	425	0.945	-7.903089986991944
262739.808	425	0.95	-7.903089986991944
264537.632	425	0.955	-7.903089986991944
269374.571	425	0.96	-7.903089986991944
270193.395	425	0.965	-7.903089986991944
276616.757	425	0.97	-7.903089986991944
282615.395	425	0.975	-7.903089986991944
289511.569	425	0.98	-7.903089986991944
295928.174	425	0.985	-7.903089986991944
304646.186	425	0.99	-7.903089986991944
371201.939	425	0.995	-7.903089986991944
219444.286	450	0.5	-7.903089986991944
219544.271	450	0.505	-7.903089986991944
219793.884	450	0.51	-7.903089986991944
219952.245	450	0.515	-7.903089986991944
220365.326	450	0.52	-7.903089986991944
220917.036	450	0.525	-7.903089986991944
221479.909	450	0.53	-7.903089986991944
221721.804	450	0.535	-7.903089986991944
221860.971	450	0.54	-7.903089986991944
222703.154	450	0.545	-7.903089986991944
222986.468	450	0.55	-7.903089986991944
223212.746	450	0.555	-7.903089986991944
223428.571	450	0.56	-7.903089986991944
223663.922	450	0.565	-7.903089986991944
223993.896	450	0.57	-7.903089986991944
224396.714	450	0.575	-7.903089986991944
224806.166	450	0.58	-7.903089986991944
225017.086	450	0.585	-7.903089986991944
225341.746	450	0.59	-7.903089986991944
225585.758	450	0.595	-7.903089986991944
225803.171	450	0.6	-7.903089986991944
226082.458	450	0.605	-7.903089986991944
226422.256	450	0.61	-7.903089986991944
226564.625	450	0.615	-7.903089986991944
227146.759	450	0.62	-7.903089986991944
227797.823	450	0.625	-7.903089986991944
228384.671	450	0.63	-7.903089986991944
228738.263	450	0.635	-7.903089986991944
229208.646	450	0.64	-7.903089986991944
229687.571	450	0.645	-7.903089986991944
230197.55	450	0.65	-7.903089986991944
230497.205	450	0.655	-7.903089986991944
230919.196	450	0.66	-7.903089986991944
231503.89	450	0.665	-7.903089986991944
231965.992	450	0.67	-7.903089986991944
232188.643	450	0.675	-7.903089986991944
232497.171	450	0.68	-7.903089986991944
232798.616	450	0.685	-7.903089986991944
233001.638	450	0.69	-7.903089986991944
233265.879	450	0.695	-7.903089986991944
233695.857	450	0.7	-7.903089986991944
234367.08	450	0.705	-7.903089986991944
235036.007	450	0.71	-7.903089986991944
235549.34	450	0.715	-7.903089986991944
236089.24	450	0.72	-7.903089986991944
236506.695	450	0.725	-7.903089986991944
236867.714	450	0.73	-7.903089986991944
237322.507	450	0.735	-7.903089986991944
237697.08	450	0.74	-7.903089986991944
238172.009	450	0.745	-7.903089986991944
238355.824	450	0.75	-7.903089986991944
238671.789	450	0.755	-7.903089986991944
239142.103	450	0.76	-7.903089986991944
240300.05	450	0.765	-7.903089986991944
240576.179	450	0.77	-7.903089986991944
240819.557	450	0.775	-7.903089986991944
241426.439	450	0.78	-7.903089986991944
242144.664	450	0.785	-7.903089986991944
242623.286	450	0.79	-7.903089986991944
243413.74	450	0.795	-7.903089986991944
244063.143	450	0.8	-7.903089986991944
244599.121	450	0.805	-7.903089986991944
245438.268	450	0.81	-7.903089986991944
245844.429	450	0.815	-7.903089986991944
246458.544	450	0.82	-7.903089986991944
247330.714	450	0.825	-7.903089986991944
247709.145	450	0.83	-7.903089986991944
248533.121	450	0.835	-7.903089986991944
249475.075	450	0.84	-7.903089986991944
250161.033	450	0.845	-7.903089986991944
251106.989	450	0.85	-7.903089986991944
252344.423	450	0.855	-7.903089986991944
252824.409	450	0.86	-7.903089986991944
253978.939	450	0.865	-7.903089986991944
254536.905	450	0.87	-7.903089986991944
254828.321	450	0.875	-7.903089986991944
256169.314	450	0.88	-7.903089986991944
256794.407	450	0.885	-7.903089986991944
257499.429	450	0.89	-7.903089986991944
258548.427	450	0.895	-7.903089986991944
259277.064	450	0.9	-7.903089986991944
261097.308	450	0.905	-7.903089986991944
262198.55	450	0.91	-7.903089986991944
264050.636	450	0.915	-7.903089986991944
264619.454	450	0.92	-7.903089986991944
265807.03	450	0.925	-7.903089986991944
267238.076	450	0.93	-7.903089986991944
268897.2	450	0.935	-7.903089986991944
270444.288	450	0.94	-7.903089986991944
271416.697	450	0.945	-7.903089986991944
272526.718	450	0.95	-7.903089986991944
274736.448	450	0.955	-7.903089986991944
280402.64	450	0.96	-7.903089986991944
282964.205	450	0.965	-7.903089986991944
285460.943	450	0.97	-7.903089986991944
295810.286	450	0.975	-7.903089986991944
302585.057	450	0.98	-7.903089986991944
314195.129	450	0.985	-7.903089986991944
334779.443	450	0.99	-7.903089986991944
346601.034	450	0.995	-7.903089986991944
