S*_score	SNP_num	quantile	log(local_recomb_rate)
128035.944	25	0.5	-7.903089986991944
128348.522	25	0.505	-7.903089986991944
128667.071	25	0.51	-7.903089986991944
129159.3	25	0.515	-7.903089986991944
129668.663	25	0.52	-7.903089986991944
129933.846	25	0.525	-7.903089986991944
130301.104	25	0.53	-7.903089986991944
130608.35	25	0.535	-7.903089986991944
130747.0	25	0.54	-7.903089986991944
131423.296	25	0.545	-7.903089986991944
131784.867	25	0.55	-7.903089986991944
132221.719	25	0.555	-7.903089986991944
132770.909	25	0.56	-7.903089986991944
132955.452	25	0.565	-7.903089986991944
133343.367	25	0.57	-7.903089986991944
133637.125	25	0.575	-7.903089986991944
133744.3	25	0.58	-7.903089986991944
134495.173	25	0.585	-7.903089986991944
135454.49	25	0.59	-7.903089986991944
135813.409	25	0.595	-7.903089986991944
136220.25	25	0.6	-7.903089986991944
136754.633	25	0.605	-7.903089986991944
137306.244	25	0.61	-7.903089986991944
137536.075	25	0.615	-7.903089986991944
137832.683	25	0.62	-7.903089986991944
138131.188	25	0.625	-7.903089986991944
138610.37	25	0.63	-7.903089986991944
138893.154	25	0.635	-7.903089986991944
139155.571	25	0.64	-7.903089986991944
139488.75	25	0.645	-7.903089986991944
139823.635	25	0.65	-7.903089986991944
140075.343	25	0.655	-7.903089986991944
140262.618	25	0.66	-7.903089986991944
140567.15	25	0.665	-7.903089986991944
141027.333	25	0.67	-7.903089986991944
141466.458	25	0.675	-7.903089986991944
141770.5	25	0.68	-7.903089986991944
142289.315	25	0.685	-7.903089986991944
142605.2	25	0.69	-7.903089986991944
143089.374	25	0.695	-7.903089986991944
143285.25	25	0.7	-7.903089986991944
143760.998	25	0.705	-7.903089986991944
144035.0	25	0.71	-7.903089986991944
144181.354	25	0.715	-7.903089986991944
144449.371	25	0.72	-7.903089986991944
145280.506	25	0.725	-7.903089986991944
145819.575	25	0.73	-7.903089986991944
146102.458	25	0.735	-7.903089986991944
146425.167	25	0.74	-7.903089986991944
146857.488	25	0.745	-7.903089986991944
147174.0	25	0.75	-7.903089986991944
147782.3	25	0.755	-7.903089986991944
148466.044	25	0.76	-7.903089986991944
148858.038	25	0.765	-7.903089986991944
149275.417	25	0.77	-7.903089986991944
149550.25	25	0.775	-7.903089986991944
149849.022	25	0.78	-7.903089986991944
150863.528	25	0.785	-7.903089986991944
151764.0	25	0.79	-7.903089986991944
152007.438	25	0.795	-7.903089986991944
152440.0	25	0.8	-7.903089986991944
153110.455	25	0.805	-7.903089986991944
153372.867	25	0.81	-7.903089986991944
153854.672	25	0.815	-7.903089986991944
154241.592	25	0.82	-7.903089986991944
154631.813	25	0.825	-7.903089986991944
154996.079	25	0.83	-7.903089986991944
155814.75	25	0.835	-7.903089986991944
156354.35	25	0.84	-7.903089986991944
156869.125	25	0.845	-7.903089986991944
157701.538	25	0.85	-7.903089986991944
158360.71	25	0.855	-7.903089986991944
158893.8	25	0.86	-7.903089986991944
159582.145	25	0.865	-7.903089986991944
160410.108	25	0.87	-7.903089986991944
160830.833	25	0.875	-7.903089986991944
161438.057	25	0.88	-7.903089986991944
161769.326	25	0.885	-7.903089986991944
162253.125	25	0.89	-7.903089986991944
163691.377	25	0.895	-7.903089986991944
164960.682	25	0.9	-7.903089986991944
166616.15	25	0.905	-7.903089986991944
167491.963	25	0.91	-7.903089986991944
168065.536	25	0.915	-7.903089986991944
169077.995	25	0.92	-7.903089986991944
169986.845	25	0.925	-7.903089986991944
170591.0	25	0.93	-7.903089986991944
171241.97	25	0.935	-7.903089986991944
171916.0	25	0.94	-7.903089986991944
174159.507	25	0.945	-7.903089986991944
175608.929	25	0.95	-7.903089986991944
177571.521	25	0.955	-7.903089986991944
178767.429	25	0.96	-7.903089986991944
182146.03	25	0.965	-7.903089986991944
183812.833	25	0.97	-7.903089986991944
185505.179	25	0.975	-7.903089986991944
188011.0	25	0.98	-7.903089986991944
192508.121	25	0.985	-7.903089986991944
196646.375	25	0.99	-7.903089986991944
206121.226	25	0.995	-7.903089986991944
161458.571	50	0.5	-7.903089986991944
161709.669	50	0.505	-7.903089986991944
161848.63	50	0.51	-7.903089986991944
162121.449	50	0.515	-7.903089986991944
162625.514	50	0.52	-7.903089986991944
162761.333	50	0.525	-7.903089986991944
163014.312	50	0.53	-7.903089986991944
163293.986	50	0.535	-7.903089986991944
163747.619	50	0.54	-7.903089986991944
163922.391	50	0.545	-7.903089986991944
164155.0	50	0.55	-7.903089986991944
164624.364	50	0.555	-7.903089986991944
165098.959	50	0.56	-7.903089986991944
165306.879	50	0.565	-7.903089986991944
165532.958	50	0.57	-7.903089986991944
165689.929	50	0.575	-7.903089986991944
165915.07	50	0.58	-7.903089986991944
166157.5	50	0.585	-7.903089986991944
166413.858	50	0.59	-7.903089986991944
166693.652	50	0.595	-7.903089986991944
166982.182	50	0.6	-7.903089986991944
167397.549	50	0.605	-7.903089986991944
167596.961	50	0.61	-7.903089986991944
167924.471	50	0.615	-7.903089986991944
168121.125	50	0.62	-7.903089986991944
168561.67	50	0.625	-7.903089986991944
168792.013	50	0.63	-7.903089986991944
169108.993	50	0.635	-7.903089986991944
169292.974	50	0.64	-7.903089986991944
169636.985	50	0.645	-7.903089986991944
169819.1	50	0.65	-7.903089986991944
170303.707	50	0.655	-7.903089986991944
170534.69	50	0.66	-7.903089986991944
170828.232	50	0.665	-7.903089986991944
171353.319	50	0.67	-7.903089986991944
171956.996	50	0.675	-7.903089986991944
172335.086	50	0.68	-7.903089986991944
172744.74	50	0.685	-7.903089986991944
173330.856	50	0.69	-7.903089986991944
173780.972	50	0.695	-7.903089986991944
174162.925	50	0.7	-7.903089986991944
174300.15	50	0.705	-7.903089986991944
174981.606	50	0.71	-7.903089986991944
175321.5	50	0.715	-7.903089986991944
175616.309	50	0.72	-7.903089986991944
175905.17	50	0.725	-7.903089986991944
176193.766	50	0.73	-7.903089986991944
176671.825	50	0.735	-7.903089986991944
177046.976	50	0.74	-7.903089986991944
177594.982	50	0.745	-7.903089986991944
177798.875	50	0.75	-7.903089986991944
178479.744	50	0.755	-7.903089986991944
178958.511	50	0.76	-7.903089986991944
179169.877	50	0.765	-7.903089986991944
179451.213	50	0.77	-7.903089986991944
179860.084	50	0.775	-7.903089986991944
180213.72	50	0.78	-7.903089986991944
180957.037	50	0.785	-7.903089986991944
181273.661	50	0.79	-7.903089986991944
181962.657	50	0.795	-7.903089986991944
182278.592	50	0.8	-7.903089986991944
182553.3	50	0.805	-7.903089986991944
182809.771	50	0.81	-7.903089986991944
183067.931	50	0.815	-7.903089986991944
183428.643	50	0.82	-7.903089986991944
184041.712	50	0.825	-7.903089986991944
184320.798	50	0.83	-7.903089986991944
184664.007	50	0.835	-7.903089986991944
185339.633	50	0.84	-7.903089986991944
185798.657	50	0.845	-7.903089986991944
186134.341	50	0.85	-7.903089986991944
186772.788	50	0.855	-7.903089986991944
187026.571	50	0.86	-7.903089986991944
187707.366	50	0.865	-7.903089986991944
188363.671	50	0.87	-7.903089986991944
188927.962	50	0.875	-7.903089986991944
189084.124	50	0.88	-7.903089986991944
190012.692	50	0.885	-7.903089986991944
190922.833	50	0.89	-7.903089986991944
191517.873	50	0.895	-7.903089986991944
191933.714	50	0.9	-7.903089986991944
192742.399	50	0.905	-7.903089986991944
193550.632	50	0.91	-7.903089986991944
194225.203	50	0.915	-7.903089986991944
194960.0	50	0.92	-7.903089986991944
195586.586	50	0.925	-7.903089986991944
196706.748	50	0.93	-7.903089986991944
197975.557	50	0.935	-7.903089986991944
199015.059	50	0.94	-7.903089986991944
200225.577	50	0.945	-7.903089986991944
202087.996	50	0.95	-7.903089986991944
203230.254	50	0.955	-7.903089986991944
205008.551	50	0.96	-7.903089986991944
207260.398	50	0.965	-7.903089986991944
208922.171	50	0.97	-7.903089986991944
213986.68	50	0.975	-7.903089986991944
216818.943	50	0.98	-7.903089986991944
220451.429	50	0.985	-7.903089986991944
224085.526	50	0.99	-7.903089986991944
231359.535	50	0.995	-7.903089986991944
188521.393	75	0.5	-7.903089986991944
188866.616	75	0.505	-7.903089986991944
189067.948	75	0.51	-7.903089986991944
189337.961	75	0.515	-7.903089986991944
189657.749	75	0.52	-7.903089986991944
189931.145	75	0.525	-7.903089986991944
190045.271	75	0.53	-7.903089986991944
190326.676	75	0.535	-7.903089986991944
190529.551	75	0.54	-7.903089986991944
190675.671	75	0.545	-7.903089986991944
191087.364	75	0.55	-7.903089986991944
191525.578	75	0.555	-7.903089986991944
191861.869	75	0.56	-7.903089986991944
192071.212	75	0.565	-7.903089986991944
192290.092	75	0.57	-7.903089986991944
192690.568	75	0.575	-7.903089986991944
192856.934	75	0.58	-7.903089986991944
193186.666	75	0.585	-7.903089986991944
193556.37	75	0.59	-7.903089986991944
194016.943	75	0.595	-7.903089986991944
194286.11	75	0.6	-7.903089986991944
194833.793	75	0.605	-7.903089986991944
195008.514	75	0.61	-7.903089986991944
195222.429	75	0.615	-7.903089986991944
195446.201	75	0.62	-7.903089986991944
196128.75	75	0.625	-7.903089986991944
196318.371	75	0.63	-7.903089986991944
196713.251	75	0.635	-7.903089986991944
197102.724	75	0.64	-7.903089986991944
197411.753	75	0.645	-7.903089986991944
197777.609	75	0.65	-7.903089986991944
198270.271	75	0.655	-7.903089986991944
198386.943	75	0.66	-7.903089986991944
198946.964	75	0.665	-7.903089986991944
199285.552	75	0.67	-7.903089986991944
199668.821	75	0.675	-7.903089986991944
199916.32	75	0.68	-7.903089986991944
200159.351	75	0.685	-7.903089986991944
200627.043	75	0.69	-7.903089986991944
200914.395	75	0.695	-7.903089986991944
201471.571	75	0.7	-7.903089986991944
201753.726	75	0.705	-7.903089986991944
201956.978	75	0.71	-7.903089986991944
202269.171	75	0.715	-7.903089986991944
202648.65	75	0.72	-7.903089986991944
202774.857	75	0.725	-7.903089986991944
202910.6	75	0.73	-7.903089986991944
203043.821	75	0.735	-7.903089986991944
203696.109	75	0.74	-7.903089986991944
204070.623	75	0.745	-7.903089986991944
204401.125	75	0.75	-7.903089986991944
204742.626	75	0.755	-7.903089986991944
205009.799	75	0.76	-7.903089986991944
205563.882	75	0.765	-7.903089986991944
205846.162	75	0.77	-7.903089986991944
206166.198	75	0.775	-7.903089986991944
206284.461	75	0.78	-7.903089986991944
206721.457	75	0.785	-7.903089986991944
207015.367	75	0.79	-7.903089986991944
207367.059	75	0.795	-7.903089986991944
207861.429	75	0.8	-7.903089986991944
208184.65	75	0.805	-7.903089986991944
208610.571	75	0.81	-7.903089986991944
209030.341	75	0.815	-7.903089986991944
209281.059	75	0.82	-7.903089986991944
209664.536	75	0.825	-7.903089986991944
210130.729	75	0.83	-7.903089986991944
210414.217	75	0.835	-7.903089986991944
210605.429	75	0.84	-7.903089986991944
211394.528	75	0.845	-7.903089986991944
211643.429	75	0.85	-7.903089986991944
212332.937	75	0.855	-7.903089986991944
212527.521	75	0.86	-7.903089986991944
212996.262	75	0.865	-7.903089986991944
213804.391	75	0.87	-7.903089986991944
214205.385	75	0.875	-7.903089986991944
214368.229	75	0.88	-7.903089986991944
215074.867	75	0.885	-7.903089986991944
215624.8	75	0.89	-7.903089986991944
216515.03	75	0.895	-7.903089986991944
217472.207	75	0.9	-7.903089986991944
217992.796	75	0.905	-7.903089986991944
218869.024	75	0.91	-7.903089986991944
219943.135	75	0.915	-7.903089986991944
221707.503	75	0.92	-7.903089986991944
222105.138	75	0.925	-7.903089986991944
222876.686	75	0.93	-7.903089986991944
224655.092	75	0.935	-7.903089986991944
225116.856	75	0.94	-7.903089986991944
227252.718	75	0.945	-7.903089986991944
228956.332	75	0.95	-7.903089986991944
230351.275	75	0.955	-7.903089986991944
232037.943	75	0.96	-7.903089986991944
237324.062	75	0.965	-7.903089986991944
239282.057	75	0.97	-7.903089986991944
243648.786	75	0.975	-7.903089986991944
245944.953	75	0.98	-7.903089986991944
265743.521	75	0.985	-7.903089986991944
272018.8	75	0.99	-7.903089986991944
317317.637	75	0.995	-7.903089986991944
212079.874	100	0.5	-7.903089986991944
212436.279	100	0.505	-7.903089986991944
212562.466	100	0.51	-7.903089986991944
212938.992	100	0.515	-7.903089986991944
213083.557	100	0.52	-7.903089986991944
213283.671	100	0.525	-7.903089986991944
213364.771	100	0.53	-7.903089986991944
213732.138	100	0.535	-7.903089986991944
213888.4	100	0.54	-7.903089986991944
214196.45	100	0.545	-7.903089986991944
214416.286	100	0.55	-7.903089986991944
214621.114	100	0.555	-7.903089986991944
214742.517	100	0.56	-7.903089986991944
215148.545	100	0.565	-7.903089986991944
215572.235	100	0.57	-7.903089986991944
215836.934	100	0.575	-7.903089986991944
215954.873	100	0.58	-7.903089986991944
216353.351	100	0.585	-7.903089986991944
216717.273	100	0.59	-7.903089986991944
216857.642	100	0.595	-7.903089986991944
217268.614	100	0.6	-7.903089986991944
217494.116	100	0.605	-7.903089986991944
217820.614	100	0.61	-7.903089986991944
218167.7	100	0.615	-7.903089986991944
218561.486	100	0.62	-7.903089986991944
219047.098	100	0.625	-7.903089986991944
219238.329	100	0.63	-7.903089986991944
219644.6	100	0.635	-7.903089986991944
219805.943	100	0.64	-7.903089986991944
220179.184	100	0.645	-7.903089986991944
220562.286	100	0.65	-7.903089986991944
220943.747	100	0.655	-7.903089986991944
221632.361	100	0.66	-7.903089986991944
222021.524	100	0.665	-7.903089986991944
222406.962	100	0.67	-7.903089986991944
222662.655	100	0.675	-7.903089986991944
223108.857	100	0.68	-7.903089986991944
223416.8	100	0.685	-7.903089986991944
223682.2	100	0.69	-7.903089986991944
224021.764	100	0.695	-7.903089986991944
224330.0	100	0.7	-7.903089986991944
224646.007	100	0.705	-7.903089986991944
224884.5	100	0.71	-7.903089986991944
225237.94	100	0.715	-7.903089986991944
225548.971	100	0.72	-7.903089986991944
225802.877	100	0.725	-7.903089986991944
226168.22	100	0.73	-7.903089986991944
226464.75	100	0.735	-7.903089986991944
227014.087	100	0.74	-7.903089986991944
227282.003	100	0.745	-7.903089986991944
227639.339	100	0.75	-7.903089986991944
228029.664	100	0.755	-7.903089986991944
228532.057	100	0.76	-7.903089986991944
228810.871	100	0.765	-7.903089986991944
229051.829	100	0.77	-7.903089986991944
229325.393	100	0.775	-7.903089986991944
229554.33	100	0.78	-7.903089986991944
229891.913	100	0.785	-7.903089986991944
230371.631	100	0.79	-7.903089986991944
231213.36	100	0.795	-7.903089986991944
231859.143	100	0.8	-7.903089986991944
232060.641	100	0.805	-7.903089986991944
232238.9	100	0.81	-7.903089986991944
232371.536	100	0.815	-7.903089986991944
232723.216	100	0.82	-7.903089986991944
233203.123	100	0.825	-7.903089986991944
233818.384	100	0.83	-7.903089986991944
234278.509	100	0.835	-7.903089986991944
234958.229	100	0.84	-7.903089986991944
235481.576	100	0.845	-7.903089986991944
236021.071	100	0.85	-7.903089986991944
236245.303	100	0.855	-7.903089986991944
236630.686	100	0.86	-7.903089986991944
237143.55	100	0.865	-7.903089986991944
237950.97	100	0.87	-7.903089986991944
238483.339	100	0.875	-7.903089986991944
238776.286	100	0.88	-7.903089986991944
239446.686	100	0.885	-7.903089986991944
240173.5	100	0.89	-7.903089986991944
241155.308	100	0.895	-7.903089986991944
242350.729	100	0.9	-7.903089986991944
242649.177	100	0.905	-7.903089986991944
243294.033	100	0.91	-7.903089986991944
244037.365	100	0.915	-7.903089986991944
244811.646	100	0.92	-7.903089986991944
245730.557	100	0.925	-7.903089986991944
246532.814	100	0.93	-7.903089986991944
248754.9	100	0.935	-7.903089986991944
249908.451	100	0.94	-7.903089986991944
252644.057	100	0.945	-7.903089986991944
253835.118	100	0.95	-7.903089986991944
257562.606	100	0.955	-7.903089986991944
260064.857	100	0.96	-7.903089986991944
261836.122	100	0.965	-7.903089986991944
266150.118	100	0.97	-7.903089986991944
270336.664	100	0.975	-7.903089986991944
277633.88	100	0.98	-7.903089986991944
284435.085	100	0.985	-7.903089986991944
296489.449	100	0.99	-7.903089986991944
306243.864	100	0.995	-7.903089986991944
231750.75	125	0.5	-7.903089986991944
232032.7	125	0.505	-7.903089986991944
232242.564	125	0.51	-7.903089986991944
232397.452	125	0.515	-7.903089986991944
232839.98	125	0.52	-7.903089986991944
232971.786	125	0.525	-7.903089986991944
233116.371	125	0.53	-7.903089986991944
233376.112	125	0.535	-7.903089986991944
233663.747	125	0.54	-7.903089986991944
233940.407	125	0.545	-7.903089986991944
234057.643	125	0.55	-7.903089986991944
234220.359	125	0.555	-7.903089986991944
234515.066	125	0.56	-7.903089986991944
234770.6	125	0.565	-7.903089986991944
235115.912	125	0.57	-7.903089986991944
235493.705	125	0.575	-7.903089986991944
236067.089	125	0.58	-7.903089986991944
236236.497	125	0.585	-7.903089986991944
236527.242	125	0.59	-7.903089986991944
236897.757	125	0.595	-7.903089986991944
237251.186	125	0.6	-7.903089986991944
237474.482	125	0.605	-7.903089986991944
237667.736	125	0.61	-7.903089986991944
237963.75	125	0.615	-7.903089986991944
238210.904	125	0.62	-7.903089986991944
238471.848	125	0.625	-7.903089986991944
238742.979	125	0.63	-7.903089986991944
238990.181	125	0.635	-7.903089986991944
239244.923	125	0.64	-7.903089986991944
239422.214	125	0.645	-7.903089986991944
239777.929	125	0.65	-7.903089986991944
240056.111	125	0.655	-7.903089986991944
240158.237	125	0.66	-7.903089986991944
240460.007	125	0.665	-7.903089986991944
240783.971	125	0.67	-7.903089986991944
241097.611	125	0.675	-7.903089986991944
241745.691	125	0.68	-7.903089986991944
241880.039	125	0.685	-7.903089986991944
242249.989	125	0.69	-7.903089986991944
242573.918	125	0.695	-7.903089986991944
242914.579	125	0.7	-7.903089986991944
243205.665	125	0.705	-7.903089986991944
243565.644	125	0.71	-7.903089986991944
243933.294	125	0.715	-7.903089986991944
244187.594	125	0.72	-7.903089986991944
244496.607	125	0.725	-7.903089986991944
244705.157	125	0.73	-7.903089986991944
244965.707	125	0.735	-7.903089986991944
245345.743	125	0.74	-7.903089986991944
245628.058	125	0.745	-7.903089986991944
246099.304	125	0.75	-7.903089986991944
246672.504	125	0.755	-7.903089986991944
246768.226	125	0.76	-7.903089986991944
247123.112	125	0.765	-7.903089986991944
247802.902	125	0.77	-7.903089986991944
248166.029	125	0.775	-7.903089986991944
248481.683	125	0.78	-7.903089986991944
248777.987	125	0.785	-7.903089986991944
249129.124	125	0.79	-7.903089986991944
249403.868	125	0.795	-7.903089986991944
249729.429	125	0.8	-7.903089986991944
250179.356	125	0.805	-7.903089986991944
250786.657	125	0.81	-7.903089986991944
251024.642	125	0.815	-7.903089986991944
251360.924	125	0.82	-7.903089986991944
252123.384	125	0.825	-7.903089986991944
252338.526	125	0.83	-7.903089986991944
252657.795	125	0.835	-7.903089986991944
253044.514	125	0.84	-7.903089986991944
253415.648	125	0.845	-7.903089986991944
253970.018	125	0.85	-7.903089986991944
254510.621	125	0.855	-7.903089986991944
254905.571	125	0.86	-7.903089986991944
255582.464	125	0.865	-7.903089986991944
256444.054	125	0.87	-7.903089986991944
257565.893	125	0.875	-7.903089986991944
257931.191	125	0.88	-7.903089986991944
258613.241	125	0.885	-7.903089986991944
259138.764	125	0.89	-7.903089986991944
261052.114	125	0.895	-7.903089986991944
262239.007	125	0.9	-7.903089986991944
263551.407	125	0.905	-7.903089986991944
264243.094	125	0.91	-7.903089986991944
265788.675	125	0.915	-7.903089986991944
266171.374	125	0.92	-7.903089986991944
267285.321	125	0.925	-7.903089986991944
268744.069	125	0.93	-7.903089986991944
271901.055	125	0.935	-7.903089986991944
273588.681	125	0.94	-7.903089986991944
275210.517	125	0.945	-7.903089986991944
282436.782	125	0.95	-7.903089986991944
285715.686	125	0.955	-7.903089986991944
287355.997	125	0.96	-7.903089986991944
295668.31	125	0.965	-7.903089986991944
300112.231	125	0.97	-7.903089986991944
312896.211	125	0.975	-7.903089986991944
333778.859	125	0.98	-7.903089986991944
351611.228	125	0.985	-7.903089986991944
364918.614	125	0.99	-7.903089986991944
378138.528	125	0.995	-7.903089986991944
248808.0	150	0.5	-7.903089986991944
248969.271	150	0.505	-7.903089986991944
249194.513	150	0.51	-7.903089986991944
249583.616	150	0.515	-7.903089986991944
250018.951	150	0.52	-7.903089986991944
250595.571	150	0.525	-7.903089986991944
250842.564	150	0.53	-7.903089986991944
250989.036	150	0.535	-7.903089986991944
251139.114	150	0.54	-7.903089986991944
251353.303	150	0.545	-7.903089986991944
251575.429	150	0.55	-7.903089986991944
252110.839	150	0.555	-7.903089986991944
252339.543	150	0.56	-7.903089986991944
252458.386	150	0.565	-7.903089986991944
252658.536	150	0.57	-7.903089986991944
253005.459	150	0.575	-7.903089986991944
253290.514	150	0.58	-7.903089986991944
253532.228	150	0.585	-7.903089986991944
253932.528	150	0.59	-7.903089986991944
254145.314	150	0.595	-7.903089986991944
254424.429	150	0.6	-7.903089986991944
254729.907	150	0.605	-7.903089986991944
255154.871	150	0.61	-7.903089986991944
255821.866	150	0.615	-7.903089986991944
256406.484	150	0.62	-7.903089986991944
256558.929	150	0.625	-7.903089986991944
256761.414	150	0.63	-7.903089986991944
256910.929	150	0.635	-7.903089986991944
257100.94	150	0.64	-7.903089986991944
257675.333	150	0.645	-7.903089986991944
257926.832	150	0.65	-7.903089986991944
258220.614	150	0.655	-7.903089986991944
258557.0	150	0.66	-7.903089986991944
258824.5	150	0.665	-7.903089986991944
259096.514	150	0.67	-7.903089986991944
259258.632	150	0.675	-7.903089986991944
259714.4	150	0.68	-7.903089986991944
260076.472	150	0.685	-7.903089986991944
260427.371	150	0.69	-7.903089986991944
260645.766	150	0.695	-7.903089986991944
260856.736	150	0.7	-7.903089986991944
261343.671	150	0.705	-7.903089986991944
261717.9	150	0.71	-7.903089986991944
262061.78	150	0.715	-7.903089986991944
262602.051	150	0.72	-7.903089986991944
263086.198	150	0.725	-7.903089986991944
263453.696	150	0.73	-7.903089986991944
263845.421	150	0.735	-7.903089986991944
264130.361	150	0.74	-7.903089986991944
264606.753	150	0.745	-7.903089986991944
265258.214	150	0.75	-7.903089986991944
265479.536	150	0.755	-7.903089986991944
265923.12	150	0.76	-7.903089986991944
266325.2	150	0.765	-7.903089986991944
266547.845	150	0.77	-7.903089986991944
266834.275	150	0.775	-7.903089986991944
267093.93	150	0.78	-7.903089986991944
267626.643	150	0.785	-7.903089986991944
268127.901	150	0.79	-7.903089986991944
268444.914	150	0.795	-7.903089986991944
268952.114	150	0.8	-7.903089986991944
269690.493	150	0.805	-7.903089986991944
270133.696	150	0.81	-7.903089986991944
270540.592	150	0.815	-7.903089986991944
271101.261	150	0.82	-7.903089986991944
271379.012	150	0.825	-7.903089986991944
271927.702	150	0.83	-7.903089986991944
272702.479	150	0.835	-7.903089986991944
273416.983	150	0.84	-7.903089986991944
273922.289	150	0.845	-7.903089986991944
274484.307	150	0.85	-7.903089986991944
274991.657	150	0.855	-7.903089986991944
275512.577	150	0.86	-7.903089986991944
276355.179	150	0.865	-7.903089986991944
277767.391	150	0.87	-7.903089986991944
278550.0	150	0.875	-7.903089986991944
279088.697	150	0.88	-7.903089986991944
279882.106	150	0.885	-7.903089986991944
280535.222	150	0.89	-7.903089986991944
281970.63	150	0.895	-7.903089986991944
283392.586	150	0.9	-7.903089986991944
284223.449	150	0.905	-7.903089986991944
286334.917	150	0.91	-7.903089986991944
287487.407	150	0.915	-7.903089986991944
288661.823	150	0.92	-7.903089986991944
290128.464	150	0.925	-7.903089986991944
292183.895	150	0.93	-7.903089986991944
296861.07	150	0.935	-7.903089986991944
299247.534	150	0.94	-7.903089986991944
301321.375	150	0.945	-7.903089986991944
303497.854	150	0.95	-7.903089986991944
306749.153	150	0.955	-7.903089986991944
314209.714	150	0.96	-7.903089986991944
318167.44	150	0.965	-7.903089986991944
323653.357	150	0.97	-7.903089986991944
339548.988	150	0.975	-7.903089986991944
351426.446	150	0.98	-7.903089986991944
366784.653	150	0.985	-7.903089986991944
378220.558	150	0.99	-7.903089986991944
401073.011	150	0.995	-7.903089986991944
264864.393	175	0.5	-7.903089986991944
265041.269	175	0.505	-7.903089986991944
265266.243	175	0.51	-7.903089986991944
265621.78	175	0.515	-7.903089986991944
265860.234	175	0.52	-7.903089986991944
266048.568	175	0.525	-7.903089986991944
266451.819	175	0.53	-7.903089986991944
266760.65	175	0.535	-7.903089986991944
267193.571	175	0.54	-7.903089986991944
267471.486	175	0.545	-7.903089986991944
267650.896	175	0.55	-7.903089986991944
267874.421	175	0.555	-7.903089986991944
268306.777	175	0.56	-7.903089986991944
268430.426	175	0.565	-7.903089986991944
268802.387	175	0.57	-7.903089986991944
269107.596	175	0.575	-7.903089986991944
269252.914	175	0.58	-7.903089986991944
269426.77	175	0.585	-7.903089986991944
269641.004	175	0.59	-7.903089986991944
269986.063	175	0.595	-7.903089986991944
270335.914	175	0.6	-7.903089986991944
270951.685	175	0.605	-7.903089986991944
271247.672	175	0.61	-7.903089986991944
272057.047	175	0.615	-7.903089986991944
272519.833	175	0.62	-7.903089986991944
272622.527	175	0.625	-7.903089986991944
272826.8	175	0.63	-7.903089986991944
273192.136	175	0.635	-7.903089986991944
273475.803	175	0.64	-7.903089986991944
273697.644	175	0.645	-7.903089986991944
273811.621	175	0.65	-7.903089986991944
273945.668	175	0.655	-7.903089986991944
274304.631	175	0.66	-7.903089986991944
274668.643	175	0.665	-7.903089986991944
274938.886	175	0.67	-7.903089986991944
275496.752	175	0.675	-7.903089986991944
275833.169	175	0.68	-7.903089986991944
276240.879	175	0.685	-7.903089986991944
276510.143	175	0.69	-7.903089986991944
276899.464	175	0.695	-7.903089986991944
277360.4	175	0.7	-7.903089986991944
277698.108	175	0.705	-7.903089986991944
278256.043	175	0.71	-7.903089986991944
278723.054	175	0.715	-7.903089986991944
279157.129	175	0.72	-7.903089986991944
279612.627	175	0.725	-7.903089986991944
279914.909	175	0.73	-7.903089986991944
280554.558	175	0.735	-7.903089986991944
280903.92	175	0.74	-7.903089986991944
281111.325	175	0.745	-7.903089986991944
281782.571	175	0.75	-7.903089986991944
282061.036	175	0.755	-7.903089986991944
282458.76	175	0.76	-7.903089986991944
283141.448	175	0.765	-7.903089986991944
284326.743	175	0.77	-7.903089986991944
284863.916	175	0.775	-7.903089986991944
285295.717	175	0.78	-7.903089986991944
285632.828	175	0.785	-7.903089986991944
286012.099	175	0.79	-7.903089986991944
287238.735	175	0.795	-7.903089986991944
287452.129	175	0.8	-7.903089986991944
287873.936	175	0.805	-7.903089986991944
288425.169	175	0.81	-7.903089986991944
289039.749	175	0.815	-7.903089986991944
290145.916	175	0.82	-7.903089986991944
290836.157	175	0.825	-7.903089986991944
291086.316	175	0.83	-7.903089986991944
291724.643	175	0.835	-7.903089986991944
292465.863	175	0.84	-7.903089986991944
293304.079	175	0.845	-7.903089986991944
293903.489	175	0.85	-7.903089986991944
294259.25	175	0.855	-7.903089986991944
295226.019	175	0.86	-7.903089986991944
295833.164	175	0.865	-7.903089986991944
296883.794	175	0.87	-7.903089986991944
297419.295	175	0.875	-7.903089986991944
298541.943	175	0.88	-7.903089986991944
299315.162	175	0.885	-7.903089986991944
300300.038	175	0.89	-7.903089986991944
301020.393	175	0.895	-7.903089986991944
301716.043	175	0.9	-7.903089986991944
303817.339	175	0.905	-7.903089986991944
306618.213	175	0.91	-7.903089986991944
307594.594	175	0.915	-7.903089986991944
310362.326	175	0.92	-7.903089986991944
313173.138	175	0.925	-7.903089986991944
313917.5	175	0.93	-7.903089986991944
314627.979	175	0.935	-7.903089986991944
320281.661	175	0.94	-7.903089986991944
322818.964	175	0.945	-7.903089986991944
324983.221	175	0.95	-7.903089986991944
328016.771	175	0.955	-7.903089986991944
335509.494	175	0.96	-7.903089986991944
342312.188	175	0.965	-7.903089986991944
351103.441	175	0.97	-7.903089986991944
366403.504	175	0.975	-7.903089986991944
378082.943	175	0.98	-7.903089986991944
394793.668	175	0.985	-7.903089986991944
431051.871	175	0.99	-7.903089986991944
472415.715	175	0.995	-7.903089986991944
281309.286	200	0.5	-7.903089986991944
281589.477	200	0.505	-7.903089986991944
281824.859	200	0.51	-7.903089986991944
282212.213	200	0.515	-7.903089986991944
282903.706	200	0.52	-7.903089986991944
283063.536	200	0.525	-7.903089986991944
283274.361	200	0.53	-7.903089986991944
283477.074	200	0.535	-7.903089986991944
284173.431	200	0.54	-7.903089986991944
284253.69	200	0.545	-7.903089986991944
284457.857	200	0.55	-7.903089986991944
284638.129	200	0.555	-7.903089986991944
284921.714	200	0.56	-7.903089986991944
285438.786	200	0.565	-7.903089986991944
285673.129	200	0.57	-7.903089986991944
285813.341	200	0.575	-7.903089986991944
286185.313	200	0.58	-7.903089986991944
286687.541	200	0.585	-7.903089986991944
286981.643	200	0.59	-7.903089986991944
287272.807	200	0.595	-7.903089986991944
287652.129	200	0.6	-7.903089986991944
287963.171	200	0.605	-7.903089986991944
288427.642	200	0.61	-7.903089986991944
288677.07	200	0.615	-7.903089986991944
288967.927	200	0.62	-7.903089986991944
289556.071	200	0.625	-7.903089986991944
289865.6	200	0.63	-7.903089986991944
290833.605	200	0.635	-7.903089986991944
291277.503	200	0.64	-7.903089986991944
291522.831	200	0.645	-7.903089986991944
291792.786	200	0.65	-7.903089986991944
292381.929	200	0.655	-7.903089986991944
292605.451	200	0.66	-7.903089986991944
293054.155	200	0.665	-7.903089986991944
293324.495	200	0.67	-7.903089986991944
293715.523	200	0.675	-7.903089986991944
294288.057	200	0.68	-7.903089986991944
294744.036	200	0.685	-7.903089986991944
295821.702	200	0.69	-7.903089986991944
296010.436	200	0.695	-7.903089986991944
296356.636	200	0.7	-7.903089986991944
296652.221	200	0.705	-7.903089986991944
297058.243	200	0.71	-7.903089986991944
297511.514	200	0.715	-7.903089986991944
297806.629	200	0.72	-7.903089986991944
298098.338	200	0.725	-7.903089986991944
298544.49	200	0.73	-7.903089986991944
298807.548	200	0.735	-7.903089986991944
299147.611	200	0.74	-7.903089986991944
299524.436	200	0.745	-7.903089986991944
300081.732	200	0.75	-7.903089986991944
300326.504	200	0.755	-7.903089986991944
301028.223	200	0.76	-7.903089986991944
301451.571	200	0.765	-7.903089986991944
301784.869	200	0.77	-7.903089986991944
302348.321	200	0.775	-7.903089986991944
302730.543	200	0.78	-7.903089986991944
303319.09	200	0.785	-7.903089986991944
303895.529	200	0.79	-7.903089986991944
304721.183	200	0.795	-7.903089986991944
305063.771	200	0.8	-7.903089986991944
306098.657	200	0.805	-7.903089986991944
306681.192	200	0.81	-7.903089986991944
307009.743	200	0.815	-7.903089986991944
307466.89	200	0.82	-7.903089986991944
307986.584	200	0.825	-7.903089986991944
308853.412	200	0.83	-7.903089986991944
309257.645	200	0.835	-7.903089986991944
309579.18	200	0.84	-7.903089986991944
311131.107	200	0.845	-7.903089986991944
311341.5	200	0.85	-7.903089986991944
312065.985	200	0.855	-7.903089986991944
314022.357	200	0.86	-7.903089986991944
315222.543	200	0.865	-7.903089986991944
317260.343	200	0.87	-7.903089986991944
318050.027	200	0.875	-7.903089986991944
320453.846	200	0.88	-7.903089986991944
321570.67	200	0.885	-7.903089986991944
322894.1	200	0.89	-7.903089986991944
324645.814	200	0.895	-7.903089986991944
326766.029	200	0.9	-7.903089986991944
327576.079	200	0.905	-7.903089986991944
329989.57	200	0.91	-7.903089986991944
332583.514	200	0.915	-7.903089986991944
334686.451	200	0.92	-7.903089986991944
336492.041	200	0.925	-7.903089986991944
338758.557	200	0.93	-7.903089986991944
341499.084	200	0.935	-7.903089986991944
344006.18	200	0.94	-7.903089986991944
345550.05	200	0.945	-7.903089986991944
352761.782	200	0.95	-7.903089986991944
360625.529	200	0.955	-7.903089986991944
366880.96	200	0.96	-7.903089986991944
377296.86	200	0.965	-7.903089986991944
381867.298	200	0.97	-7.903089986991944
391642.104	200	0.975	-7.903089986991944
399273.086	200	0.98	-7.903089986991944
416610.847	200	0.985	-7.903089986991944
430759.614	200	0.99	-7.903089986991944
482478.858	200	0.995	-7.903089986991944
298461.286	225	0.5	-7.903089986991944
298749.352	225	0.505	-7.903089986991944
299164.729	225	0.51	-7.903089986991944
299378.345	225	0.515	-7.903089986991944
299760.446	225	0.52	-7.903089986991944
300089.53	225	0.525	-7.903089986991944
300455.239	225	0.53	-7.903089986991944
300857.071	225	0.535	-7.903089986991944
301406.581	225	0.54	-7.903089986991944
301592.044	225	0.545	-7.903089986991944
302135.746	225	0.55	-7.903089986991944
302430.436	225	0.555	-7.903089986991944
302861.666	225	0.56	-7.903089986991944
303308.552	225	0.565	-7.903089986991944
303895.812	225	0.57	-7.903089986991944
304409.209	225	0.575	-7.903089986991944
304810.343	225	0.58	-7.903089986991944
305307.679	225	0.585	-7.903089986991944
305594.185	225	0.59	-7.903089986991944
306010.978	225	0.595	-7.903089986991944
306245.929	225	0.6	-7.903089986991944
306514.809	225	0.605	-7.903089986991944
307154.336	225	0.61	-7.903089986991944
307519.371	225	0.615	-7.903089986991944
307964.371	225	0.62	-7.903089986991944
308570.893	225	0.625	-7.903089986991944
308951.514	225	0.63	-7.903089986991944
309247.326	225	0.635	-7.903089986991944
309404.286	225	0.64	-7.903089986991944
310011.57	225	0.645	-7.903089986991944
310438.721	225	0.65	-7.903089986991944
310743.85	225	0.655	-7.903089986991944
310883.487	225	0.66	-7.903089986991944
311259.459	225	0.665	-7.903089986991944
311592.047	225	0.67	-7.903089986991944
312076.977	225	0.675	-7.903089986991944
312443.029	225	0.68	-7.903089986991944
312826.006	225	0.685	-7.903089986991944
313096.4	225	0.69	-7.903089986991944
313411.179	225	0.695	-7.903089986991944
314051.521	225	0.7	-7.903089986991944
314443.735	225	0.705	-7.903089986991944
315064.827	225	0.71	-7.903089986991944
315658.892	225	0.715	-7.903089986991944
316132.009	225	0.72	-7.903089986991944
317145.554	225	0.725	-7.903089986991944
317295.276	225	0.73	-7.903089986991944
317641.176	225	0.735	-7.903089986991944
318449.473	225	0.74	-7.903089986991944
318842.239	225	0.745	-7.903089986991944
319203.625	225	0.75	-7.903089986991944
320152.753	225	0.755	-7.903089986991944
320767.171	225	0.76	-7.903089986991944
321188.54	225	0.765	-7.903089986991944
321612.143	225	0.77	-7.903089986991944
322136.295	225	0.775	-7.903089986991944
322730.961	225	0.78	-7.903089986991944
323460.896	225	0.785	-7.903089986991944
324266.511	225	0.79	-7.903089986991944
324921.243	225	0.795	-7.903089986991944
325426.014	225	0.8	-7.903089986991944
326765.786	225	0.805	-7.903089986991944
327625.856	225	0.81	-7.903089986991944
327967.623	225	0.815	-7.903089986991944
328908.069	225	0.82	-7.903089986991944
330089.111	225	0.825	-7.903089986991944
330710.11	225	0.83	-7.903089986991944
332156.336	225	0.835	-7.903089986991944
333440.057	225	0.84	-7.903089986991944
335025.176	225	0.845	-7.903089986991944
336128.346	225	0.85	-7.903089986991944
337305.133	225	0.855	-7.903089986991944
338366.423	225	0.86	-7.903089986991944
339126.948	225	0.865	-7.903089986991944
341351.409	225	0.87	-7.903089986991944
344006.607	225	0.875	-7.903089986991944
345776.98	225	0.88	-7.903089986991944
348012.905	225	0.885	-7.903089986991944
348975.629	225	0.89	-7.903089986991944
351851.35	225	0.895	-7.903089986991944
357755.157	225	0.9	-7.903089986991944
359209.638	225	0.905	-7.903089986991944
362261.991	225	0.91	-7.903089986991944
365538.89	225	0.915	-7.903089986991944
367328.577	225	0.92	-7.903089986991944
370061.466	225	0.925	-7.903089986991944
375157.719	225	0.93	-7.903089986991944
376711.15	225	0.935	-7.903089986991944
382860.343	225	0.94	-7.903089986991944
386689.491	225	0.945	-7.903089986991944
388687.136	225	0.95	-7.903089986991944
392351.792	225	0.955	-7.903089986991944
397348.466	225	0.96	-7.903089986991944
404405.069	225	0.965	-7.903089986991944
420167.202	225	0.97	-7.903089986991944
428825.246	225	0.975	-7.903089986991944
437972.086	225	0.98	-7.903089986991944
449300.614	225	0.985	-7.903089986991944
476397.643	225	0.99	-7.903089986991944
528634.609	225	0.995	-7.903089986991944
313091.571	250	0.5	-7.903089986991944
313378.872	250	0.505	-7.903089986991944
313705.522	250	0.51	-7.903089986991944
314046.72	250	0.515	-7.903089986991944
314309.029	250	0.52	-7.903089986991944
314515.218	250	0.525	-7.903089986991944
314763.51	250	0.53	-7.903089986991944
315162.683	250	0.535	-7.903089986991944
315323.204	250	0.54	-7.903089986991944
315575.919	250	0.545	-7.903089986991944
315843.675	250	0.55	-7.903089986991944
316243.536	250	0.555	-7.903089986991944
316928.514	250	0.56	-7.903089986991944
317157.398	250	0.565	-7.903089986991944
317442.104	250	0.57	-7.903089986991944
317701.679	250	0.575	-7.903089986991944
317839.591	250	0.58	-7.903089986991944
318199.638	250	0.585	-7.903089986991944
318729.256	250	0.59	-7.903089986991944
319097.714	250	0.595	-7.903089986991944
319372.857	250	0.6	-7.903089986991944
319700.021	250	0.605	-7.903089986991944
320244.944	250	0.61	-7.903089986991944
320643.384	250	0.615	-7.903089986991944
321071.586	250	0.62	-7.903089986991944
321563.964	250	0.625	-7.903089986991944
321803.85	250	0.63	-7.903089986991944
322091.861	250	0.635	-7.903089986991944
322251.374	250	0.64	-7.903089986991944
322608.479	250	0.645	-7.903089986991944
323150.311	250	0.65	-7.903089986991944
324097.552	250	0.655	-7.903089986991944
324792.257	250	0.66	-7.903089986991944
325339.702	250	0.665	-7.903089986991944
325602.751	250	0.67	-7.903089986991944
326058.862	250	0.675	-7.903089986991944
326459.98	250	0.68	-7.903089986991944
327061.644	250	0.685	-7.903089986991944
327855.419	250	0.69	-7.903089986991944
328804.365	250	0.695	-7.903089986991944
329248.857	250	0.7	-7.903089986991944
329505.814	250	0.705	-7.903089986991944
330192.663	250	0.71	-7.903089986991944
330338.75	250	0.715	-7.903089986991944
330914.494	250	0.72	-7.903089986991944
331185.679	250	0.725	-7.903089986991944
331814.981	250	0.73	-7.903089986991944
332612.376	250	0.735	-7.903089986991944
333615.267	250	0.74	-7.903089986991944
334038.894	250	0.745	-7.903089986991944
334377.446	250	0.75	-7.903089986991944
334902.052	250	0.755	-7.903089986991944
335433.811	250	0.76	-7.903089986991944
336186.357	250	0.765	-7.903089986991944
336476.143	250	0.77	-7.903089986991944
337381.373	250	0.775	-7.903089986991944
337874.799	250	0.78	-7.903089986991944
338675.711	250	0.785	-7.903089986991944
339311.215	250	0.79	-7.903089986991944
340316.593	250	0.795	-7.903089986991944
341673.429	250	0.8	-7.903089986991944
342466.628	250	0.805	-7.903089986991944
343907.156	250	0.81	-7.903089986991944
344638.991	250	0.815	-7.903089986991944
345176.526	250	0.82	-7.903089986991944
346441.048	250	0.825	-7.903089986991944
347273.504	250	0.83	-7.903089986991944
347894.9	250	0.835	-7.903089986991944
348482.583	250	0.84	-7.903089986991944
348848.521	250	0.845	-7.903089986991944
349827.843	250	0.85	-7.903089986991944
351281.608	250	0.855	-7.903089986991944
353125.976	250	0.86	-7.903089986991944
354479.481	250	0.865	-7.903089986991944
356383.536	250	0.87	-7.903089986991944
357136.696	250	0.875	-7.903089986991944
358722.811	250	0.88	-7.903089986991944
360725.544	250	0.885	-7.903089986991944
362593.508	250	0.89	-7.903089986991944
364027.178	250	0.895	-7.903089986991944
366424.079	250	0.9	-7.903089986991944
369230.298	250	0.905	-7.903089986991944
370899.764	250	0.91	-7.903089986991944
374376.486	250	0.915	-7.903089986991944
376494.729	250	0.92	-7.903089986991944
379408.571	250	0.925	-7.903089986991944
384009.781	250	0.93	-7.903089986991944
387172.679	250	0.935	-7.903089986991944
391102.261	250	0.94	-7.903089986991944
395816.507	250	0.945	-7.903089986991944
405517.361	250	0.95	-7.903089986991944
411320.399	250	0.955	-7.903089986991944
421486.309	250	0.96	-7.903089986991944
428891.91	250	0.965	-7.903089986991944
438815.343	250	0.97	-7.903089986991944
450284.498	250	0.975	-7.903089986991944
465552.911	250	0.98	-7.903089986991944
470568.667	250	0.985	-7.903089986991944
522773.358	250	0.99	-7.903089986991944
568272.121	250	0.995	-7.903089986991944
330110.393	275	0.5	-7.903089986991944
330483.53	275	0.505	-7.903089986991944
331103.179	275	0.51	-7.903089986991944
331381.924	275	0.515	-7.903089986991944
331561.314	275	0.52	-7.903089986991944
331855.895	275	0.525	-7.903089986991944
332092.291	275	0.53	-7.903089986991944
332546.309	275	0.535	-7.903089986991944
332902.799	275	0.54	-7.903089986991944
333075.85	275	0.545	-7.903089986991944
333554.529	275	0.55	-7.903089986991944
334110.938	275	0.555	-7.903089986991944
334921.46	275	0.56	-7.903089986991944
335191.186	275	0.565	-7.903089986991944
335512.831	275	0.57	-7.903089986991944
335705.62	275	0.575	-7.903089986991944
335929.66	275	0.58	-7.903089986991944
336365.022	275	0.585	-7.903089986991944
336526.0	275	0.59	-7.903089986991944
336902.508	275	0.595	-7.903089986991944
337501.986	275	0.6	-7.903089986991944
338017.74	275	0.605	-7.903089986991944
338879.913	275	0.61	-7.903089986991944
339276.721	275	0.615	-7.903089986991944
339868.534	275	0.62	-7.903089986991944
340254.411	275	0.625	-7.903089986991944
340984.921	275	0.63	-7.903089986991944
341509.783	275	0.635	-7.903089986991944
341800.743	275	0.64	-7.903089986991944
342357.012	275	0.645	-7.903089986991944
342744.382	275	0.65	-7.903089986991944
343114.903	275	0.655	-7.903089986991944
343330.017	275	0.66	-7.903089986991944
343596.019	275	0.665	-7.903089986991944
343958.453	275	0.67	-7.903089986991944
344280.821	275	0.675	-7.903089986991944
344580.914	275	0.68	-7.903089986991944
345161.199	275	0.685	-7.903089986991944
345498.257	275	0.69	-7.903089986991944
346404.046	275	0.695	-7.903089986991944
346921.05	275	0.7	-7.903089986991944
347387.35	275	0.705	-7.903089986991944
347686.697	275	0.71	-7.903089986991944
348526.871	275	0.715	-7.903089986991944
348991.994	275	0.72	-7.903089986991944
349315.225	275	0.725	-7.903089986991944
350223.496	275	0.73	-7.903089986991944
350580.429	275	0.735	-7.903089986991944
351104.257	275	0.74	-7.903089986991944
352043.569	275	0.745	-7.903089986991944
353123.571	275	0.75	-7.903089986991944
353482.134	275	0.755	-7.903089986991944
354418.154	275	0.76	-7.903089986991944
354790.743	275	0.765	-7.903089986991944
355380.71	275	0.77	-7.903089986991944
355877.286	275	0.775	-7.903089986991944
356645.901	275	0.78	-7.903089986991944
357623.792	275	0.785	-7.903089986991944
358347.127	275	0.79	-7.903089986991944
359107.657	275	0.795	-7.903089986991944
360075.171	275	0.8	-7.903089986991944
360950.473	275	0.805	-7.903089986991944
361510.371	275	0.81	-7.903089986991944
362500.985	275	0.815	-7.903089986991944
364949.783	275	0.82	-7.903089986991944
365196.452	275	0.825	-7.903089986991944
366830.268	275	0.83	-7.903089986991944
368078.895	275	0.835	-7.903089986991944
368821.714	275	0.84	-7.903089986991944
370723.394	275	0.845	-7.903089986991944
371393.321	275	0.85	-7.903089986991944
373442.271	275	0.855	-7.903089986991944
375166.04	275	0.86	-7.903089986991944
377268.319	275	0.865	-7.903089986991944
378609.909	275	0.87	-7.903089986991944
379703.598	275	0.875	-7.903089986991944
380597.106	275	0.88	-7.903089986991944
382372.216	275	0.885	-7.903089986991944
386559.656	275	0.89	-7.903089986991944
388161.558	275	0.895	-7.903089986991944
389842.564	275	0.9	-7.903089986991944
393104.349	275	0.905	-7.903089986991944
394573.786	275	0.91	-7.903089986991944
396281.529	275	0.915	-7.903089986991944
399673.491	275	0.92	-7.903089986991944
402100.302	275	0.925	-7.903089986991944
405182.934	275	0.93	-7.903089986991944
409548.396	275	0.935	-7.903089986991944
414851.143	275	0.94	-7.903089986991944
420737.752	275	0.945	-7.903089986991944
426250.271	275	0.95	-7.903089986991944
431844.489	275	0.955	-7.903089986991944
444088.343	275	0.96	-7.903089986991944
465082.021	275	0.965	-7.903089986991944
470142.074	275	0.97	-7.903089986991944
487134.786	275	0.975	-7.903089986991944
499665.227	275	0.98	-7.903089986991944
531257.98	275	0.985	-7.903089986991944
560103.247	275	0.99	-7.903089986991944
596630.007	275	0.995	-7.903089986991944
342755.107	300	0.5	-7.903089986991944
343296.528	300	0.505	-7.903089986991944
343730.021	300	0.51	-7.903089986991944
344293.892	300	0.515	-7.903089986991944
344762.837	300	0.52	-7.903089986991944
345431.105	300	0.525	-7.903089986991944
345831.567	300	0.53	-7.903089986991944
346384.322	300	0.535	-7.903089986991944
346735.063	300	0.54	-7.903089986991944
347182.99	300	0.545	-7.903089986991944
347566.239	300	0.55	-7.903089986991944
348051.429	300	0.555	-7.903089986991944
348517.217	300	0.56	-7.903089986991944
349037.536	300	0.565	-7.903089986991944
349220.257	300	0.57	-7.903089986991944
349487.53	300	0.575	-7.903089986991944
350207.744	300	0.58	-7.903089986991944
350788.271	300	0.585	-7.903089986991944
351242.349	300	0.59	-7.903089986991944
351768.606	300	0.595	-7.903089986991944
352173.157	300	0.6	-7.903089986991944
352399.94	300	0.605	-7.903089986991944
352944.697	300	0.61	-7.903089986991944
353185.386	300	0.615	-7.903089986991944
353347.366	300	0.62	-7.903089986991944
353668.17	300	0.625	-7.903089986991944
354407.212	300	0.63	-7.903089986991944
354503.786	300	0.635	-7.903089986991944
354968.423	300	0.64	-7.903089986991944
355154.614	300	0.645	-7.903089986991944
355578.0	300	0.65	-7.903089986991944
355948.865	300	0.655	-7.903089986991944
356440.214	300	0.66	-7.903089986991944
356743.348	300	0.665	-7.903089986991944
356935.7	300	0.67	-7.903089986991944
357107.523	300	0.675	-7.903089986991944
357960.483	300	0.68	-7.903089986991944
358336.085	300	0.685	-7.903089986991944
359364.622	300	0.69	-7.903089986991944
359644.937	300	0.695	-7.903089986991944
360169.664	300	0.7	-7.903089986991944
360580.223	300	0.705	-7.903089986991944
360710.816	300	0.71	-7.903089986991944
361255.805	300	0.715	-7.903089986991944
362142.643	300	0.72	-7.903089986991944
362736.509	300	0.725	-7.903089986991944
363338.747	300	0.73	-7.903089986991944
364123.395	300	0.735	-7.903089986991944
364847.971	300	0.74	-7.903089986991944
365933.414	300	0.745	-7.903089986991944
366445.821	300	0.75	-7.903089986991944
367535.217	300	0.755	-7.903089986991944
368717.44	300	0.76	-7.903089986991944
369615.271	300	0.765	-7.903089986991944
371034.045	300	0.77	-7.903089986991944
372712.861	300	0.775	-7.903089986991944
373235.77	300	0.78	-7.903089986991944
373700.148	300	0.785	-7.903089986991944
374507.112	300	0.79	-7.903089986991944
375417.022	300	0.795	-7.903089986991944
376627.886	300	0.8	-7.903089986991944
378492.293	300	0.805	-7.903089986991944
379540.716	300	0.81	-7.903089986991944
380186.765	300	0.815	-7.903089986991944
380906.184	300	0.82	-7.903089986991944
381479.796	300	0.825	-7.903089986991944
382769.545	300	0.83	-7.903089986991944
383992.564	300	0.835	-7.903089986991944
385482.986	300	0.84	-7.903089986991944
386213.129	300	0.845	-7.903089986991944
386546.214	300	0.85	-7.903089986991944
388162.588	300	0.855	-7.903089986991944
389117.85	300	0.86	-7.903089986991944
390304.843	300	0.865	-7.903089986991944
393144.114	300	0.87	-7.903089986991944
394953.295	300	0.875	-7.903089986991944
397631.257	300	0.88	-7.903089986991944
399730.75	300	0.885	-7.903089986991944
401148.933	300	0.89	-7.903089986991944
404777.092	300	0.895	-7.903089986991944
408001.221	300	0.9	-7.903089986991944
411663.458	300	0.905	-7.903089986991944
415023.13	300	0.91	-7.903089986991944
420026.183	300	0.915	-7.903089986991944
421892.4	300	0.92	-7.903089986991944
425669.289	300	0.925	-7.903089986991944
429378.567	300	0.93	-7.903089986991944
434006.121	300	0.935	-7.903089986991944
441388.25	300	0.94	-7.903089986991944
448721.81	300	0.945	-7.903089986991944
458230.836	300	0.95	-7.903089986991944
470994.618	300	0.955	-7.903089986991944
478201.926	300	0.96	-7.903089986991944
484056.45	300	0.965	-7.903089986991944
497485.843	300	0.97	-7.903089986991944
514235.789	300	0.975	-7.903089986991944
535363.486	300	0.98	-7.903089986991944
560363.888	300	0.985	-7.903089986991944
609415.146	300	0.99	-7.903089986991944
636953.233	300	0.995	-7.903089986991944
356346.464	325	0.5	-7.903089986991944
356968.465	325	0.505	-7.903089986991944
357496.164	325	0.51	-7.903089986991944
357769.173	325	0.515	-7.903089986991944
358082.951	325	0.52	-7.903089986991944
358243.007	325	0.525	-7.903089986991944
358464.552	325	0.53	-7.903089986991944
358635.643	325	0.535	-7.903089986991944
359036.033	325	0.54	-7.903089986991944
359506.349	325	0.545	-7.903089986991944
360329.504	325	0.55	-7.903089986991944
360675.168	325	0.555	-7.903089986991944
361316.271	325	0.56	-7.903089986991944
362479.481	325	0.565	-7.903089986991944
362886.0	325	0.57	-7.903089986991944
363580.78	325	0.575	-7.903089986991944
364019.943	325	0.58	-7.903089986991944
364375.992	325	0.585	-7.903089986991944
364870.972	325	0.59	-7.903089986991944
365483.892	325	0.595	-7.903089986991944
366113.757	325	0.6	-7.903089986991944
366831.743	325	0.605	-7.903089986991944
367383.141	325	0.61	-7.903089986991944
368187.288	325	0.615	-7.903089986991944
369082.181	325	0.62	-7.903089986991944
370165.536	325	0.625	-7.903089986991944
370628.443	325	0.63	-7.903089986991944
370997.026	325	0.635	-7.903089986991944
371428.72	325	0.64	-7.903089986991944
371838.65	325	0.645	-7.903089986991944
372450.0	325	0.65	-7.903089986991944
372867.321	325	0.655	-7.903089986991944
373240.994	325	0.66	-7.903089986991944
373705.366	325	0.665	-7.903089986991944
373785.628	325	0.67	-7.903089986991944
374388.582	325	0.675	-7.903089986991944
374942.831	325	0.68	-7.903089986991944
375449.938	325	0.685	-7.903089986991944
376060.786	325	0.69	-7.903089986991944
376607.244	325	0.695	-7.903089986991944
377492.136	325	0.7	-7.903089986991944
378348.893	325	0.705	-7.903089986991944
379004.991	325	0.71	-7.903089986991944
380536.299	325	0.715	-7.903089986991944
381067.537	325	0.72	-7.903089986991944
381880.679	325	0.725	-7.903089986991944
382235.614	325	0.73	-7.903089986991944
383060.067	325	0.735	-7.903089986991944
383802.343	325	0.74	-7.903089986991944
384774.139	325	0.745	-7.903089986991944
385342.143	325	0.75	-7.903089986991944
385762.629	325	0.755	-7.903089986991944
386872.44	325	0.76	-7.903089986991944
387338.053	325	0.765	-7.903089986991944
387822.873	325	0.77	-7.903089986991944
388345.246	325	0.775	-7.903089986991944
388896.639	325	0.78	-7.903089986991944
389850.881	325	0.785	-7.903089986991944
390846.076	325	0.79	-7.903089986991944
391797.022	325	0.795	-7.903089986991944
393122.457	325	0.8	-7.903089986991944
393908.15	325	0.805	-7.903089986991944
395168.027	325	0.81	-7.903089986991944
396394.111	325	0.815	-7.903089986991944
397162.421	325	0.82	-7.903089986991944
397983.711	325	0.825	-7.903089986991944
398728.627	325	0.83	-7.903089986991944
399657.05	325	0.835	-7.903089986991944
401104.686	325	0.84	-7.903089986991944
401764.758	325	0.845	-7.903089986991944
403433.725	325	0.85	-7.903089986991944
405030.568	325	0.855	-7.903089986991944
405466.984	325	0.86	-7.903089986991944
406224.605	325	0.865	-7.903089986991944
407367.434	325	0.87	-7.903089986991944
408215.357	325	0.875	-7.903089986991944
411081.72	325	0.88	-7.903089986991944
414167.27	325	0.885	-7.903089986991944
417319.31	325	0.89	-7.903089986991944
420694.621	325	0.895	-7.903089986991944
425208.079	325	0.9	-7.903089986991944
428579.752	325	0.905	-7.903089986991944
433849.908	325	0.91	-7.903089986991944
435666.691	325	0.915	-7.903089986991944
440534.331	325	0.92	-7.903089986991944
442427.423	325	0.925	-7.903089986991944
446605.419	325	0.93	-7.903089986991944
454691.16	325	0.935	-7.903089986991944
459684.257	325	0.94	-7.903089986991944
462276.725	325	0.945	-7.903089986991944
468086.004	325	0.95	-7.903089986991944
481577.762	325	0.955	-7.903089986991944
490483.92	325	0.96	-7.903089986991944
497833.099	325	0.965	-7.903089986991944
527203.427	325	0.97	-7.903089986991944
549469.75	325	0.975	-7.903089986991944
566335.093	325	0.98	-7.903089986991944
590428.561	325	0.985	-7.903089986991944
625013.559	325	0.99	-7.903089986991944
663401.656	325	0.995	-7.903089986991944
370826.429	350	0.5	-7.903089986991944
371067.257	350	0.505	-7.903089986991944
371650.02	350	0.51	-7.903089986991944
372554.241	350	0.515	-7.903089986991944
372973.009	350	0.52	-7.903089986991944
373670.359	350	0.525	-7.903089986991944
374353.844	350	0.53	-7.903089986991944
374586.191	350	0.535	-7.903089986991944
375386.457	350	0.54	-7.903089986991944
375968.21	350	0.545	-7.903089986991944
376842.682	350	0.55	-7.903089986991944
377055.349	350	0.555	-7.903089986991944
377536.529	350	0.56	-7.903089986991944
378153.007	350	0.565	-7.903089986991944
378359.445	350	0.57	-7.903089986991944
378780.593	350	0.575	-7.903089986991944
379029.314	350	0.58	-7.903089986991944
379470.51	350	0.585	-7.903089986991944
380053.556	350	0.59	-7.903089986991944
381093.486	350	0.595	-7.903089986991944
381253.457	350	0.6	-7.903089986991944
381653.928	350	0.605	-7.903089986991944
382160.586	350	0.61	-7.903089986991944
382240.262	350	0.615	-7.903089986991944
382779.117	350	0.62	-7.903089986991944
383407.786	350	0.625	-7.903089986991944
384031.422	350	0.63	-7.903089986991944
385259.288	350	0.635	-7.903089986991944
386094.457	350	0.64	-7.903089986991944
386894.043	350	0.645	-7.903089986991944
387361.336	350	0.65	-7.903089986991944
387849.179	350	0.655	-7.903089986991944
388084.877	350	0.66	-7.903089986991944
389108.293	350	0.665	-7.903089986991944
389662.714	350	0.67	-7.903089986991944
390148.961	350	0.675	-7.903089986991944
390859.469	350	0.68	-7.903089986991944
391181.838	350	0.685	-7.903089986991944
392052.114	350	0.69	-7.903089986991944
392912.388	350	0.695	-7.903089986991944
393997.571	350	0.7	-7.903089986991944
394898.122	350	0.705	-7.903089986991944
395623.986	350	0.71	-7.903089986991944
396060.114	350	0.715	-7.903089986991944
396948.677	350	0.72	-7.903089986991944
397665.273	350	0.725	-7.903089986991944
397998.766	350	0.73	-7.903089986991944
398562.477	350	0.735	-7.903089986991944
399018.943	350	0.74	-7.903089986991944
400162.836	350	0.745	-7.903089986991944
400846.768	350	0.75	-7.903089986991944
401739.564	350	0.755	-7.903089986991944
402294.894	350	0.76	-7.903089986991944
402881.448	350	0.765	-7.903089986991944
403606.567	350	0.77	-7.903089986991944
404299.639	350	0.775	-7.903089986991944
405636.527	350	0.78	-7.903089986991944
406260.159	350	0.785	-7.903089986991944
407096.434	350	0.79	-7.903089986991944
407826.322	350	0.795	-7.903089986991944
408785.257	350	0.8	-7.903089986991944
409162.671	350	0.805	-7.903089986991944
410982.687	350	0.81	-7.903089986991944
412160.449	350	0.815	-7.903089986991944
412510.626	350	0.82	-7.903089986991944
413378.37	350	0.825	-7.903089986991944
414783.911	350	0.83	-7.903089986991944
416324.907	350	0.835	-7.903089986991944
417186.966	350	0.84	-7.903089986991944
419653.519	350	0.845	-7.903089986991944
421662.614	350	0.85	-7.903089986991944
422415.864	350	0.855	-7.903089986991944
423215.017	350	0.86	-7.903089986991944
424845.964	350	0.865	-7.903089986991944
425765.409	350	0.87	-7.903089986991944
427443.83	350	0.875	-7.903089986991944
428920.566	350	0.88	-7.903089986991944
429555.84	350	0.885	-7.903089986991944
432403.187	350	0.89	-7.903089986991944
434029.036	350	0.895	-7.903089986991944
434961.493	350	0.9	-7.903089986991944
438472.89	350	0.905	-7.903089986991944
441170.665	350	0.91	-7.903089986991944
447041.729	350	0.915	-7.903089986991944
450248.514	350	0.92	-7.903089986991944
455440.541	350	0.925	-7.903089986991944
459584.671	350	0.93	-7.903089986991944
469207.212	350	0.935	-7.903089986991944
480825.281	350	0.94	-7.903089986991944
488740.81	350	0.945	-7.903089986991944
492736.329	350	0.95	-7.903089986991944
506476.576	350	0.955	-7.903089986991944
515218.686	350	0.96	-7.903089986991944
521988.181	350	0.965	-7.903089986991944
530426.167	350	0.97	-7.903089986991944
553158.946	350	0.975	-7.903089986991944
574769.549	350	0.98	-7.903089986991944
598575.471	350	0.985	-7.903089986991944
639861.587	350	0.99	-7.903089986991944
678447.929	350	0.995	-7.903089986991944
386210.75	375	0.5	-7.903089986991944
386752.457	375	0.505	-7.903089986991944
387191.238	375	0.51	-7.903089986991944
387543.744	375	0.515	-7.903089986991944
388248.4	375	0.52	-7.903089986991944
389366.764	375	0.525	-7.903089986991944
389940.352	375	0.53	-7.903089986991944
390411.129	375	0.535	-7.903089986991944
390786.83	375	0.54	-7.903089986991944
391443.939	375	0.545	-7.903089986991944
391900.721	375	0.55	-7.903089986991944
392376.599	375	0.555	-7.903089986991944
392673.646	375	0.56	-7.903089986991944
392951.224	375	0.565	-7.903089986991944
393242.686	375	0.57	-7.903089986991944
393585.78	375	0.575	-7.903089986991944
394336.09	375	0.58	-7.903089986991944
394660.293	375	0.585	-7.903089986991944
394860.486	375	0.59	-7.903089986991944
395201.771	375	0.595	-7.903089986991944
395647.4	375	0.6	-7.903089986991944
395941.05	375	0.605	-7.903089986991944
397232.676	375	0.61	-7.903089986991944
397636.351	375	0.615	-7.903089986991944
398041.856	375	0.62	-7.903089986991944
398579.527	375	0.625	-7.903089986991944
399078.447	375	0.63	-7.903089986991944
399485.096	375	0.635	-7.903089986991944
400348.229	375	0.64	-7.903089986991944
401210.407	375	0.645	-7.903089986991944
401487.357	375	0.65	-7.903089986991944
402076.914	375	0.655	-7.903089986991944
402938.171	375	0.66	-7.903089986991944
403579.621	375	0.665	-7.903089986991944
404178.314	375	0.67	-7.903089986991944
404658.629	375	0.675	-7.903089986991944
405259.354	375	0.68	-7.903089986991944
405645.772	375	0.685	-7.903089986991944
406396.214	375	0.69	-7.903089986991944
406778.477	375	0.695	-7.903089986991944
407006.164	375	0.7	-7.903089986991944
407838.015	375	0.705	-7.903089986991944
409100.257	375	0.71	-7.903089986991944
409537.837	375	0.715	-7.903089986991944
410910.254	375	0.72	-7.903089986991944
411751.723	375	0.725	-7.903089986991944
412169.262	375	0.73	-7.903089986991944
412743.21	375	0.735	-7.903089986991944
413638.227	375	0.74	-7.903089986991944
414803.541	375	0.745	-7.903089986991944
415706.393	375	0.75	-7.903089986991944
416532.752	375	0.755	-7.903089986991944
417363.143	375	0.76	-7.903089986991944
418612.569	375	0.765	-7.903089986991944
419304.602	375	0.77	-7.903089986991944
420429.429	375	0.775	-7.903089986991944
421247.346	375	0.78	-7.903089986991944
422658.474	375	0.785	-7.903089986991944
423362.943	375	0.79	-7.903089986991944
424504.364	375	0.795	-7.903089986991944
426018.971	375	0.8	-7.903089986991944
427083.59	375	0.805	-7.903089986991944
427967.499	375	0.81	-7.903089986991944
429340.98	375	0.815	-7.903089986991944
431900.229	375	0.82	-7.903089986991944
434732.464	375	0.825	-7.903089986991944
435411.867	375	0.83	-7.903089986991944
436110.41	375	0.835	-7.903089986991944
439614.909	375	0.84	-7.903089986991944
441004.876	375	0.845	-7.903089986991944
441683.157	375	0.85	-7.903089986991944
442415.316	375	0.855	-7.903089986991944
444833.11	375	0.86	-7.903089986991944
445957.605	375	0.865	-7.903089986991944
447788.809	375	0.87	-7.903089986991944
450358.089	375	0.875	-7.903089986991944
452311.14	375	0.88	-7.903089986991944
454958.535	375	0.885	-7.903089986991944
459491.476	375	0.89	-7.903089986991944
463356.998	375	0.895	-7.903089986991944
466901.064	375	0.9	-7.903089986991944
468107.998	375	0.905	-7.903089986991944
470796.986	375	0.91	-7.903089986991944
476355.048	375	0.915	-7.903089986991944
484252.266	375	0.92	-7.903089986991944
487754.821	375	0.925	-7.903089986991944
494835.991	375	0.93	-7.903089986991944
502757.596	375	0.935	-7.903089986991944
505595.27	375	0.94	-7.903089986991944
510322.407	375	0.945	-7.903089986991944
517739.854	375	0.95	-7.903089986991944
530942.693	375	0.955	-7.903089986991944
542334.769	375	0.96	-7.903089986991944
558556.164	375	0.965	-7.903089986991944
565759.188	375	0.97	-7.903089986991944
583828.434	375	0.975	-7.903089986991944
591051.41	375	0.98	-7.903089986991944
614570.363	375	0.985	-7.903089986991944
641628.329	375	0.99	-7.903089986991944
776798.157	375	0.995	-7.903089986991944
401220.75	400	0.5	-7.903089986991944
401772.356	400	0.505	-7.903089986991944
402469.899	400	0.51	-7.903089986991944
403134.108	400	0.515	-7.903089986991944
403778.794	400	0.52	-7.903089986991944
404041.109	400	0.525	-7.903089986991944
404296.419	400	0.53	-7.903089986991944
404728.938	400	0.535	-7.903089986991944
405161.714	400	0.54	-7.903089986991944
405540.593	400	0.545	-7.903089986991944
406147.793	400	0.55	-7.903089986991944
407009.711	400	0.555	-7.903089986991944
407438.686	400	0.56	-7.903089986991944
408465.148	400	0.565	-7.903089986991944
409063.594	400	0.57	-7.903089986991944
409748.255	400	0.575	-7.903089986991944
409908.987	400	0.58	-7.903089986991944
411366.596	400	0.585	-7.903089986991944
411979.085	400	0.59	-7.903089986991944
412773.936	400	0.595	-7.903089986991944
413458.271	400	0.6	-7.903089986991944
414627.579	400	0.605	-7.903089986991944
415183.053	400	0.61	-7.903089986991944
415723.243	400	0.615	-7.903089986991944
416531.233	400	0.62	-7.903089986991944
417103.036	400	0.625	-7.903089986991944
418720.022	400	0.63	-7.903089986991944
419179.912	400	0.635	-7.903089986991944
419541.589	400	0.64	-7.903089986991944
420391.036	400	0.645	-7.903089986991944
420836.382	400	0.65	-7.903089986991944
421387.857	400	0.655	-7.903089986991944
421663.651	400	0.66	-7.903089986991944
422385.033	400	0.665	-7.903089986991944
423518.166	400	0.67	-7.903089986991944
424249.609	400	0.675	-7.903089986991944
425799.083	400	0.68	-7.903089986991944
426570.743	400	0.685	-7.903089986991944
427128.77	400	0.69	-7.903089986991944
428201.157	400	0.695	-7.903089986991944
428599.286	400	0.7	-7.903089986991944
429616.756	400	0.705	-7.903089986991944
430191.508	400	0.71	-7.903089986991944
430853.508	400	0.715	-7.903089986991944
431543.269	400	0.72	-7.903089986991944
432146.139	400	0.725	-7.903089986991944
433095.971	400	0.73	-7.903089986991944
434055.758	400	0.735	-7.903089986991944
435155.967	400	0.74	-7.903089986991944
436214.91	400	0.745	-7.903089986991944
436815.018	400	0.75	-7.903089986991944
438779.888	400	0.755	-7.903089986991944
439490.149	400	0.76	-7.903089986991944
439963.358	400	0.765	-7.903089986991944
441340.708	400	0.77	-7.903089986991944
442496.429	400	0.775	-7.903089986991944
443603.254	400	0.78	-7.903089986991944
445944.621	400	0.785	-7.903089986991944
447644.074	400	0.79	-7.903089986991944
448524.922	400	0.795	-7.903089986991944
449881.157	400	0.8	-7.903089986991944
451687.55	400	0.805	-7.903089986991944
452383.096	400	0.81	-7.903089986991944
456961.141	400	0.815	-7.903089986991944
458791.796	400	0.82	-7.903089986991944
461971.191	400	0.825	-7.903089986991944
463421.914	400	0.83	-7.903089986991944
464771.703	400	0.835	-7.903089986991944
468072.577	400	0.84	-7.903089986991944
470731.143	400	0.845	-7.903089986991944
473573.407	400	0.85	-7.903089986991944
477395.272	400	0.855	-7.903089986991944
479292.429	400	0.86	-7.903089986991944
480597.257	400	0.865	-7.903089986991944
482687.219	400	0.87	-7.903089986991944
486811.009	400	0.875	-7.903089986991944
491634.274	400	0.88	-7.903089986991944
494138.151	400	0.885	-7.903089986991944
497460.778	400	0.89	-7.903089986991944
501926.307	400	0.895	-7.903089986991944
505242.65	400	0.9	-7.903089986991944
512047.455	400	0.905	-7.903089986991944
516536.101	400	0.91	-7.903089986991944
519157.836	400	0.915	-7.903089986991944
525514.171	400	0.92	-7.903089986991944
530312.459	400	0.925	-7.903089986991944
541123.143	400	0.93	-7.903089986991944
548568.864	400	0.935	-7.903089986991944
555844.477	400	0.94	-7.903089986991944
562951.532	400	0.945	-7.903089986991944
572405.039	400	0.95	-7.903089986991944
585989.827	400	0.955	-7.903089986991944
599101.029	400	0.96	-7.903089986991944
624643.093	400	0.965	-7.903089986991944
638674.105	400	0.97	-7.903089986991944
658746.998	400	0.975	-7.903089986991944
682617.067	400	0.98	-7.903089986991944
710225.821	400	0.985	-7.903089986991944
739841.914	400	0.99	-7.903089986991944
780015.881	400	0.995	-7.903089986991944
411360.679	425	0.5	-7.903089986991944
411992.543	425	0.505	-7.903089986991944
412370.271	425	0.51	-7.903089986991944
413061.009	425	0.515	-7.903089986991944
413603.497	425	0.52	-7.903089986991944
414015.496	425	0.525	-7.903089986991944
414482.786	425	0.53	-7.903089986991944
414752.619	425	0.535	-7.903089986991944
415072.877	425	0.54	-7.903089986991944
415526.65	425	0.545	-7.903089986991944
415855.8	425	0.55	-7.903089986991944
416265.51	425	0.555	-7.903089986991944
417239.609	425	0.56	-7.903089986991944
418023.038	425	0.565	-7.903089986991944
419008.643	425	0.57	-7.903089986991944
419347.321	425	0.575	-7.903089986991944
420166.33	425	0.58	-7.903089986991944
420630.178	425	0.585	-7.903089986991944
421121.112	425	0.59	-7.903089986991944
421623.001	425	0.595	-7.903089986991944
422440.1	425	0.6	-7.903089986991944
423229.216	425	0.605	-7.903089986991944
423621.157	425	0.61	-7.903089986991944
424660.379	425	0.615	-7.903089986991944
425082.631	425	0.62	-7.903089986991944
425984.161	425	0.625	-7.903089986991944
426385.229	425	0.63	-7.903089986991944
426826.321	425	0.635	-7.903089986991944
427420.294	425	0.64	-7.903089986991944
428194.886	425	0.645	-7.903089986991944
428360.121	425	0.65	-7.903089986991944
430061.533	425	0.655	-7.903089986991944
430818.684	425	0.66	-7.903089986991944
431609.736	425	0.665	-7.903089986991944
432517.781	425	0.67	-7.903089986991944
434003.796	425	0.675	-7.903089986991944
434974.966	425	0.68	-7.903089986991944
435425.27	425	0.685	-7.903089986991944
436451.318	425	0.69	-7.903089986991944
437104.967	425	0.695	-7.903089986991944
437938.893	425	0.7	-7.903089986991944
438539.066	425	0.705	-7.903089986991944
438855.121	425	0.71	-7.903089986991944
439488.953	425	0.715	-7.903089986991944
441225.886	425	0.72	-7.903089986991944
441457.468	425	0.725	-7.903089986991944
442608.062	425	0.73	-7.903089986991944
443844.126	425	0.735	-7.903089986991944
444983.884	425	0.74	-7.903089986991944
445575.775	425	0.745	-7.903089986991944
447432.071	425	0.75	-7.903089986991944
448035.164	425	0.755	-7.903089986991944
449082.746	425	0.76	-7.903089986991944
449796.438	425	0.765	-7.903089986991944
450442.326	425	0.77	-7.903089986991944
451724.075	425	0.775	-7.903089986991944
453632.283	425	0.78	-7.903089986991944
454664.955	425	0.785	-7.903089986991944
455151.115	425	0.79	-7.903089986991944
456585.936	425	0.795	-7.903089986991944
458540.871	425	0.8	-7.903089986991944
459297.1	425	0.805	-7.903089986991944
462077.63	425	0.81	-7.903089986991944
463954.74	425	0.815	-7.903089986991944
464768.499	425	0.82	-7.903089986991944
465571.788	425	0.825	-7.903089986991944
466015.171	425	0.83	-7.903089986991944
467532.702	425	0.835	-7.903089986991944
469773.031	425	0.84	-7.903089986991944
472022.461	425	0.845	-7.903089986991944
475922.654	425	0.85	-7.903089986991944
477680.861	425	0.855	-7.903089986991944
479494.557	425	0.86	-7.903089986991944
480426.236	425	0.865	-7.903089986991944
481880.073	425	0.87	-7.903089986991944
484150.0	425	0.875	-7.903089986991944
488943.746	425	0.88	-7.903089986991944
490808.94	425	0.885	-7.903089986991944
492627.619	425	0.89	-7.903089986991944
493997.1	425	0.895	-7.903089986991944
497604.921	425	0.9	-7.903089986991944
499519.493	425	0.905	-7.903089986991944
502563.508	425	0.91	-7.903089986991944
508061.402	425	0.915	-7.903089986991944
511061.057	425	0.92	-7.903089986991944
516653.668	425	0.925	-7.903089986991944
521392.741	425	0.93	-7.903089986991944
529161.743	425	0.935	-7.903089986991944
534385.414	425	0.94	-7.903089986991944
539712.091	425	0.945	-7.903089986991944
544889.918	425	0.95	-7.903089986991944
551096.225	425	0.955	-7.903089986991944
564072.449	425	0.96	-7.903089986991944
575030.264	425	0.965	-7.903089986991944
587801.157	425	0.97	-7.903089986991944
605534.393	425	0.975	-7.903089986991944
613802.041	425	0.98	-7.903089986991944
673575.873	425	0.985	-7.903089986991944
729945.976	425	0.99	-7.903089986991944
772640.25	425	0.995	-7.903089986991944
429478.571	450	0.5	-7.903089986991944
429725.278	450	0.505	-7.903089986991944
430302.106	450	0.51	-7.903089986991944
430973.829	450	0.515	-7.903089986991944
431673.897	450	0.52	-7.903089986991944
432188.821	450	0.525	-7.903089986991944
432942.781	450	0.53	-7.903089986991944
433554.602	450	0.535	-7.903089986991944
433961.047	450	0.54	-7.903089986991944
434277.82	450	0.545	-7.903089986991944
434960.736	450	0.55	-7.903089986991944
436222.418	450	0.555	-7.903089986991944
436867.783	450	0.56	-7.903089986991944
437533.914	450	0.565	-7.903089986991944
437815.849	450	0.57	-7.903089986991944
438702.552	450	0.575	-7.903089986991944
439144.976	450	0.58	-7.903089986991944
440033.066	450	0.585	-7.903089986991944
440392.001	450	0.59	-7.903089986991944
441405.464	450	0.595	-7.903089986991944
442470.043	450	0.6	-7.903089986991944
443156.521	450	0.605	-7.903089986991944
443874.498	450	0.61	-7.903089986991944
444452.598	450	0.615	-7.903089986991944
445497.776	450	0.62	-7.903089986991944
446377.134	450	0.625	-7.903089986991944
447800.732	450	0.63	-7.903089986991944
448248.014	450	0.635	-7.903089986991944
448980.0	450	0.64	-7.903089986991944
450530.821	450	0.645	-7.903089986991944
451265.214	450	0.65	-7.903089986991944
452401.895	450	0.655	-7.903089986991944
452896.029	450	0.66	-7.903089986991944
453728.386	450	0.665	-7.903089986991944
455101.329	450	0.67	-7.903089986991944
455399.048	450	0.675	-7.903089986991944
455811.051	450	0.68	-7.903089986991944
456039.015	450	0.685	-7.903089986991944
457524.071	450	0.69	-7.903089986991944
458220.008	450	0.695	-7.903089986991944
458969.3	450	0.7	-7.903089986991944
460235.049	450	0.705	-7.903089986991944
461373.257	450	0.71	-7.903089986991944
462557.848	450	0.715	-7.903089986991944
463838.371	450	0.72	-7.903089986991944
464427.52	450	0.725	-7.903089986991944
465464.791	450	0.73	-7.903089986991944
467336.776	450	0.735	-7.903089986991944
468502.577	450	0.74	-7.903089986991944
469603.764	450	0.745	-7.903089986991944
470321.071	450	0.75	-7.903089986991944
472312.614	450	0.755	-7.903089986991944
473246.051	450	0.76	-7.903089986991944
474049.748	450	0.765	-7.903089986991944
475589.279	450	0.77	-7.903089986991944
476937.157	450	0.775	-7.903089986991944
477709.594	450	0.78	-7.903089986991944
479476.964	450	0.785	-7.903089986991944
481124.997	450	0.79	-7.903089986991944
482125.315	450	0.795	-7.903089986991944
482909.743	450	0.8	-7.903089986991944
484066.383	450	0.805	-7.903089986991944
484817.719	450	0.81	-7.903089986991944
487010.389	450	0.815	-7.903089986991944
487688.21	450	0.82	-7.903089986991944
488760.0	450	0.825	-7.903089986991944
491490.998	450	0.83	-7.903089986991944
493599.939	450	0.835	-7.903089986991944
496734.157	450	0.84	-7.903089986991944
498072.186	450	0.845	-7.903089986991944
500652.504	450	0.85	-7.903089986991944
502807.685	450	0.855	-7.903089986991944
504327.3	450	0.86	-7.903089986991944
507120.469	450	0.865	-7.903089986991944
509620.619	450	0.87	-7.903089986991944
511913.839	450	0.875	-7.903089986991944
516445.651	450	0.88	-7.903089986991944
520717.561	450	0.885	-7.903089986991944
523348.105	450	0.89	-7.903089986991944
527577.228	450	0.895	-7.903089986991944
532860.064	450	0.9	-7.903089986991944
537118.503	450	0.905	-7.903089986991944
545321.517	450	0.91	-7.903089986991944
556751.041	450	0.915	-7.903089986991944
561918.809	450	0.92	-7.903089986991944
564640.062	450	0.925	-7.903089986991944
571988.348	450	0.93	-7.903089986991944
582184.736	450	0.935	-7.903089986991944
587643.233	450	0.94	-7.903089986991944
599174.759	450	0.945	-7.903089986991944
611739.257	450	0.95	-7.903089986991944
621312.649	450	0.955	-7.903089986991944
631263.429	450	0.96	-7.903089986991944
651199.815	450	0.965	-7.903089986991944
668252.484	450	0.97	-7.903089986991944
691014.429	450	0.975	-7.903089986991944
742563.543	450	0.98	-7.903089986991944
767995.438	450	0.985	-7.903089986991944
780441.771	450	0.99	-7.903089986991944
891126.695	450	0.995	-7.903089986991944
