S*_score	SNP_num	quantile	log(local_recomb_rate)
100258.333	25	0.5	-7.903089986991944
100602.2	25	0.505	-7.903089986991944
101666.17	25	0.51	-7.903089986991944
103239.195	25	0.515	-7.903089986991944
104644.64	25	0.52	-7.903089986991944
105408.617	25	0.525	-7.903089986991944
105720.833	25	0.53	-7.903089986991944
106243.0	25	0.535	-7.903089986991944
106305.333	25	0.54	-7.903089986991944
106758.067	25	0.545	-7.903089986991944
107310.0	25	0.55	-7.903089986991944
107619.8	25	0.555	-7.903089986991944
108400.0	25	0.56	-7.903089986991944
108817.55	25	0.565	-7.903089986991944
109048.71	25	0.57	-7.903089986991944
109339.338	25	0.575	-7.903089986991944
109565.75	25	0.58	-7.903089986991944
109784.457	25	0.585	-7.903089986991944
110211.069	25	0.59	-7.903089986991944
110869.68	25	0.595	-7.903089986991944
111604.0	25	0.6	-7.903089986991944
111946.4	25	0.605	-7.903089986991944
112506.2	25	0.61	-7.903089986991944
112591.862	25	0.615	-7.903089986991944
113207.181	25	0.62	-7.903089986991944
114399.583	25	0.625	-7.903089986991944
115648.529	25	0.63	-7.903089986991944
116064.629	25	0.635	-7.903089986991944
117072.0	25	0.64	-7.903089986991944
117925.9	25	0.645	-7.903089986991944
118610.833	25	0.65	-7.903089986991944
119116.917	25	0.655	-7.903089986991944
119490.0	25	0.66	-7.903089986991944
119893.6	25	0.665	-7.903089986991944
120384.2	25	0.67	-7.903089986991944
121435.5	25	0.675	-7.903089986991944
122722.4	25	0.68	-7.903089986991944
123207.542	25	0.685	-7.903089986991944
124747.683	25	0.69	-7.903089986991944
125974.092	25	0.695	-7.903089986991944
126236.0	25	0.7	-7.903089986991944
127036.55	25	0.705	-7.903089986991944
127213.1	25	0.71	-7.903089986991944
127403.3	25	0.715	-7.903089986991944
128516.8	25	0.72	-7.903089986991944
129307.0	25	0.725	-7.903089986991944
129694.6	25	0.73	-7.903089986991944
130062.4	25	0.735	-7.903089986991944
130582.0	25	0.74	-7.903089986991944
131360.5	25	0.745	-7.903089986991944
132060.0	25	0.75	-7.903089986991944
132879.1	25	0.755	-7.903089986991944
133628.0	25	0.76	-7.903089986991944
134024.0	25	0.765	-7.903089986991944
134772.0	25	0.77	-7.903089986991944
137000.0	25	0.775	-7.903089986991944
137352.0	25	0.78	-7.903089986991944
137713.9	25	0.785	-7.903089986991944
137902.2	25	0.79	-7.903089986991944
137953.3	25	0.795	-7.903089986991944
138440.0	25	0.8	-7.903089986991944
139102.4	25	0.805	-7.903089986991944
139747.8	25	0.81	-7.903089986991944
140415.4	25	0.815	-7.903089986991944
140990.0	25	0.82	-7.903089986991944
141419.0	25	0.825	-7.903089986991944
142045.4	25	0.83	-7.903089986991944
143596.9	25	0.835	-7.903089986991944
144739.2	25	0.84	-7.903089986991944
145887.269	25	0.845	-7.903089986991944
146340.37	25	0.85	-7.903089986991944
146378.229	25	0.855	-7.903089986991944
147270.286	25	0.86	-7.903089986991944
148307.0	25	0.865	-7.903089986991944
148876.7	25	0.87	-7.903089986991944
149441.25	25	0.875	-7.903089986991944
150797.6	25	0.88	-7.903089986991944
153608.65	25	0.885	-7.903089986991944
156268.9	25	0.89	-7.903089986991944
157470.25	25	0.895	-7.903089986991944
158157.0	25	0.9	-7.903089986991944
158941.8	25	0.905	-7.903089986991944
160754.0	25	0.91	-7.903089986991944
162651.4	25	0.915	-7.903089986991944
163276.0	25	0.92	-7.903089986991944
163650.0	25	0.925	-7.903089986991944
169374.8	25	0.93	-7.903089986991944
171393.4	25	0.935	-7.903089986991944
171722.4	25	0.94	-7.903089986991944
174871.7	25	0.945	-7.903089986991944
176718.0	25	0.95	-7.903089986991944
177665.95	25	0.955	-7.903089986991944
179082.4	25	0.96	-7.903089986991944
180007.3	25	0.965	-7.903089986991944
180258.4	25	0.97	-7.903089986991944
183037.5	25	0.975	-7.903089986991944
189015.2	25	0.98	-7.903089986991944
191737.0	25	0.985	-7.903089986991944
192984.4	25	0.99	-7.903089986991944
198990.5	25	0.995	-7.903089986991944
116531.667	50	0.5	-7.903089986991944
117403.867	50	0.505	-7.903089986991944
118072.8	50	0.51	-7.903089986991944
119061.46	50	0.515	-7.903089986991944
119716.0	50	0.52	-7.903089986991944
120601.619	50	0.525	-7.903089986991944
120877.2	50	0.53	-7.903089986991944
121229.04	50	0.535	-7.903089986991944
121974.489	50	0.54	-7.903089986991944
122182.54	50	0.545	-7.903089986991944
122340.0	50	0.55	-7.903089986991944
122835.127	50	0.555	-7.903089986991944
123359.66	50	0.56	-7.903089986991944
123821.986	50	0.565	-7.903089986991944
124178.933	50	0.57	-7.903089986991944
124592.171	50	0.575	-7.903089986991944
125469.143	50	0.58	-7.903089986991944
126553.74	50	0.585	-7.903089986991944
127173.6	50	0.59	-7.903089986991944
127570.2	50	0.595	-7.903089986991944
127727.711	50	0.6	-7.903089986991944
128658.31	50	0.605	-7.903089986991944
129182.56	50	0.61	-7.903089986991944
129881.805	50	0.615	-7.903089986991944
130851.0	50	0.62	-7.903089986991944
131436.364	50	0.625	-7.903089986991944
132534.88	50	0.63	-7.903089986991944
132741.35	50	0.635	-7.903089986991944
133180.0	50	0.64	-7.903089986991944
133619.2	50	0.645	-7.903089986991944
134863.429	50	0.65	-7.903089986991944
135676.0	50	0.655	-7.903089986991944
137238.72	50	0.66	-7.903089986991944
137863.765	50	0.665	-7.903089986991944
137894.114	50	0.67	-7.903089986991944
138072.088	50	0.675	-7.903089986991944
138228.0	50	0.68	-7.903089986991944
138723.903	50	0.685	-7.903089986991944
139165.92	50	0.69	-7.903089986991944
139652.4	50	0.695	-7.903089986991944
140182.031	50	0.7	-7.903089986991944
141221.533	50	0.705	-7.903089986991944
141872.636	50	0.71	-7.903089986991944
142417.943	50	0.715	-7.903089986991944
143022.089	50	0.72	-7.903089986991944
143588.7	50	0.725	-7.903089986991944
143962.72	50	0.73	-7.903089986991944
144329.257	50	0.735	-7.903089986991944
144581.6	50	0.74	-7.903089986991944
145264.0	50	0.745	-7.903089986991944
146092.0	50	0.75	-7.903089986991944
146425.064	50	0.755	-7.903089986991944
147302.556	50	0.76	-7.903089986991944
148307.155	50	0.765	-7.903089986991944
148860.343	50	0.77	-7.903089986991944
150113.175	50	0.775	-7.903089986991944
150416.533	50	0.78	-7.903089986991944
150923.178	50	0.785	-7.903089986991944
151355.855	50	0.79	-7.903089986991944
151701.13	50	0.795	-7.903089986991944
151923.487	50	0.8	-7.903089986991944
152526.8	50	0.805	-7.903089986991944
153326.971	50	0.81	-7.903089986991944
154245.92	50	0.815	-7.903089986991944
155070.248	50	0.82	-7.903089986991944
155788.2	50	0.825	-7.903089986991944
156518.04	50	0.83	-7.903089986991944
157091.267	50	0.835	-7.903089986991944
157855.2	50	0.84	-7.903089986991944
158522.743	50	0.845	-7.903089986991944
159272.0	50	0.85	-7.903089986991944
159857.25	50	0.855	-7.903089986991944
161675.8	50	0.86	-7.903089986991944
163044.342	50	0.865	-7.903089986991944
163369.969	50	0.87	-7.903089986991944
164060.0	50	0.875	-7.903089986991944
164199.82	50	0.88	-7.903089986991944
165193.2	50	0.885	-7.903089986991944
167308.8	50	0.89	-7.903089986991944
168679.2	50	0.895	-7.903089986991944
169478.1	50	0.9	-7.903089986991944
170326.0	50	0.905	-7.903089986991944
171824.8	50	0.91	-7.903089986991944
172463.6	50	0.915	-7.903089986991944
173245.6	50	0.92	-7.903089986991944
174475.5	50	0.925	-7.903089986991944
176643.927	50	0.93	-7.903089986991944
178732.4	50	0.935	-7.903089986991944
180475.647	50	0.94	-7.903089986991944
181532.667	50	0.945	-7.903089986991944
182406.0	50	0.95	-7.903089986991944
183510.64	50	0.955	-7.903089986991944
185032.8	50	0.96	-7.903089986991944
186172.2	50	0.965	-7.903089986991944
188337.371	50	0.97	-7.903089986991944
190287.455	50	0.975	-7.903089986991944
191976.4	50	0.98	-7.903089986991944
194472.34	50	0.985	-7.903089986991944
199167.2	50	0.99	-7.903089986991944
205226.714	50	0.995	-7.903089986991944
120280.0	75	0.5	-7.903089986991944
121037.537	75	0.505	-7.903089986991944
121486.679	75	0.51	-7.903089986991944
121903.875	75	0.515	-7.903089986991944
122362.182	75	0.52	-7.903089986991944
122806.875	75	0.525	-7.903089986991944
123285.385	75	0.53	-7.903089986991944
123597.2	75	0.535	-7.903089986991944
124393.982	75	0.54	-7.903089986991944
124700.325	75	0.545	-7.903089986991944
125080.467	75	0.55	-7.903089986991944
125561.123	75	0.555	-7.903089986991944
126115.15	75	0.56	-7.903089986991944
126524.821	75	0.565	-7.903089986991944
126919.725	75	0.57	-7.903089986991944
127660.0	75	0.575	-7.903089986991944
128301.403	75	0.58	-7.903089986991944
128541.929	75	0.585	-7.903089986991944
128827.0	75	0.59	-7.903089986991944
129816.361	75	0.595	-7.903089986991944
130180.0	75	0.6	-7.903089986991944
130472.579	75	0.605	-7.903089986991944
130639.333	75	0.61	-7.903089986991944
131023.385	75	0.615	-7.903089986991944
131768.762	75	0.62	-7.903089986991944
132171.875	75	0.625	-7.903089986991944
132925.337	75	0.63	-7.903089986991944
133360.833	75	0.635	-7.903089986991944
133854.6	75	0.64	-7.903089986991944
134537.393	75	0.645	-7.903089986991944
135110.125	75	0.65	-7.903089986991944
135415.496	75	0.655	-7.903089986991944
135750.667	75	0.66	-7.903089986991944
136658.8	75	0.665	-7.903089986991944
137130.4	75	0.67	-7.903089986991944
137977.5	75	0.675	-7.903089986991944
138816.571	75	0.68	-7.903089986991944
139428.681	75	0.685	-7.903089986991944
139559.136	75	0.69	-7.903089986991944
140016.071	75	0.695	-7.903089986991944
141336.923	75	0.7	-7.903089986991944
142002.803	75	0.705	-7.903089986991944
142506.788	75	0.71	-7.903089986991944
143699.143	75	0.715	-7.903089986991944
143881.2	75	0.72	-7.903089986991944
144167.0	75	0.725	-7.903089986991944
144862.991	75	0.73	-7.903089986991944
145465.472	75	0.735	-7.903089986991944
145904.667	75	0.74	-7.903089986991944
146396.33	75	0.745	-7.903089986991944
146994.744	75	0.75	-7.903089986991944
147502.146	75	0.755	-7.903089986991944
148003.429	75	0.76	-7.903089986991944
150094.1	75	0.765	-7.903089986991944
150706.8	75	0.77	-7.903089986991944
151297.143	75	0.775	-7.903089986991944
151894.637	75	0.78	-7.903089986991944
152395.704	75	0.785	-7.903089986991944
153365.6	75	0.79	-7.903089986991944
154502.167	75	0.795	-7.903089986991944
155068.571	75	0.8	-7.903089986991944
155679.019	75	0.805	-7.903089986991944
156320.0	75	0.81	-7.903089986991944
157137.643	75	0.815	-7.903089986991944
158213.055	75	0.82	-7.903089986991944
159030.5	75	0.825	-7.903089986991944
160567.25	75	0.83	-7.903089986991944
161036.0	75	0.835	-7.903089986991944
161697.15	75	0.84	-7.903089986991944
162009.967	75	0.845	-7.903089986991944
162805.714	75	0.85	-7.903089986991944
163536.829	75	0.855	-7.903089986991944
163906.667	75	0.86	-7.903089986991944
164395.5	75	0.865	-7.903089986991944
164956.0	75	0.87	-7.903089986991944
166142.411	75	0.875	-7.903089986991944
167760.0	75	0.88	-7.903089986991944
169104.896	75	0.885	-7.903089986991944
171309.779	75	0.89	-7.903089986991944
172642.343	75	0.895	-7.903089986991944
173655.0	75	0.9	-7.903089986991944
175317.0	75	0.905	-7.903089986991944
176575.343	75	0.91	-7.903089986991944
177447.333	75	0.915	-7.903089986991944
178161.156	75	0.92	-7.903089986991944
178780.0	75	0.925	-7.903089986991944
180760.2	75	0.93	-7.903089986991944
181498.833	75	0.935	-7.903089986991944
183015.176	75	0.94	-7.903089986991944
185278.917	75	0.945	-7.903089986991944
185499.591	75	0.95	-7.903089986991944
186522.25	75	0.955	-7.903089986991944
187236.857	75	0.96	-7.903089986991944
189495.5	75	0.965	-7.903089986991944
191813.429	75	0.97	-7.903089986991944
194797.619	75	0.975	-7.903089986991944
197767.048	75	0.98	-7.903089986991944
201185.929	75	0.985	-7.903089986991944
204111.011	75	0.99	-7.903089986991944
208316.738	75	0.995	-7.903089986991944
129530.0	100	0.5	-7.903089986991944
130194.875	100	0.505	-7.903089986991944
130629.0	100	0.51	-7.903089986991944
131075.835	100	0.515	-7.903089986991944
131948.4	100	0.52	-7.903089986991944
132319.176	100	0.525	-7.903089986991944
132641.73	100	0.53	-7.903089986991944
133237.6	100	0.535	-7.903089986991944
133839.5	100	0.54	-7.903089986991944
134327.629	100	0.545	-7.903089986991944
134658.333	100	0.55	-7.903089986991944
134919.869	100	0.555	-7.903089986991944
135734.85	100	0.56	-7.903089986991944
136101.35	100	0.565	-7.903089986991944
136555.25	100	0.57	-7.903089986991944
137195.208	100	0.575	-7.903089986991944
137896.444	100	0.58	-7.903089986991944
138485.494	100	0.585	-7.903089986991944
138902.121	100	0.59	-7.903089986991944
139460.788	100	0.595	-7.903089986991944
139708.0	100	0.6	-7.903089986991944
140066.05	100	0.605	-7.903089986991944
140625.626	100	0.61	-7.903089986991944
141152.38	100	0.615	-7.903089986991944
141808.0	100	0.62	-7.903089986991944
142539.661	100	0.625	-7.903089986991944
143145.429	100	0.63	-7.903089986991944
143950.75	100	0.635	-7.903089986991944
144391.314	100	0.64	-7.903089986991944
145561.429	100	0.645	-7.903089986991944
146440.0	100	0.65	-7.903089986991944
146999.117	100	0.655	-7.903089986991944
147727.426	100	0.66	-7.903089986991944
148442.857	100	0.665	-7.903089986991944
148916.758	100	0.67	-7.903089986991944
149517.5	100	0.675	-7.903089986991944
150282.857	100	0.68	-7.903089986991944
150607.65	100	0.685	-7.903089986991944
150893.592	100	0.69	-7.903089986991944
151226.362	100	0.695	-7.903089986991944
151860.0	100	0.7	-7.903089986991944
152715.484	100	0.705	-7.903089986991944
153136.98	100	0.71	-7.903089986991944
153461.357	100	0.715	-7.903089986991944
153821.013	100	0.72	-7.903089986991944
154092.232	100	0.725	-7.903089986991944
154591.967	100	0.73	-7.903089986991944
155110.732	100	0.735	-7.903089986991944
155757.467	100	0.74	-7.903089986991944
156160.813	100	0.745	-7.903089986991944
156542.732	100	0.75	-7.903089986991944
156902.644	100	0.755	-7.903089986991944
157131.111	100	0.76	-7.903089986991944
157438.525	100	0.765	-7.903089986991944
157802.154	100	0.77	-7.903089986991944
158699.286	100	0.775	-7.903089986991944
159611.844	100	0.78	-7.903089986991944
160232.536	100	0.785	-7.903089986991944
161081.857	100	0.79	-7.903089986991944
162045.469	100	0.795	-7.903089986991944
162750.0	100	0.8	-7.903089986991944
163450.297	100	0.805	-7.903089986991944
163795.0	100	0.81	-7.903089986991944
164421.983	100	0.815	-7.903089986991944
165640.365	100	0.82	-7.903089986991944
165903.45	100	0.825	-7.903089986991944
166163.55	100	0.83	-7.903089986991944
166508.725	100	0.835	-7.903089986991944
167489.429	100	0.84	-7.903089986991944
168418.714	100	0.845	-7.903089986991944
168758.571	100	0.85	-7.903089986991944
169129.791	100	0.855	-7.903089986991944
169661.957	100	0.86	-7.903089986991944
170210.875	100	0.865	-7.903089986991944
170735.616	100	0.87	-7.903089986991944
171342.692	100	0.875	-7.903089986991944
172280.1	100	0.88	-7.903089986991944
173165.222	100	0.885	-7.903089986991944
174628.764	100	0.89	-7.903089986991944
176314.527	100	0.895	-7.903089986991944
176566.154	100	0.9	-7.903089986991944
178159.357	100	0.905	-7.903089986991944
178534.693	100	0.91	-7.903089986991944
179335.026	100	0.915	-7.903089986991944
180540.476	100	0.92	-7.903089986991944
181035.462	100	0.925	-7.903089986991944
182997.289	100	0.93	-7.903089986991944
184358.571	100	0.935	-7.903089986991944
185251.515	100	0.94	-7.903089986991944
186388.146	100	0.945	-7.903089986991944
187266.19	100	0.95	-7.903089986991944
189379.002	100	0.955	-7.903089986991944
192442.462	100	0.96	-7.903089986991944
195614.643	100	0.965	-7.903089986991944
196254.0	100	0.97	-7.903089986991944
198742.643	100	0.975	-7.903089986991944
201193.333	100	0.98	-7.903089986991944
204048.75	100	0.985	-7.903089986991944
213938.043	100	0.99	-7.903089986991944
233098.143	100	0.995	-7.903089986991944
138340.0	125	0.5	-7.903089986991944
138822.911	125	0.505	-7.903089986991944
139260.171	125	0.51	-7.903089986991944
139495.831	125	0.515	-7.903089986991944
139935.647	125	0.52	-7.903089986991944
140104.411	125	0.525	-7.903089986991944
140590.766	125	0.53	-7.903089986991944
141212.796	125	0.535	-7.903089986991944
141560.114	125	0.54	-7.903089986991944
142052.721	125	0.545	-7.903089986991944
142528.633	125	0.55	-7.903089986991944
143095.686	125	0.555	-7.903089986991944
143401.091	125	0.56	-7.903089986991944
143659.322	125	0.565	-7.903089986991944
143962.143	125	0.57	-7.903089986991944
144435.9	125	0.575	-7.903089986991944
145192.8	125	0.58	-7.903089986991944
145940.078	125	0.585	-7.903089986991944
146721.105	125	0.59	-7.903089986991944
147351.492	125	0.595	-7.903089986991944
147777.367	125	0.6	-7.903089986991944
148459.16	125	0.605	-7.903089986991944
148743.87	125	0.61	-7.903089986991944
149634.203	125	0.615	-7.903089986991944
150100.149	125	0.62	-7.903089986991944
150853.214	125	0.625	-7.903089986991944
151340.944	125	0.63	-7.903089986991944
151705.407	125	0.635	-7.903089986991944
152037.486	125	0.64	-7.903089986991944
152410.0	125	0.645	-7.903089986991944
152708.946	125	0.65	-7.903089986991944
153124.6	125	0.655	-7.903089986991944
153824.888	125	0.66	-7.903089986991944
154261.631	125	0.665	-7.903089986991944
155009.686	125	0.67	-7.903089986991944
155815.275	125	0.675	-7.903089986991944
156072.989	125	0.68	-7.903089986991944
156407.38	125	0.685	-7.903089986991944
156728.127	125	0.69	-7.903089986991944
156995.652	125	0.695	-7.903089986991944
157322.566	125	0.7	-7.903089986991944
158220.686	125	0.705	-7.903089986991944
158852.077	125	0.71	-7.903089986991944
159409.642	125	0.715	-7.903089986991944
159907.314	125	0.72	-7.903089986991944
160748.622	125	0.725	-7.903089986991944
161500.463	125	0.73	-7.903089986991944
161996.677	125	0.735	-7.903089986991944
162344.742	125	0.74	-7.903089986991944
163146.346	125	0.745	-7.903089986991944
163942.94	125	0.75	-7.903089986991944
164192.459	125	0.755	-7.903089986991944
164597.659	125	0.76	-7.903089986991944
165116.8	125	0.765	-7.903089986991944
165406.11	125	0.77	-7.903089986991944
165849.695	125	0.775	-7.903089986991944
166523.429	125	0.78	-7.903089986991944
167310.014	125	0.785	-7.903089986991944
167844.31	125	0.79	-7.903089986991944
168649.529	125	0.795	-7.903089986991944
169346.114	125	0.8	-7.903089986991944
169904.617	125	0.805	-7.903089986991944
170601.571	125	0.81	-7.903089986991944
171665.693	125	0.815	-7.903089986991944
172378.646	125	0.82	-7.903089986991944
173102.922	125	0.825	-7.903089986991944
173426.733	125	0.83	-7.903089986991944
174161.052	125	0.835	-7.903089986991944
175047.825	125	0.84	-7.903089986991944
175419.44	125	0.845	-7.903089986991944
176416.729	125	0.85	-7.903089986991944
177713.829	125	0.855	-7.903089986991944
178411.068	125	0.86	-7.903089986991944
179512.57	125	0.865	-7.903089986991944
180931.357	125	0.87	-7.903089986991944
181878.214	125	0.875	-7.903089986991944
182834.235	125	0.88	-7.903089986991944
183064.537	125	0.885	-7.903089986991944
183548.443	125	0.89	-7.903089986991944
185115.171	125	0.895	-7.903089986991944
186640.615	125	0.9	-7.903089986991944
187422.8	125	0.905	-7.903089986991944
188035.165	125	0.91	-7.903089986991944
189787.914	125	0.915	-7.903089986991944
191040.206	125	0.92	-7.903089986991944
193414.857	125	0.925	-7.903089986991944
194459.203	125	0.93	-7.903089986991944
195076.48	125	0.935	-7.903089986991944
195642.697	125	0.94	-7.903089986991944
196350.8	125	0.945	-7.903089986991944
197238.75	125	0.95	-7.903089986991944
197972.114	125	0.955	-7.903089986991944
198552.96	125	0.96	-7.903089986991944
199243.86	125	0.965	-7.903089986991944
201038.286	125	0.97	-7.903089986991944
203190.458	125	0.975	-7.903089986991944
205360.171	125	0.98	-7.903089986991944
208607.5	125	0.985	-7.903089986991944
221601.429	125	0.99	-7.903089986991944
225806.257	125	0.995	-7.903089986991944
149587.911	150	0.5	-7.903089986991944
150124.914	150	0.505	-7.903089986991944
150679.817	150	0.51	-7.903089986991944
151042.45	150	0.515	-7.903089986991944
151469.361	150	0.52	-7.903089986991944
151546.711	150	0.525	-7.903089986991944
151865.18	150	0.53	-7.903089986991944
152115.309	150	0.535	-7.903089986991944
152405.453	150	0.54	-7.903089986991944
152940.979	150	0.545	-7.903089986991944
153416.725	150	0.55	-7.903089986991944
154050.07	150	0.555	-7.903089986991944
154508.606	150	0.56	-7.903089986991944
155296.641	150	0.565	-7.903089986991944
155474.44	150	0.57	-7.903089986991944
155811.454	150	0.575	-7.903089986991944
156220.868	150	0.58	-7.903089986991944
156706.009	150	0.585	-7.903089986991944
157034.554	150	0.59	-7.903089986991944
157598.472	150	0.595	-7.903089986991944
158088.55	150	0.6	-7.903089986991944
158341.274	150	0.605	-7.903089986991944
158818.643	150	0.61	-7.903089986991944
159158.804	150	0.615	-7.903089986991944
159639.003	150	0.62	-7.903089986991944
160549.563	150	0.625	-7.903089986991944
161008.404	150	0.63	-7.903089986991944
161258.345	150	0.635	-7.903089986991944
161572.8	150	0.64	-7.903089986991944
162395.238	150	0.645	-7.903089986991944
162785.952	150	0.65	-7.903089986991944
163590.777	150	0.655	-7.903089986991944
164321.707	150	0.66	-7.903089986991944
164742.261	150	0.665	-7.903089986991944
164923.776	150	0.67	-7.903089986991944
165616.8	150	0.675	-7.903089986991944
166082.601	150	0.68	-7.903089986991944
166919.374	150	0.685	-7.903089986991944
167421.976	150	0.69	-7.903089986991944
167751.015	150	0.695	-7.903089986991944
168519.114	150	0.7	-7.903089986991944
169052.225	150	0.705	-7.903089986991944
169415.249	150	0.71	-7.903089986991944
169987.394	150	0.715	-7.903089986991944
170303.446	150	0.72	-7.903089986991944
170889.86	150	0.725	-7.903089986991944
171699.933	150	0.73	-7.903089986991944
171971.793	150	0.735	-7.903089986991944
172431.117	150	0.74	-7.903089986991944
174073.55	150	0.745	-7.903089986991944
174510.732	150	0.75	-7.903089986991944
175212.569	150	0.755	-7.903089986991944
176196.929	150	0.76	-7.903089986991944
176391.429	150	0.765	-7.903089986991944
177187.3	150	0.77	-7.903089986991944
177558.504	150	0.775	-7.903089986991944
178573.545	150	0.78	-7.903089986991944
179180.114	150	0.785	-7.903089986991944
180047.005	150	0.79	-7.903089986991944
180460.764	150	0.795	-7.903089986991944
180841.429	150	0.8	-7.903089986991944
181199.979	150	0.805	-7.903089986991944
181824.357	150	0.81	-7.903089986991944
182089.438	150	0.815	-7.903089986991944
182629.56	150	0.82	-7.903089986991944
183384.376	150	0.825	-7.903089986991944
183990.571	150	0.83	-7.903089986991944
184601.029	150	0.835	-7.903089986991944
185033.196	150	0.84	-7.903089986991944
186337.665	150	0.845	-7.903089986991944
187193.682	150	0.85	-7.903089986991944
187324.613	150	0.855	-7.903089986991944
187876.346	150	0.86	-7.903089986991944
188422.138	150	0.865	-7.903089986991944
188927.7	150	0.87	-7.903089986991944
189561.909	150	0.875	-7.903089986991944
189887.446	150	0.88	-7.903089986991944
190658.057	150	0.885	-7.903089986991944
191791.0	150	0.89	-7.903089986991944
193510.222	150	0.895	-7.903089986991944
194049.639	150	0.9	-7.903089986991944
195523.155	150	0.905	-7.903089986991944
197855.743	150	0.91	-7.903089986991944
198978.538	150	0.915	-7.903089986991944
199991.2	150	0.92	-7.903089986991944
200648.0	150	0.925	-7.903089986991944
201310.441	150	0.93	-7.903089986991944
202266.301	150	0.935	-7.903089986991944
203270.971	150	0.94	-7.903089986991944
204591.402	150	0.945	-7.903089986991944
206475.429	150	0.95	-7.903089986991944
207690.736	150	0.955	-7.903089986991944
209298.474	150	0.96	-7.903089986991944
210970.633	150	0.965	-7.903089986991944
212931.212	150	0.97	-7.903089986991944
213815.964	150	0.975	-7.903089986991944
218111.314	150	0.98	-7.903089986991944
223152.926	150	0.985	-7.903089986991944
230530.139	150	0.99	-7.903089986991944
251644.586	150	0.995	-7.903089986991944
157314.357	175	0.5	-7.903089986991944
157686.371	175	0.505	-7.903089986991944
158226.654	175	0.51	-7.903089986991944
158950.342	175	0.515	-7.903089986991944
159190.077	175	0.52	-7.903089986991944
159676.743	175	0.525	-7.903089986991944
159927.777	175	0.53	-7.903089986991944
160351.182	175	0.535	-7.903089986991944
160982.971	175	0.54	-7.903089986991944
161696.914	175	0.545	-7.903089986991944
161945.157	175	0.55	-7.903089986991944
162280.343	175	0.555	-7.903089986991944
162756.914	175	0.56	-7.903089986991944
163133.2	175	0.565	-7.903089986991944
163750.971	175	0.57	-7.903089986991944
164026.0	175	0.575	-7.903089986991944
164359.691	175	0.58	-7.903089986991944
164614.971	175	0.585	-7.903089986991944
165030.831	175	0.59	-7.903089986991944
165587.633	175	0.595	-7.903089986991944
165925.657	175	0.6	-7.903089986991944
166395.933	175	0.605	-7.903089986991944
167263.086	175	0.61	-7.903089986991944
167645.292	175	0.615	-7.903089986991944
168053.943	175	0.62	-7.903089986991944
168595.952	175	0.625	-7.903089986991944
168880.589	175	0.63	-7.903089986991944
169344.665	175	0.635	-7.903089986991944
169796.514	175	0.64	-7.903089986991944
170291.513	175	0.645	-7.903089986991944
170567.6	175	0.65	-7.903089986991944
170811.546	175	0.655	-7.903089986991944
171296.263	175	0.66	-7.903089986991944
171836.819	175	0.665	-7.903089986991944
172152.417	175	0.67	-7.903089986991944
172647.0	175	0.675	-7.903089986991944
173429.943	175	0.68	-7.903089986991944
173818.24	175	0.685	-7.903089986991944
174246.585	175	0.69	-7.903089986991944
174742.734	175	0.695	-7.903089986991944
175042.857	175	0.7	-7.903089986991944
175324.314	175	0.705	-7.903089986991944
175694.309	175	0.71	-7.903089986991944
176204.437	175	0.715	-7.903089986991944
176707.429	175	0.72	-7.903089986991944
177036.715	175	0.725	-7.903089986991944
177832.457	175	0.73	-7.903089986991944
178175.063	175	0.735	-7.903089986991944
178996.387	175	0.74	-7.903089986991944
179522.743	175	0.745	-7.903089986991944
180157.143	175	0.75	-7.903089986991944
180573.506	175	0.755	-7.903089986991944
180762.343	175	0.76	-7.903089986991944
181146.576	175	0.765	-7.903089986991944
181549.06	175	0.77	-7.903089986991944
182418.429	175	0.775	-7.903089986991944
183117.429	175	0.78	-7.903089986991944
184523.758	175	0.785	-7.903089986991944
185042.911	175	0.79	-7.903089986991944
185535.782	175	0.795	-7.903089986991944
186191.429	175	0.8	-7.903089986991944
186806.656	175	0.805	-7.903089986991944
187791.576	175	0.81	-7.903089986991944
189140.394	175	0.815	-7.903089986991944
189793.523	175	0.82	-7.903089986991944
190244.571	175	0.825	-7.903089986991944
191562.4	175	0.83	-7.903089986991944
192590.629	175	0.835	-7.903089986991944
193453.2	175	0.84	-7.903089986991944
194134.314	175	0.845	-7.903089986991944
194719.238	175	0.85	-7.903089986991944
195945.617	175	0.855	-7.903089986991944
196716.286	175	0.86	-7.903089986991944
197305.914	175	0.865	-7.903089986991944
197733.477	175	0.87	-7.903089986991944
198422.929	175	0.875	-7.903089986991944
199206.323	175	0.88	-7.903089986991944
199708.776	175	0.885	-7.903089986991944
199975.463	175	0.89	-7.903089986991944
200526.04	175	0.895	-7.903089986991944
201365.905	175	0.9	-7.903089986991944
203723.901	175	0.905	-7.903089986991944
204736.4	175	0.91	-7.903089986991944
205484.605	175	0.915	-7.903089986991944
206837.086	175	0.92	-7.903089986991944
207570.471	175	0.925	-7.903089986991944
209247.963	175	0.93	-7.903089986991944
211060.394	175	0.935	-7.903089986991944
212465.103	175	0.94	-7.903089986991944
213325.657	175	0.945	-7.903089986991944
214610.286	175	0.95	-7.903089986991944
216061.648	175	0.955	-7.903089986991944
217285.467	175	0.96	-7.903089986991944
219098.0	175	0.965	-7.903089986991944
226329.371	175	0.97	-7.903089986991944
229670.479	175	0.975	-7.903089986991944
232914.746	175	0.98	-7.903089986991944
236945.381	175	0.985	-7.903089986991944
256053.851	175	0.99	-7.903089986991944
286094.686	175	0.995	-7.903089986991944
167447.338	200	0.5	-7.903089986991944
167922.05	200	0.505	-7.903089986991944
168425.5	200	0.51	-7.903089986991944
169293.421	200	0.515	-7.903089986991944
169888.081	200	0.52	-7.903089986991944
170316.422	200	0.525	-7.903089986991944
170771.359	200	0.53	-7.903089986991944
171322.146	200	0.535	-7.903089986991944
171817.899	200	0.54	-7.903089986991944
171969.798	200	0.545	-7.903089986991944
172552.024	200	0.55	-7.903089986991944
172920.643	200	0.555	-7.903089986991944
173255.367	200	0.56	-7.903089986991944
173677.812	200	0.565	-7.903089986991944
174166.39	200	0.57	-7.903089986991944
174537.535	200	0.575	-7.903089986991944
174812.031	200	0.58	-7.903089986991944
175202.874	200	0.585	-7.903089986991944
175467.916	200	0.59	-7.903089986991944
175760.795	200	0.595	-7.903089986991944
176286.571	200	0.6	-7.903089986991944
176960.433	200	0.605	-7.903089986991944
177254.565	200	0.61	-7.903089986991944
177422.958	200	0.615	-7.903089986991944
177770.301	200	0.62	-7.903089986991944
178214.795	200	0.625	-7.903089986991944
179061.319	200	0.63	-7.903089986991944
179425.572	200	0.635	-7.903089986991944
179555.509	200	0.64	-7.903089986991944
180028.436	200	0.645	-7.903089986991944
180189.071	200	0.65	-7.903089986991944
180839.414	200	0.655	-7.903089986991944
181134.457	200	0.66	-7.903089986991944
181454.208	200	0.665	-7.903089986991944
181972.666	200	0.67	-7.903089986991944
182584.607	200	0.675	-7.903089986991944
183255.457	200	0.68	-7.903089986991944
183646.457	200	0.685	-7.903089986991944
184093.594	200	0.69	-7.903089986991944
184407.528	200	0.695	-7.903089986991944
184795.714	200	0.7	-7.903089986991944
185104.107	200	0.705	-7.903089986991944
185398.873	200	0.71	-7.903089986991944
185646.721	200	0.715	-7.903089986991944
185895.714	200	0.72	-7.903089986991944
186211.107	200	0.725	-7.903089986991944
186553.164	200	0.73	-7.903089986991944
186885.183	200	0.735	-7.903089986991944
187594.055	200	0.74	-7.903089986991944
187755.4	200	0.745	-7.903089986991944
188285.256	200	0.75	-7.903089986991944
188561.802	200	0.755	-7.903089986991944
189115.21	200	0.76	-7.903089986991944
189536.626	200	0.765	-7.903089986991944
190378.459	200	0.77	-7.903089986991944
191025.834	200	0.775	-7.903089986991944
191523.294	200	0.78	-7.903089986991944
192105.633	200	0.785	-7.903089986991944
193025.486	200	0.79	-7.903089986991944
193287.177	200	0.795	-7.903089986991944
193862.386	200	0.8	-7.903089986991944
194329.544	200	0.805	-7.903089986991944
194984.031	200	0.81	-7.903089986991944
195232.971	200	0.815	-7.903089986991944
195518.529	200	0.82	-7.903089986991944
196551.071	200	0.825	-7.903089986991944
196975.387	200	0.83	-7.903089986991944
197227.0	200	0.835	-7.903089986991944
197549.424	200	0.84	-7.903089986991944
198639.621	200	0.845	-7.903089986991944
200014.0	200	0.85	-7.903089986991944
200765.1	200	0.855	-7.903089986991944
201402.9	200	0.86	-7.903089986991944
202056.716	200	0.865	-7.903089986991944
202769.014	200	0.87	-7.903089986991944
203907.741	200	0.875	-7.903089986991944
204894.726	200	0.88	-7.903089986991944
206287.261	200	0.885	-7.903089986991944
207035.114	200	0.89	-7.903089986991944
207344.956	200	0.895	-7.903089986991944
208122.3	200	0.9	-7.903089986991944
209313.595	200	0.905	-7.903089986991944
210313.486	200	0.91	-7.903089986991944
210947.801	200	0.915	-7.903089986991944
212136.343	200	0.92	-7.903089986991944
213448.868	200	0.925	-7.903089986991944
214811.344	200	0.93	-7.903089986991944
215539.355	200	0.935	-7.903089986991944
217220.629	200	0.94	-7.903089986991944
218815.057	200	0.945	-7.903089986991944
219838.043	200	0.95	-7.903089986991944
221154.993	200	0.955	-7.903089986991944
222330.389	200	0.96	-7.903089986991944
225754.533	200	0.965	-7.903089986991944
228001.671	200	0.97	-7.903089986991944
229415.607	200	0.975	-7.903089986991944
231448.348	200	0.98	-7.903089986991944
239440.171	200	0.985	-7.903089986991944
253085.757	200	0.99	-7.903089986991944
262964.082	200	0.995	-7.903089986991944
175878.571	225	0.5	-7.903089986991944
176297.662	225	0.505	-7.903089986991944
176922.41	225	0.51	-7.903089986991944
177796.678	225	0.515	-7.903089986991944
178285.543	225	0.52	-7.903089986991944
178574.192	225	0.525	-7.903089986991944
178870.5	225	0.53	-7.903089986991944
179297.162	225	0.535	-7.903089986991944
179777.682	225	0.54	-7.903089986991944
180524.353	225	0.545	-7.903089986991944
180924.911	225	0.55	-7.903089986991944
181232.989	225	0.555	-7.903089986991944
181533.829	225	0.56	-7.903089986991944
182093.661	225	0.565	-7.903089986991944
182883.657	225	0.57	-7.903089986991944
183097.057	225	0.575	-7.903089986991944
183620.917	225	0.58	-7.903089986991944
184130.051	225	0.585	-7.903089986991944
184323.427	225	0.59	-7.903089986991944
184881.168	225	0.595	-7.903089986991944
185088.657	225	0.6	-7.903089986991944
185447.578	225	0.605	-7.903089986991944
185672.814	225	0.61	-7.903089986991944
186415.258	225	0.615	-7.903089986991944
186695.481	225	0.62	-7.903089986991944
187103.479	225	0.625	-7.903089986991944
187468.138	225	0.63	-7.903089986991944
187987.028	225	0.635	-7.903089986991944
188423.577	225	0.64	-7.903089986991944
189314.818	225	0.645	-7.903089986991944
189853.382	225	0.65	-7.903089986991944
189948.88	225	0.655	-7.903089986991944
190241.651	225	0.66	-7.903089986991944
190570.307	225	0.665	-7.903089986991944
190815.849	225	0.67	-7.903089986991944
191099.714	225	0.675	-7.903089986991944
191302.709	225	0.68	-7.903089986991944
191707.185	225	0.685	-7.903089986991944
192527.629	225	0.69	-7.903089986991944
192976.804	225	0.695	-7.903089986991944
193264.286	225	0.7	-7.903089986991944
193516.979	225	0.705	-7.903089986991944
193800.672	225	0.71	-7.903089986991944
194165.535	225	0.715	-7.903089986991944
194408.469	225	0.72	-7.903089986991944
194615.412	225	0.725	-7.903089986991944
195081.353	225	0.73	-7.903089986991944
195419.794	225	0.735	-7.903089986991944
195664.743	225	0.74	-7.903089986991944
195858.264	225	0.745	-7.903089986991944
196298.589	225	0.75	-7.903089986991944
196576.549	225	0.755	-7.903089986991944
197263.789	225	0.76	-7.903089986991944
197582.451	225	0.765	-7.903089986991944
198203.498	225	0.77	-7.903089986991944
198897.259	225	0.775	-7.903089986991944
199197.248	225	0.78	-7.903089986991944
200013.298	225	0.785	-7.903089986991944
200573.489	225	0.79	-7.903089986991944
201328.299	225	0.795	-7.903089986991944
201582.857	225	0.8	-7.903089986991944
202036.835	225	0.805	-7.903089986991944
202328.328	225	0.81	-7.903089986991944
203574.878	225	0.815	-7.903089986991944
204459.083	225	0.82	-7.903089986991944
204932.584	225	0.825	-7.903089986991944
205124.033	225	0.83	-7.903089986991944
205957.331	225	0.835	-7.903089986991944
206234.257	225	0.84	-7.903089986991944
207192.075	225	0.845	-7.903089986991944
207593.307	225	0.85	-7.903089986991944
208146.193	225	0.855	-7.903089986991944
208622.426	225	0.86	-7.903089986991944
209293.615	225	0.865	-7.903089986991944
209919.039	225	0.87	-7.903089986991944
210813.942	225	0.875	-7.903089986991944
211319.771	225	0.88	-7.903089986991944
212176.975	225	0.885	-7.903089986991944
213026.51	225	0.89	-7.903089986991944
213877.414	225	0.895	-7.903089986991944
214819.029	225	0.9	-7.903089986991944
216040.643	225	0.905	-7.903089986991944
216851.5	225	0.91	-7.903089986991944
217947.899	225	0.915	-7.903089986991944
218458.846	225	0.92	-7.903089986991944
219644.934	225	0.925	-7.903089986991944
220324.253	225	0.93	-7.903089986991944
221803.536	225	0.935	-7.903089986991944
223218.768	225	0.94	-7.903089986991944
224127.229	225	0.945	-7.903089986991944
226000.5	225	0.95	-7.903089986991944
228761.714	225	0.955	-7.903089986991944
231624.346	225	0.96	-7.903089986991944
237264.819	225	0.965	-7.903089986991944
240397.7	225	0.97	-7.903089986991944
242277.495	225	0.975	-7.903089986991944
244128.057	225	0.98	-7.903089986991944
253818.2	225	0.985	-7.903089986991944
260255.0	225	0.99	-7.903089986991944
276396.165	225	0.995	-7.903089986991944
182838.607	250	0.5	-7.903089986991944
182967.062	250	0.505	-7.903089986991944
183512.037	250	0.51	-7.903089986991944
183676.8	250	0.515	-7.903089986991944
183946.514	250	0.52	-7.903089986991944
184632.718	250	0.525	-7.903089986991944
184941.001	250	0.53	-7.903089986991944
185332.878	250	0.535	-7.903089986991944
185644.686	250	0.54	-7.903089986991944
186002.697	250	0.545	-7.903089986991944
186358.022	250	0.55	-7.903089986991944
186934.725	250	0.555	-7.903089986991944
187291.543	250	0.56	-7.903089986991944
187698.367	250	0.565	-7.903089986991944
188334.3	250	0.57	-7.903089986991944
188579.427	250	0.575	-7.903089986991944
189021.459	250	0.58	-7.903089986991944
189283.038	250	0.585	-7.903089986991944
189560.143	250	0.59	-7.903089986991944
189828.485	250	0.595	-7.903089986991944
190180.793	250	0.6	-7.903089986991944
190537.022	250	0.605	-7.903089986991944
190765.003	250	0.61	-7.903089986991944
191204.602	250	0.615	-7.903089986991944
191526.829	250	0.62	-7.903089986991944
191776.071	250	0.625	-7.903089986991944
192103.807	250	0.63	-7.903089986991944
192195.357	250	0.635	-7.903089986991944
192542.466	250	0.64	-7.903089986991944
193310.786	250	0.645	-7.903089986991944
193506.222	250	0.65	-7.903089986991944
193762.678	250	0.655	-7.903089986991944
194230.007	250	0.66	-7.903089986991944
194820.45	250	0.665	-7.903089986991944
195071.419	250	0.67	-7.903089986991944
195363.571	250	0.675	-7.903089986991944
195724.314	250	0.68	-7.903089986991944
195941.789	250	0.685	-7.903089986991944
196449.585	250	0.69	-7.903089986991944
196675.878	250	0.695	-7.903089986991944
197177.818	250	0.7	-7.903089986991944
197439.417	250	0.705	-7.903089986991944
197842.664	250	0.71	-7.903089986991944
198349.923	250	0.715	-7.903089986991944
198832.703	250	0.72	-7.903089986991944
199250.286	250	0.725	-7.903089986991944
199772.444	250	0.73	-7.903089986991944
200295.864	250	0.735	-7.903089986991944
200861.736	250	0.74	-7.903089986991944
201543.217	250	0.745	-7.903089986991944
201749.61	250	0.75	-7.903089986991944
201942.45	250	0.755	-7.903089986991944
202148.143	250	0.76	-7.903089986991944
202659.139	250	0.765	-7.903089986991944
203202.798	250	0.77	-7.903089986991944
203915.059	250	0.775	-7.903089986991944
204323.387	250	0.78	-7.903089986991944
205161.786	250	0.785	-7.903089986991944
205880.601	250	0.79	-7.903089986991944
206632.288	250	0.795	-7.903089986991944
207101.429	250	0.8	-7.903089986991944
207353.107	250	0.805	-7.903089986991944
207972.486	250	0.81	-7.903089986991944
208404.886	250	0.815	-7.903089986991944
208850.857	250	0.82	-7.903089986991944
209441.5	250	0.825	-7.903089986991944
210077.443	250	0.83	-7.903089986991944
210687.114	250	0.835	-7.903089986991944
211101.006	250	0.84	-7.903089986991944
211280.082	250	0.845	-7.903089986991944
211948.714	250	0.85	-7.903089986991944
212727.989	250	0.855	-7.903089986991944
213129.732	250	0.86	-7.903089986991944
213899.836	250	0.865	-7.903089986991944
214383.7	250	0.87	-7.903089986991944
214747.25	250	0.875	-7.903089986991944
215910.703	250	0.88	-7.903089986991944
216736.728	250	0.885	-7.903089986991944
217867.214	250	0.89	-7.903089986991944
218922.366	250	0.895	-7.903089986991944
220441.429	250	0.9	-7.903089986991944
221131.08	250	0.905	-7.903089986991944
222078.443	250	0.91	-7.903089986991944
223476.98	250	0.915	-7.903089986991944
224891.54	250	0.92	-7.903089986991944
226236.964	250	0.925	-7.903089986991944
226971.043	250	0.93	-7.903089986991944
228877.229	250	0.935	-7.903089986991944
230563.639	250	0.94	-7.903089986991944
231444.658	250	0.945	-7.903089986991944
232205.914	250	0.95	-7.903089986991944
234903.86	250	0.955	-7.903089986991944
235843.377	250	0.96	-7.903089986991944
239847.983	250	0.965	-7.903089986991944
241732.898	250	0.97	-7.903089986991944
243991.75	250	0.975	-7.903089986991944
251316.857	250	0.98	-7.903089986991944
259210.885	250	0.985	-7.903089986991944
263493.614	250	0.99	-7.903089986991944
288538.879	250	0.995	-7.903089986991944
192252.619	275	0.5	-7.903089986991944
192553.236	275	0.505	-7.903089986991944
192911.077	275	0.51	-7.903089986991944
193235.174	275	0.515	-7.903089986991944
193834.804	275	0.52	-7.903089986991944
194168.829	275	0.525	-7.903089986991944
194766.68	275	0.53	-7.903089986991944
195235.391	275	0.535	-7.903089986991944
195761.657	275	0.54	-7.903089986991944
196260.343	275	0.545	-7.903089986991944
196592.043	275	0.55	-7.903089986991944
197289.779	275	0.555	-7.903089986991944
197865.486	275	0.56	-7.903089986991944
198211.347	275	0.565	-7.903089986991944
198852.729	275	0.57	-7.903089986991944
199185.062	275	0.575	-7.903089986991944
199557.335	275	0.58	-7.903089986991944
199931.779	275	0.585	-7.903089986991944
200355.686	275	0.59	-7.903089986991944
200718.221	275	0.595	-7.903089986991944
201044.571	275	0.6	-7.903089986991944
201316.943	275	0.605	-7.903089986991944
201646.07	275	0.61	-7.903089986991944
201801.443	275	0.615	-7.903089986991944
202311.727	275	0.62	-7.903089986991944
202667.857	275	0.625	-7.903089986991944
203082.71	275	0.63	-7.903089986991944
203378.207	275	0.635	-7.903089986991944
203521.314	275	0.64	-7.903089986991944
203869.786	275	0.645	-7.903089986991944
204309.332	275	0.65	-7.903089986991944
204689.418	275	0.655	-7.903089986991944
205442.425	275	0.66	-7.903089986991944
205949.405	275	0.665	-7.903089986991944
206533.999	275	0.67	-7.903089986991944
206833.78	275	0.675	-7.903089986991944
207055.714	275	0.68	-7.903089986991944
207472.661	275	0.685	-7.903089986991944
207761.457	275	0.69	-7.903089986991944
208130.943	275	0.695	-7.903089986991944
208482.643	275	0.7	-7.903089986991944
208819.478	275	0.705	-7.903089986991944
209896.695	275	0.71	-7.903089986991944
210590.69	275	0.715	-7.903089986991944
211047.88	275	0.72	-7.903089986991944
211475.096	275	0.725	-7.903089986991944
211738.1	275	0.73	-7.903089986991944
211969.058	275	0.735	-7.903089986991944
212412.743	275	0.74	-7.903089986991944
212590.121	275	0.745	-7.903089986991944
212979.232	275	0.75	-7.903089986991944
213667.477	275	0.755	-7.903089986991944
214147.587	275	0.76	-7.903089986991944
214552.664	275	0.765	-7.903089986991944
214992.839	275	0.77	-7.903089986991944
215396.0	275	0.775	-7.903089986991944
215719.511	275	0.78	-7.903089986991944
216057.714	275	0.785	-7.903089986991944
216655.803	275	0.79	-7.903089986991944
216970.778	275	0.795	-7.903089986991944
217228.571	275	0.8	-7.903089986991944
217545.85	275	0.805	-7.903089986991944
217975.343	275	0.81	-7.903089986991944
218652.371	275	0.815	-7.903089986991944
219249.0	275	0.82	-7.903089986991944
220039.291	275	0.825	-7.903089986991944
220298.414	275	0.83	-7.903089986991944
220713.772	275	0.835	-7.903089986991944
221336.4	275	0.84	-7.903089986991944
222014.6	275	0.845	-7.903089986991944
223297.021	275	0.85	-7.903089986991944
223805.7	275	0.855	-7.903089986991944
224086.667	275	0.86	-7.903089986991944
224469.069	275	0.865	-7.903089986991944
224837.886	275	0.87	-7.903089986991944
225711.545	275	0.875	-7.903089986991944
226570.198	275	0.88	-7.903089986991944
226964.865	275	0.885	-7.903089986991944
228482.314	275	0.89	-7.903089986991944
230298.407	275	0.895	-7.903089986991944
231274.286	275	0.9	-7.903089986991944
231970.642	275	0.905	-7.903089986991944
233131.145	275	0.91	-7.903089986991944
233831.643	275	0.915	-7.903089986991944
235206.349	275	0.92	-7.903089986991944
235743.761	275	0.925	-7.903089986991944
237966.0	275	0.93	-7.903089986991944
239906.443	275	0.935	-7.903089986991944
242350.371	275	0.94	-7.903089986991944
243259.723	275	0.945	-7.903089986991944
245601.425	275	0.95	-7.903089986991944
248530.582	275	0.955	-7.903089986991944
249887.946	275	0.96	-7.903089986991944
253018.061	275	0.965	-7.903089986991944
258132.929	275	0.97	-7.903089986991944
264300.357	275	0.975	-7.903089986991944
269022.83	275	0.98	-7.903089986991944
280151.635	275	0.985	-7.903089986991944
308819.48	275	0.99	-7.903089986991944
333618.749	275	0.995	-7.903089986991944
199492.893	300	0.5	-7.903089986991944
199996.9	300	0.505	-7.903089986991944
200172.929	300	0.51	-7.903089986991944
200386.132	300	0.515	-7.903089986991944
200806.04	300	0.52	-7.903089986991944
201105.75	300	0.525	-7.903089986991944
201525.811	300	0.53	-7.903089986991944
201872.557	300	0.535	-7.903089986991944
202093.514	300	0.54	-7.903089986991944
202511.729	300	0.545	-7.903089986991944
203155.517	300	0.55	-7.903089986991944
203601.35	300	0.555	-7.903089986991944
203796.109	300	0.56	-7.903089986991944
204220.814	300	0.565	-7.903089986991944
204523.454	300	0.57	-7.903089986991944
204845.286	300	0.575	-7.903089986991944
205307.27	300	0.58	-7.903089986991944
205878.278	300	0.585	-7.903089986991944
206272.957	300	0.59	-7.903089986991944
206751.614	300	0.595	-7.903089986991944
207026.7	300	0.6	-7.903089986991944
207452.079	300	0.605	-7.903089986991944
207934.6	300	0.61	-7.903089986991944
208412.66	300	0.615	-7.903089986991944
208862.971	300	0.62	-7.903089986991944
209437.607	300	0.625	-7.903089986991944
209742.213	300	0.63	-7.903089986991944
209938.356	300	0.635	-7.903089986991944
210280.249	300	0.64	-7.903089986991944
210690.986	300	0.645	-7.903089986991944
211085.214	300	0.65	-7.903089986991944
211307.621	300	0.655	-7.903089986991944
211861.714	300	0.66	-7.903089986991944
212324.35	300	0.665	-7.903089986991944
212608.999	300	0.67	-7.903089986991944
212822.714	300	0.675	-7.903089986991944
213138.971	300	0.68	-7.903089986991944
213508.104	300	0.685	-7.903089986991944
214028.147	300	0.69	-7.903089986991944
214431.864	300	0.695	-7.903089986991944
214585.093	300	0.7	-7.903089986991944
214750.857	300	0.705	-7.903089986991944
215245.758	300	0.71	-7.903089986991944
215512.221	300	0.715	-7.903089986991944
215965.486	300	0.72	-7.903089986991944
216428.179	300	0.725	-7.903089986991944
217000.729	300	0.73	-7.903089986991944
217277.16	300	0.735	-7.903089986991944
217428.961	300	0.74	-7.903089986991944
217802.086	300	0.745	-7.903089986991944
218227.143	300	0.75	-7.903089986991944
219129.296	300	0.755	-7.903089986991944
219510.9	300	0.76	-7.903089986991944
220121.336	300	0.765	-7.903089986991944
220347.886	300	0.77	-7.903089986991944
220796.964	300	0.775	-7.903089986991944
221027.499	300	0.78	-7.903089986991944
221361.786	300	0.785	-7.903089986991944
221815.171	300	0.79	-7.903089986991944
222090.986	300	0.795	-7.903089986991944
222646.377	300	0.8	-7.903089986991944
222893.136	300	0.805	-7.903089986991944
223306.971	300	0.81	-7.903089986991944
223961.608	300	0.815	-7.903089986991944
224390.886	300	0.82	-7.903089986991944
224687.786	300	0.825	-7.903089986991944
225187.143	300	0.83	-7.903089986991944
225759.207	300	0.835	-7.903089986991944
226373.829	300	0.84	-7.903089986991944
227478.457	300	0.845	-7.903089986991944
228135.296	300	0.85	-7.903089986991944
229251.274	300	0.855	-7.903089986991944
229878.383	300	0.86	-7.903089986991944
230214.207	300	0.865	-7.903089986991944
230722.915	300	0.87	-7.903089986991944
232158.929	300	0.875	-7.903089986991944
232719.2	300	0.88	-7.903089986991944
233937.607	300	0.885	-7.903089986991944
235803.4	300	0.89	-7.903089986991944
237037.114	300	0.895	-7.903089986991944
238200.157	300	0.9	-7.903089986991944
238722.6	300	0.905	-7.903089986991944
240255.243	300	0.91	-7.903089986991944
241040.993	300	0.915	-7.903089986991944
243505.903	300	0.92	-7.903089986991944
244252.936	300	0.925	-7.903089986991944
245947.729	300	0.93	-7.903089986991944
248053.664	300	0.935	-7.903089986991944
250426.429	300	0.94	-7.903089986991944
251627.617	300	0.945	-7.903089986991944
252245.643	300	0.95	-7.903089986991944
253558.779	300	0.955	-7.903089986991944
256276.571	300	0.96	-7.903089986991944
259758.778	300	0.965	-7.903089986991944
263133.98	300	0.97	-7.903089986991944
266210.018	300	0.975	-7.903089986991944
271005.78	300	0.98	-7.903089986991944
274523.436	300	0.985	-7.903089986991944
283999.506	300	0.99	-7.903089986991944
296631.357	300	0.995	-7.903089986991944
204116.5	325	0.5	-7.903089986991944
204437.314	325	0.505	-7.903089986991944
204896.599	325	0.51	-7.903089986991944
205424.793	325	0.515	-7.903089986991944
205897.946	325	0.52	-7.903089986991944
206486.643	325	0.525	-7.903089986991944
206917.643	325	0.53	-7.903089986991944
207166.507	325	0.535	-7.903089986991944
207488.639	325	0.54	-7.903089986991944
207749.521	325	0.545	-7.903089986991944
208522.857	325	0.55	-7.903089986991944
208985.473	325	0.555	-7.903089986991944
209193.24	325	0.56	-7.903089986991944
209752.14	325	0.565	-7.903089986991944
210043.141	325	0.57	-7.903089986991944
210310.03	325	0.575	-7.903089986991944
210605.8	325	0.58	-7.903089986991944
210907.379	325	0.585	-7.903089986991944
211312.871	325	0.59	-7.903089986991944
211874.086	325	0.595	-7.903089986991944
212016.571	325	0.6	-7.903089986991944
212180.411	325	0.605	-7.903089986991944
212366.643	325	0.61	-7.903089986991944
212772.221	325	0.615	-7.903089986991944
212937.686	325	0.62	-7.903089986991944
213536.839	325	0.625	-7.903089986991944
213838.491	325	0.63	-7.903089986991944
214186.221	325	0.635	-7.903089986991944
214434.026	325	0.64	-7.903089986991944
214762.046	325	0.645	-7.903089986991944
215332.857	325	0.65	-7.903089986991944
215678.285	325	0.655	-7.903089986991944
216326.8	325	0.66	-7.903089986991944
216508.136	325	0.665	-7.903089986991944
216807.689	325	0.67	-7.903089986991944
217005.964	325	0.675	-7.903089986991944
217633.886	325	0.68	-7.903089986991944
218305.378	325	0.685	-7.903089986991944
218666.179	325	0.69	-7.903089986991944
219007.764	325	0.695	-7.903089986991944
219473.093	325	0.7	-7.903089986991944
219934.7	325	0.705	-7.903089986991944
220444.829	325	0.71	-7.903089986991944
221090.894	325	0.715	-7.903089986991944
221369.266	325	0.72	-7.903089986991944
221732.023	325	0.725	-7.903089986991944
222377.329	325	0.73	-7.903089986991944
222711.95	325	0.735	-7.903089986991944
223105.657	325	0.74	-7.903089986991944
223721.457	325	0.745	-7.903089986991944
224232.143	325	0.75	-7.903089986991944
224553.052	325	0.755	-7.903089986991944
224884.171	325	0.76	-7.903089986991944
225256.847	325	0.765	-7.903089986991944
225851.389	325	0.77	-7.903089986991944
226370.482	325	0.775	-7.903089986991944
226875.827	325	0.78	-7.903089986991944
227368.735	325	0.785	-7.903089986991944
227680.357	325	0.79	-7.903089986991944
228178.143	325	0.795	-7.903089986991944
228375.214	325	0.8	-7.903089986991944
228946.543	325	0.805	-7.903089986991944
229545.201	325	0.81	-7.903089986991944
230037.313	325	0.815	-7.903089986991944
230539.829	325	0.82	-7.903089986991944
231267.543	325	0.825	-7.903089986991944
231609.95	325	0.83	-7.903089986991944
232390.629	325	0.835	-7.903089986991944
233506.4	325	0.84	-7.903089986991944
233987.505	325	0.845	-7.903089986991944
235133.214	325	0.85	-7.903089986991944
235723.999	325	0.855	-7.903089986991944
236689.347	325	0.86	-7.903089986991944
237820.243	325	0.865	-7.903089986991944
238473.801	325	0.87	-7.903089986991944
239260.536	325	0.875	-7.903089986991944
240135.209	325	0.88	-7.903089986991944
241722.276	325	0.885	-7.903089986991944
242420.786	325	0.89	-7.903089986991944
243317.265	325	0.895	-7.903089986991944
245974.857	325	0.9	-7.903089986991944
246657.786	325	0.905	-7.903089986991944
247377.129	325	0.91	-7.903089986991944
247737.021	325	0.915	-7.903089986991944
248429.269	325	0.92	-7.903089986991944
249773.929	325	0.925	-7.903089986991944
251114.525	325	0.93	-7.903089986991944
252853.136	325	0.935	-7.903089986991944
254685.571	325	0.94	-7.903089986991944
256651.543	325	0.945	-7.903089986991944
258754.929	325	0.95	-7.903089986991944
266138.707	325	0.955	-7.903089986991944
269983.429	325	0.96	-7.903089986991944
272209.321	325	0.965	-7.903089986991944
275159.914	325	0.97	-7.903089986991944
282771.643	325	0.975	-7.903089986991944
290733.427	325	0.98	-7.903089986991944
306599.7	325	0.985	-7.903089986991944
317241.257	325	0.99	-7.903089986991944
327736.507	325	0.995	-7.903089986991944
209834.321	350	0.5	-7.903089986991944
210071.736	350	0.505	-7.903089986991944
210280.236	350	0.51	-7.903089986991944
210537.653	350	0.515	-7.903089986991944
210895.345	350	0.52	-7.903089986991944
211436.143	350	0.525	-7.903089986991944
212042.814	350	0.53	-7.903089986991944
212550.087	350	0.535	-7.903089986991944
213001.159	350	0.54	-7.903089986991944
213314.491	350	0.545	-7.903089986991944
213640.429	350	0.55	-7.903089986991944
213883.186	350	0.555	-7.903089986991944
214127.351	350	0.56	-7.903089986991944
214556.576	350	0.565	-7.903089986991944
214804.074	350	0.57	-7.903089986991944
215055.923	350	0.575	-7.903089986991944
215477.6	350	0.58	-7.903089986991944
215694.457	350	0.585	-7.903089986991944
215939.457	350	0.59	-7.903089986991944
216232.0	350	0.595	-7.903089986991944
216713.143	350	0.6	-7.903089986991944
217014.721	350	0.605	-7.903089986991944
217527.892	350	0.61	-7.903089986991944
217931.416	350	0.615	-7.903089986991944
218201.949	350	0.62	-7.903089986991944
218591.429	350	0.625	-7.903089986991944
219032.2	350	0.63	-7.903089986991944
219209.149	350	0.635	-7.903089986991944
219502.571	350	0.64	-7.903089986991944
219955.229	350	0.645	-7.903089986991944
220376.286	350	0.65	-7.903089986991944
221014.436	350	0.655	-7.903089986991944
221328.4	350	0.66	-7.903089986991944
222396.336	350	0.665	-7.903089986991944
222813.166	350	0.67	-7.903089986991944
223211.439	350	0.675	-7.903089986991944
223580.914	350	0.68	-7.903089986991944
223977.357	350	0.685	-7.903089986991944
224412.766	350	0.69	-7.903089986991944
224975.501	350	0.695	-7.903089986991944
225368.929	350	0.7	-7.903089986991944
225666.579	350	0.705	-7.903089986991944
226129.909	350	0.71	-7.903089986991944
226436.321	350	0.715	-7.903089986991944
226798.783	350	0.72	-7.903089986991944
227145.391	350	0.725	-7.903089986991944
227589.812	350	0.73	-7.903089986991944
228330.321	350	0.735	-7.903089986991944
228793.06	350	0.74	-7.903089986991944
229054.439	350	0.745	-7.903089986991944
229144.286	350	0.75	-7.903089986991944
229372.175	350	0.755	-7.903089986991944
229644.057	350	0.76	-7.903089986991944
229868.716	350	0.765	-7.903089986991944
230107.457	350	0.77	-7.903089986991944
230591.071	350	0.775	-7.903089986991944
231476.227	350	0.78	-7.903089986991944
231987.6	350	0.785	-7.903089986991944
232733.014	350	0.79	-7.903089986991944
233509.558	350	0.795	-7.903089986991944
234342.286	350	0.8	-7.903089986991944
234940.699	350	0.805	-7.903089986991944
235644.815	350	0.81	-7.903089986991944
236254.271	350	0.815	-7.903089986991944
236756.041	350	0.82	-7.903089986991944
237202.321	350	0.825	-7.903089986991944
237665.657	350	0.83	-7.903089986991944
238571.771	350	0.835	-7.903089986991944
239160.357	350	0.84	-7.903089986991944
239612.69	350	0.845	-7.903089986991944
240465.346	350	0.85	-7.903089986991944
240742.557	350	0.855	-7.903089986991944
241315.743	350	0.86	-7.903089986991944
242277.279	350	0.865	-7.903089986991944
242952.052	350	0.87	-7.903089986991944
243452.777	350	0.875	-7.903089986991944
244556.343	350	0.88	-7.903089986991944
245251.336	350	0.885	-7.903089986991944
245737.3	350	0.89	-7.903089986991944
246369.221	350	0.895	-7.903089986991944
246997.75	350	0.9	-7.903089986991944
248206.456	350	0.905	-7.903089986991944
248895.622	350	0.91	-7.903089986991944
250575.473	350	0.915	-7.903089986991944
251272.8	350	0.92	-7.903089986991944
252095.064	350	0.925	-7.903089986991944
253563.257	350	0.93	-7.903089986991944
257259.664	350	0.935	-7.903089986991944
258263.486	350	0.94	-7.903089986991944
259339.662	350	0.945	-7.903089986991944
261709.286	350	0.95	-7.903089986991944
262794.179	350	0.955	-7.903089986991944
264313.531	350	0.96	-7.903089986991944
266767.064	350	0.965	-7.903089986991944
269806.043	350	0.97	-7.903089986991944
271797.361	350	0.975	-7.903089986991944
275266.943	350	0.98	-7.903089986991944
280535.935	350	0.985	-7.903089986991944
299044.8	350	0.99	-7.903089986991944
320745.536	350	0.995	-7.903089986991944
215388.5	375	0.5	-7.903089986991944
215843.346	375	0.505	-7.903089986991944
216087.808	375	0.51	-7.903089986991944
216257.25	375	0.515	-7.903089986991944
216969.6	375	0.52	-7.903089986991944
217577.75	375	0.525	-7.903089986991944
217931.914	375	0.53	-7.903089986991944
218385.352	375	0.535	-7.903089986991944
218964.357	375	0.54	-7.903089986991944
219685.101	375	0.545	-7.903089986991944
220067.796	375	0.55	-7.903089986991944
220423.358	375	0.555	-7.903089986991944
221024.651	375	0.56	-7.903089986991944
221339.566	375	0.565	-7.903089986991944
221659.77	375	0.57	-7.903089986991944
222339.168	375	0.575	-7.903089986991944
222661.56	375	0.58	-7.903089986991944
222938.331	375	0.585	-7.903089986991944
223626.486	375	0.59	-7.903089986991944
224239.293	375	0.595	-7.903089986991944
224549.957	375	0.6	-7.903089986991944
224668.879	375	0.605	-7.903089986991944
225317.892	375	0.61	-7.903089986991944
225572.893	375	0.615	-7.903089986991944
225826.897	375	0.62	-7.903089986991944
226309.018	375	0.625	-7.903089986991944
226548.543	375	0.63	-7.903089986991944
226965.574	375	0.635	-7.903089986991944
227334.866	375	0.64	-7.903089986991944
227881.543	375	0.645	-7.903089986991944
228239.975	375	0.65	-7.903089986991944
228696.936	375	0.655	-7.903089986991944
229474.971	375	0.66	-7.903089986991944
229899.262	375	0.665	-7.903089986991944
230283.824	375	0.67	-7.903089986991944
230571.332	375	0.675	-7.903089986991944
231177.143	375	0.68	-7.903089986991944
231423.706	375	0.685	-7.903089986991944
231900.0	375	0.69	-7.903089986991944
232291.394	375	0.695	-7.903089986991944
232635.0	375	0.7	-7.903089986991944
232991.72	375	0.705	-7.903089986991944
233446.522	375	0.71	-7.903089986991944
234134.157	375	0.715	-7.903089986991944
234584.171	375	0.72	-7.903089986991944
235325.559	375	0.725	-7.903089986991944
235809.453	375	0.73	-7.903089986991944
236364.914	375	0.735	-7.903089986991944
236647.257	375	0.74	-7.903089986991944
237443.215	375	0.745	-7.903089986991944
237751.732	375	0.75	-7.903089986991944
238626.022	375	0.755	-7.903089986991944
239092.171	375	0.76	-7.903089986991944
239475.436	375	0.765	-7.903089986991944
239585.714	375	0.77	-7.903089986991944
239795.279	375	0.775	-7.903089986991944
240428.587	375	0.78	-7.903089986991944
240823.93	375	0.785	-7.903089986991944
241153.915	375	0.79	-7.903089986991944
241912.557	375	0.795	-7.903089986991944
242615.671	375	0.8	-7.903089986991944
243252.414	375	0.805	-7.903089986991944
243548.606	375	0.81	-7.903089986991944
244520.75	375	0.815	-7.903089986991944
245597.2	375	0.82	-7.903089986991944
246157.75	375	0.825	-7.903089986991944
247081.172	375	0.83	-7.903089986991944
247785.657	375	0.835	-7.903089986991944
248414.36	375	0.84	-7.903089986991944
249126.05	375	0.845	-7.903089986991944
250425.393	375	0.85	-7.903089986991944
251477.186	375	0.855	-7.903089986991944
252366.254	375	0.86	-7.903089986991944
253022.669	375	0.865	-7.903089986991944
253869.429	375	0.87	-7.903089986991944
254622.295	375	0.875	-7.903089986991944
255848.743	375	0.88	-7.903089986991944
257376.307	375	0.885	-7.903089986991944
258631.714	375	0.89	-7.903089986991944
260067.091	375	0.895	-7.903089986991944
260894.157	375	0.9	-7.903089986991944
263385.4	375	0.905	-7.903089986991944
264689.908	375	0.91	-7.903089986991944
266277.429	375	0.915	-7.903089986991944
267896.171	375	0.92	-7.903089986991944
269579.388	375	0.925	-7.903089986991944
270706.529	375	0.93	-7.903089986991944
271302.293	375	0.935	-7.903089986991944
272170.289	375	0.94	-7.903089986991944
275575.971	375	0.945	-7.903089986991944
280802.289	375	0.95	-7.903089986991944
283057.029	375	0.955	-7.903089986991944
288782.137	375	0.96	-7.903089986991944
292811.414	375	0.965	-7.903089986991944
298990.571	375	0.97	-7.903089986991944
302825.08	375	0.975	-7.903089986991944
317388.096	375	0.98	-7.903089986991944
330441.736	375	0.985	-7.903089986991944
349703.235	375	0.99	-7.903089986991944
370114.207	375	0.995	-7.903089986991944
221360.714	400	0.5	-7.903089986991944
221578.522	400	0.505	-7.903089986991944
221897.217	400	0.51	-7.903089986991944
222170.229	400	0.515	-7.903089986991944
222323.029	400	0.52	-7.903089986991944
222625.588	400	0.525	-7.903089986991944
222909.914	400	0.53	-7.903089986991944
223150.281	400	0.535	-7.903089986991944
223516.286	400	0.54	-7.903089986991944
224021.959	400	0.545	-7.903089986991944
224618.246	400	0.55	-7.903089986991944
224879.997	400	0.555	-7.903089986991944
225138.457	400	0.56	-7.903089986991944
225483.379	400	0.565	-7.903089986991944
225900.657	400	0.57	-7.903089986991944
226371.786	400	0.575	-7.903089986991944
226493.136	400	0.58	-7.903089986991944
226686.007	400	0.585	-7.903089986991944
226950.371	400	0.59	-7.903089986991944
227475.964	400	0.595	-7.903089986991944
227743.357	400	0.6	-7.903089986991944
228263.681	400	0.605	-7.903089986991944
228694.074	400	0.61	-7.903089986991944
229130.626	400	0.615	-7.903089986991944
229325.193	400	0.62	-7.903089986991944
229652.902	400	0.625	-7.903089986991944
230022.957	400	0.63	-7.903089986991944
230368.614	400	0.635	-7.903089986991944
230556.939	400	0.64	-7.903089986991944
231081.382	400	0.645	-7.903089986991944
231664.143	400	0.65	-7.903089986991944
232208.729	400	0.655	-7.903089986991944
232619.514	400	0.66	-7.903089986991944
233210.069	400	0.665	-7.903089986991944
233534.734	400	0.67	-7.903089986991944
233886.512	400	0.675	-7.903089986991944
234329.726	400	0.68	-7.903089986991944
234388.494	400	0.685	-7.903089986991944
234524.557	400	0.69	-7.903089986991944
235066.743	400	0.695	-7.903089986991944
235866.55	400	0.7	-7.903089986991944
236076.336	400	0.705	-7.903089986991944
236625.817	400	0.71	-7.903089986991944
236892.407	400	0.715	-7.903089986991944
237176.226	400	0.72	-7.903089986991944
237497.873	400	0.725	-7.903089986991944
237701.979	400	0.73	-7.903089986991944
238082.812	400	0.735	-7.903089986991944
238505.291	400	0.74	-7.903089986991944
239209.357	400	0.745	-7.903089986991944
239671.429	400	0.75	-7.903089986991944
240300.971	400	0.755	-7.903089986991944
241323.323	400	0.76	-7.903089986991944
241711.22	400	0.765	-7.903089986991944
242333.814	400	0.77	-7.903089986991944
242606.805	400	0.775	-7.903089986991944
243512.811	400	0.78	-7.903089986991944
244131.519	400	0.785	-7.903089986991944
244542.842	400	0.79	-7.903089986991944
244872.079	400	0.795	-7.903089986991944
245349.429	400	0.8	-7.903089986991944
245793.136	400	0.805	-7.903089986991944
246171.284	400	0.81	-7.903089986991944
246651.572	400	0.815	-7.903089986991944
246820.371	400	0.82	-7.903089986991944
247659.714	400	0.825	-7.903089986991944
248512.214	400	0.83	-7.903089986991944
249590.371	400	0.835	-7.903089986991944
250100.697	400	0.84	-7.903089986991944
250430.718	400	0.845	-7.903089986991944
251494.314	400	0.85	-7.903089986991944
253198.832	400	0.855	-7.903089986991944
253353.439	400	0.86	-7.903089986991944
254174.948	400	0.865	-7.903089986991944
254986.433	400	0.87	-7.903089986991944
255661.607	400	0.875	-7.903089986991944
256334.057	400	0.88	-7.903089986991944
257621.402	400	0.885	-7.903089986991944
258511.343	400	0.89	-7.903089986991944
259341.035	400	0.895	-7.903089986991944
260157.364	400	0.9	-7.903089986991944
261062.926	400	0.905	-7.903089986991944
261905.929	400	0.91	-7.903089986991944
262936.679	400	0.915	-7.903089986991944
263806.334	400	0.92	-7.903089986991944
264854.571	400	0.925	-7.903089986991944
268250.301	400	0.93	-7.903089986991944
269819.916	400	0.935	-7.903089986991944
271291.6	400	0.94	-7.903089986991944
273317.886	400	0.945	-7.903089986991944
274884.571	400	0.95	-7.903089986991944
277725.505	400	0.955	-7.903089986991944
280552.286	400	0.96	-7.903089986991944
282299.503	400	0.965	-7.903089986991944
286494.861	400	0.97	-7.903089986991944
293326.145	400	0.975	-7.903089986991944
308608.343	400	0.98	-7.903089986991944
328474.929	400	0.985	-7.903089986991944
364625.316	400	0.99	-7.903089986991944
394357.807	400	0.995	-7.903089986991944
225976.429	425	0.5	-7.903089986991944
226101.474	425	0.505	-7.903089986991944
226484.2	425	0.51	-7.903089986991944
226781.185	425	0.515	-7.903089986991944
227173.691	425	0.52	-7.903089986991944
227576.959	425	0.525	-7.903089986991944
227964.171	425	0.53	-7.903089986991944
228154.736	425	0.535	-7.903089986991944
228398.291	425	0.54	-7.903089986991944
228768.086	425	0.545	-7.903089986991944
229005.621	425	0.55	-7.903089986991944
229651.985	425	0.555	-7.903089986991944
230090.914	425	0.56	-7.903089986991944
230358.529	425	0.565	-7.903089986991944
230918.701	425	0.57	-7.903089986991944
231454.055	425	0.575	-7.903089986991944
231541.006	425	0.58	-7.903089986991944
231944.757	425	0.585	-7.903089986991944
232550.871	425	0.59	-7.903089986991944
232942.729	425	0.595	-7.903089986991944
233698.871	425	0.6	-7.903089986991944
233927.543	425	0.605	-7.903089986991944
234648.704	425	0.61	-7.903089986991944
235196.231	425	0.615	-7.903089986991944
235491.506	425	0.62	-7.903089986991944
235710.625	425	0.625	-7.903089986991944
236253.636	425	0.63	-7.903089986991944
236440.786	425	0.635	-7.903089986991944
236748.16	425	0.64	-7.903089986991944
237051.818	425	0.645	-7.903089986991944
237933.436	425	0.65	-7.903089986991944
238261.793	425	0.655	-7.903089986991944
238542.263	425	0.66	-7.903089986991944
238774.468	425	0.665	-7.903089986991944
238896.159	425	0.67	-7.903089986991944
239180.105	425	0.675	-7.903089986991944
239390.0	425	0.68	-7.903089986991944
239672.409	425	0.685	-7.903089986991944
239853.926	425	0.69	-7.903089986991944
240214.964	425	0.695	-7.903089986991944
240540.264	425	0.7	-7.903089986991944
240719.079	425	0.705	-7.903089986991944
241109.464	425	0.71	-7.903089986991944
241618.964	425	0.715	-7.903089986991944
242051.003	425	0.72	-7.903089986991944
242730.536	425	0.725	-7.903089986991944
243373.26	425	0.73	-7.903089986991944
243692.255	425	0.735	-7.903089986991944
243830.553	425	0.74	-7.903089986991944
244239.187	425	0.745	-7.903089986991944
244709.196	425	0.75	-7.903089986991944
245219.404	425	0.755	-7.903089986991944
245677.086	425	0.76	-7.903089986991944
246679.236	425	0.765	-7.903089986991944
247214.81	425	0.77	-7.903089986991944
247647.448	425	0.775	-7.903089986991944
247950.171	425	0.78	-7.903089986991944
248440.987	425	0.785	-7.903089986991944
249240.301	425	0.79	-7.903089986991944
249549.421	425	0.795	-7.903089986991944
249912.857	425	0.8	-7.903089986991944
250435.415	425	0.805	-7.903089986991944
251032.301	425	0.81	-7.903089986991944
251552.178	425	0.815	-7.903089986991944
252115.371	425	0.82	-7.903089986991944
252811.918	425	0.825	-7.903089986991944
253360.063	425	0.83	-7.903089986991944
253857.574	425	0.835	-7.903089986991944
254690.171	425	0.84	-7.903089986991944
255614.76	425	0.845	-7.903089986991944
256654.443	425	0.85	-7.903089986991944
257143.375	425	0.855	-7.903089986991944
258284.439	425	0.86	-7.903089986991944
259356.624	425	0.865	-7.903089986991944
261230.543	425	0.87	-7.903089986991944
262117.893	425	0.875	-7.903089986991944
263322.057	425	0.88	-7.903089986991944
264583.779	425	0.885	-7.903089986991944
265131.838	425	0.89	-7.903089986991944
267554.586	425	0.895	-7.903089986991944
269338.65	425	0.9	-7.903089986991944
270152.764	425	0.905	-7.903089986991944
271770.687	425	0.91	-7.903089986991944
273720.012	425	0.915	-7.903089986991944
275018.514	425	0.92	-7.903089986991944
277775.868	425	0.925	-7.903089986991944
280456.614	425	0.93	-7.903089986991944
283479.349	425	0.935	-7.903089986991944
284833.629	425	0.94	-7.903089986991944
286614.079	425	0.945	-7.903089986991944
289461.929	425	0.95	-7.903089986991944
293269.333	425	0.955	-7.903089986991944
299584.514	425	0.96	-7.903089986991944
306040.119	425	0.965	-7.903089986991944
309007.014	425	0.97	-7.903089986991944
319698.396	425	0.975	-7.903089986991944
324322.0	425	0.98	-7.903089986991944
343244.278	425	0.985	-7.903089986991944
362404.984	425	0.99	-7.903089986991944
397661.207	425	0.995	-7.903089986991944
231057.857	450	0.5	-7.903089986991944
231255.4	450	0.505	-7.903089986991944
231670.349	450	0.51	-7.903089986991944
232007.493	450	0.515	-7.903089986991944
232654.957	450	0.52	-7.903089986991944
232942.643	450	0.525	-7.903089986991944
233467.705	450	0.53	-7.903089986991944
233743.055	450	0.535	-7.903089986991944
233908.867	450	0.54	-7.903089986991944
234181.65	450	0.545	-7.903089986991944
234478.604	450	0.55	-7.903089986991944
234772.386	450	0.555	-7.903089986991944
234990.286	450	0.56	-7.903089986991944
235269.829	450	0.565	-7.903089986991944
235844.657	450	0.57	-7.903089986991944
236201.646	450	0.575	-7.903089986991944
236453.543	450	0.58	-7.903089986991944
237102.078	450	0.585	-7.903089986991944
237390.657	450	0.59	-7.903089986991944
237898.607	450	0.595	-7.903089986991944
238388.657	450	0.6	-7.903089986991944
238748.482	450	0.605	-7.903089986991944
238920.856	450	0.61	-7.903089986991944
239188.25	450	0.615	-7.903089986991944
239456.804	450	0.62	-7.903089986991944
239699.464	450	0.625	-7.903089986991944
240091.944	450	0.63	-7.903089986991944
240781.176	450	0.635	-7.903089986991944
241204.483	450	0.64	-7.903089986991944
241596.009	450	0.645	-7.903089986991944
242064.336	450	0.65	-7.903089986991944
242618.36	450	0.655	-7.903089986991944
243346.714	450	0.66	-7.903089986991944
243969.488	450	0.665	-7.903089986991944
244379.259	450	0.67	-7.903089986991944
244629.786	450	0.675	-7.903089986991944
245369.117	450	0.68	-7.903089986991944
245658.737	450	0.685	-7.903089986991944
245994.043	450	0.69	-7.903089986991944
246323.028	450	0.695	-7.903089986991944
246809.286	450	0.7	-7.903089986991944
247371.603	450	0.705	-7.903089986991944
247746.511	450	0.71	-7.903089986991944
248048.364	450	0.715	-7.903089986991944
248566.4	450	0.72	-7.903089986991944
248832.909	450	0.725	-7.903089986991944
249471.634	450	0.73	-7.903089986991944
249747.986	450	0.735	-7.903089986991944
249965.857	450	0.74	-7.903089986991944
250437.956	450	0.745	-7.903089986991944
251022.75	450	0.75	-7.903089986991944
251285.443	450	0.755	-7.903089986991944
252349.823	450	0.76	-7.903089986991944
252892.617	450	0.765	-7.903089986991944
253340.578	450	0.77	-7.903089986991944
253839.843	450	0.775	-7.903089986991944
254435.283	450	0.78	-7.903089986991944
254804.985	450	0.785	-7.903089986991944
255355.29	450	0.79	-7.903089986991944
256231.585	450	0.795	-7.903089986991944
257395.143	450	0.8	-7.903089986991944
257967.971	450	0.805	-7.903089986991944
258977.771	450	0.81	-7.903089986991944
259551.35	450	0.815	-7.903089986991944
260199.957	450	0.82	-7.903089986991944
260706.071	450	0.825	-7.903089986991944
261499.357	450	0.83	-7.903089986991944
262027.057	450	0.835	-7.903089986991944
263818.057	450	0.84	-7.903089986991944
264085.021	450	0.845	-7.903089986991944
264576.714	450	0.85	-7.903089986991944
265065.014	450	0.855	-7.903089986991944
265967.71	450	0.86	-7.903089986991944
267234.814	450	0.865	-7.903089986991944
268447.924	450	0.87	-7.903089986991944
269678.875	450	0.875	-7.903089986991944
270467.031	450	0.88	-7.903089986991944
271216.279	450	0.885	-7.903089986991944
272379.065	450	0.89	-7.903089986991944
273454.4	450	0.895	-7.903089986991944
274671.714	450	0.9	-7.903089986991944
276894.893	450	0.905	-7.903089986991944
278247.018	450	0.91	-7.903089986991944
278759.25	450	0.915	-7.903089986991944
280882.8	450	0.92	-7.903089986991944
282954.13	450	0.925	-7.903089986991944
284610.3	450	0.93	-7.903089986991944
290411.414	450	0.935	-7.903089986991944
292109.536	450	0.94	-7.903089986991944
297981.084	450	0.945	-7.903089986991944
301645.918	450	0.95	-7.903089986991944
305196.65	450	0.955	-7.903089986991944
309491.737	450	0.96	-7.903089986991944
315120.229	450	0.965	-7.903089986991944
317604.014	450	0.97	-7.903089986991944
321457.321	450	0.975	-7.903089986991944
336143.244	450	0.98	-7.903089986991944
364259.264	450	0.985	-7.903089986991944
382980.129	450	0.99	-7.903089986991944
425391.915	450	0.995	-7.903089986991944
