S*_score	SNP_num	quantile	log(local_recomb_rate)
109180.0	25	0.5	-7.903089986991944
109463.6	25	0.505	-7.903089986991944
110498.42	25	0.51	-7.903089986991944
111108.4	25	0.515	-7.903089986991944
111875.2	25	0.52	-7.903089986991944
111984.583	25	0.525	-7.903089986991944
112317.003	25	0.53	-7.903089986991944
112979.9	25	0.535	-7.903089986991944
113349.6	25	0.54	-7.903089986991944
113922.5	25	0.545	-7.903089986991944
114491.44	25	0.55	-7.903089986991944
114754.218	25	0.555	-7.903089986991944
115378.4	25	0.56	-7.903089986991944
115489.564	25	0.565	-7.903089986991944
115865.2	25	0.57	-7.903089986991944
116289.0	25	0.575	-7.903089986991944
117395.52	25	0.58	-7.903089986991944
117599.8	25	0.585	-7.903089986991944
118147.0	25	0.59	-7.903089986991944
118532.2	25	0.595	-7.903089986991944
119183.333	25	0.6	-7.903089986991944
120297.8	25	0.605	-7.903089986991944
120404.42	25	0.61	-7.903089986991944
120581.303	25	0.615	-7.903089986991944
120855.733	25	0.62	-7.903089986991944
121230.765	25	0.625	-7.903089986991944
121377.505	25	0.63	-7.903089986991944
122125.133	25	0.635	-7.903089986991944
122627.6	25	0.64	-7.903089986991944
123205.6	25	0.645	-7.903089986991944
124310.0	25	0.65	-7.903089986991944
126430.415	25	0.655	-7.903089986991944
128215.4	25	0.66	-7.903089986991944
128908.854	25	0.665	-7.903089986991944
129469.2	25	0.67	-7.903089986991944
129744.5	25	0.675	-7.903089986991944
130351.733	25	0.68	-7.903089986991944
131218.846	25	0.685	-7.903089986991944
132136.4	25	0.69	-7.903089986991944
133119.4	25	0.695	-7.903089986991944
133786.467	25	0.7	-7.903089986991944
134246.4	25	0.705	-7.903089986991944
134660.663	25	0.71	-7.903089986991944
135125.87	25	0.715	-7.903089986991944
135574.4	25	0.72	-7.903089986991944
136387.0	25	0.725	-7.903089986991944
137175.2	25	0.73	-7.903089986991944
138128.3	25	0.735	-7.903089986991944
138445.371	25	0.74	-7.903089986991944
138969.06	25	0.745	-7.903089986991944
139691.346	25	0.75	-7.903089986991944
140252.52	25	0.755	-7.903089986991944
140573.68	25	0.76	-7.903089986991944
141131.8	25	0.765	-7.903089986991944
141524.0	25	0.77	-7.903089986991944
143335.75	25	0.775	-7.903089986991944
144182.08	25	0.78	-7.903089986991944
144659.6	25	0.785	-7.903089986991944
144992.8	25	0.79	-7.903089986991944
145859.867	25	0.795	-7.903089986991944
146776.0	25	0.8	-7.903089986991944
147484.2	25	0.805	-7.903089986991944
147824.8	25	0.81	-7.903089986991944
148451.6	25	0.815	-7.903089986991944
148896.64	25	0.82	-7.903089986991944
151113.0	25	0.825	-7.903089986991944
152982.12	25	0.83	-7.903089986991944
153711.0	25	0.835	-7.903089986991944
154252.08	25	0.84	-7.903089986991944
155215.0	25	0.845	-7.903089986991944
156041.25	25	0.85	-7.903089986991944
156729.11	25	0.855	-7.903089986991944
158543.2	25	0.86	-7.903089986991944
159093.8	25	0.865	-7.903089986991944
159947.6	25	0.87	-7.903089986991944
161225.0	25	0.875	-7.903089986991944
161884.0	25	0.88	-7.903089986991944
162457.8	25	0.885	-7.903089986991944
163116.08	25	0.89	-7.903089986991944
163693.92	25	0.895	-7.903089986991944
165608.0	25	0.9	-7.903089986991944
165740.39	25	0.905	-7.903089986991944
167900.8	25	0.91	-7.903089986991944
170134.3	25	0.915	-7.903089986991944
171024.8	25	0.92	-7.903089986991944
171290.5	25	0.925	-7.903089986991944
172111.0	25	0.93	-7.903089986991944
173287.6	25	0.935	-7.903089986991944
173904.0	25	0.94	-7.903089986991944
174602.3	25	0.945	-7.903089986991944
175740.623	25	0.95	-7.903089986991944
177512.6	25	0.955	-7.903089986991944
178868.8	25	0.96	-7.903089986991944
179000.4	25	0.965	-7.903089986991944
179910.4	25	0.97	-7.903089986991944
181383.95	25	0.975	-7.903089986991944
183720.0	25	0.98	-7.903089986991944
188875.25	25	0.985	-7.903089986991944
192028.8	25	0.99	-7.903089986991944
197326.5	25	0.995	-7.903089986991944
120860.2	50	0.5	-7.903089986991944
121591.815	50	0.505	-7.903089986991944
122045.977	50	0.51	-7.903089986991944
122428.249	50	0.515	-7.903089986991944
122639.127	50	0.52	-7.903089986991944
122946.273	50	0.525	-7.903089986991944
123268.198	50	0.53	-7.903089986991944
123623.005	50	0.535	-7.903089986991944
123915.12	50	0.54	-7.903089986991944
124630.726	50	0.545	-7.903089986991944
125434.0	50	0.55	-7.903089986991944
125768.126	50	0.555	-7.903089986991944
126300.496	50	0.56	-7.903089986991944
126789.1	50	0.565	-7.903089986991944
128286.99	50	0.57	-7.903089986991944
128811.475	50	0.575	-7.903089986991944
129524.069	50	0.58	-7.903089986991944
130018.4	50	0.585	-7.903089986991944
130583.6	50	0.59	-7.903089986991944
131095.747	50	0.595	-7.903089986991944
131775.12	50	0.6	-7.903089986991944
132018.763	50	0.605	-7.903089986991944
132610.6	50	0.61	-7.903089986991944
133419.361	50	0.615	-7.903089986991944
133755.2	50	0.62	-7.903089986991944
134316.75	50	0.625	-7.903089986991944
134872.372	50	0.63	-7.903089986991944
135566.319	50	0.635	-7.903089986991944
136468.356	50	0.64	-7.903089986991944
136795.332	50	0.645	-7.903089986991944
137395.429	50	0.65	-7.903089986991944
137877.579	50	0.655	-7.903089986991944
138487.665	50	0.66	-7.903089986991944
139345.765	50	0.665	-7.903089986991944
139805.873	50	0.67	-7.903089986991944
140310.178	50	0.675	-7.903089986991944
140779.255	50	0.68	-7.903089986991944
140898.214	50	0.685	-7.903089986991944
141142.853	50	0.69	-7.903089986991944
141730.029	50	0.695	-7.903089986991944
142216.467	50	0.7	-7.903089986991944
142785.579	50	0.705	-7.903089986991944
143853.49	50	0.71	-7.903089986991944
144292.3	50	0.715	-7.903089986991944
144852.8	50	0.72	-7.903089986991944
145798.333	50	0.725	-7.903089986991944
146678.407	50	0.73	-7.903089986991944
147172.15	50	0.735	-7.903089986991944
147644.8	50	0.74	-7.903089986991944
148035.751	50	0.745	-7.903089986991944
148694.318	50	0.75	-7.903089986991944
149454.673	50	0.755	-7.903089986991944
150016.686	50	0.76	-7.903089986991944
150384.893	50	0.765	-7.903089986991944
151094.753	50	0.77	-7.903089986991944
151956.111	50	0.775	-7.903089986991944
152229.933	50	0.78	-7.903089986991944
153189.233	50	0.785	-7.903089986991944
153791.733	50	0.79	-7.903089986991944
154223.94	50	0.795	-7.903089986991944
154529.8	50	0.8	-7.903089986991944
155194.867	50	0.805	-7.903089986991944
155754.073	50	0.81	-7.903089986991944
156070.905	50	0.815	-7.903089986991944
156920.0	50	0.82	-7.903089986991944
157607.508	50	0.825	-7.903089986991944
158298.25	50	0.83	-7.903089986991944
158839.504	50	0.835	-7.903089986991944
159755.844	50	0.84	-7.903089986991944
160638.467	50	0.845	-7.903089986991944
161166.7	50	0.85	-7.903089986991944
162161.294	50	0.855	-7.903089986991944
163505.689	50	0.86	-7.903089986991944
164411.6	50	0.865	-7.903089986991944
165495.867	50	0.87	-7.903089986991944
165727.5	50	0.875	-7.903089986991944
166825.28	50	0.88	-7.903089986991944
167675.483	50	0.885	-7.903089986991944
169383.8	50	0.89	-7.903089986991944
169962.5	50	0.895	-7.903089986991944
170710.0	50	0.9	-7.903089986991944
171735.714	50	0.905	-7.903089986991944
172440.461	50	0.91	-7.903089986991944
173240.7	50	0.915	-7.903089986991944
174617.867	50	0.92	-7.903089986991944
175673.754	50	0.925	-7.903089986991944
177152.889	50	0.93	-7.903089986991944
179175.85	50	0.935	-7.903089986991944
179874.4	50	0.94	-7.903089986991944
180464.219	50	0.945	-7.903089986991944
182154.5	50	0.95	-7.903089986991944
183167.4	50	0.955	-7.903089986991944
185227.733	50	0.96	-7.903089986991944
185709.27	50	0.965	-7.903089986991944
187288.933	50	0.97	-7.903089986991944
189259.8	50	0.975	-7.903089986991944
196896.343	50	0.98	-7.903089986991944
200933.793	50	0.985	-7.903089986991944
206094.0	50	0.99	-7.903089986991944
220149.9	50	0.995	-7.903089986991944
128026.583	75	0.5	-7.903089986991944
128597.231	75	0.505	-7.903089986991944
128908.875	75	0.51	-7.903089986991944
129233.933	75	0.515	-7.903089986991944
129744.648	75	0.52	-7.903089986991944
130009.246	75	0.525	-7.903089986991944
130367.607	75	0.53	-7.903089986991944
130739.54	75	0.535	-7.903089986991944
131135.051	75	0.54	-7.903089986991944
131666.923	75	0.545	-7.903089986991944
132143.714	75	0.55	-7.903089986991944
132729.155	75	0.555	-7.903089986991944
133064.996	75	0.56	-7.903089986991944
133273.49	75	0.565	-7.903089986991944
133440.843	75	0.57	-7.903089986991944
133611.717	75	0.575	-7.903089986991944
134214.18	75	0.58	-7.903089986991944
134376.165	75	0.585	-7.903089986991944
134816.715	75	0.59	-7.903089986991944
135150.3	75	0.595	-7.903089986991944
135486.545	75	0.6	-7.903089986991944
136071.846	75	0.605	-7.903089986991944
136536.106	75	0.61	-7.903089986991944
137096.785	75	0.615	-7.903089986991944
137325.84	75	0.62	-7.903089986991944
137995.064	75	0.625	-7.903089986991944
138278.412	75	0.63	-7.903089986991944
138870.166	75	0.635	-7.903089986991944
139404.0	75	0.64	-7.903089986991944
140284.96	75	0.645	-7.903089986991944
140696.667	75	0.65	-7.903089986991944
141184.058	75	0.655	-7.903089986991944
141281.017	75	0.66	-7.903089986991944
141711.863	75	0.665	-7.903089986991944
142380.133	75	0.67	-7.903089986991944
142581.671	75	0.675	-7.903089986991944
142874.658	75	0.68	-7.903089986991944
143219.486	75	0.685	-7.903089986991944
143886.736	75	0.69	-7.903089986991944
144125.9	75	0.695	-7.903089986991944
144833.877	75	0.7	-7.903089986991944
145402.294	75	0.705	-7.903089986991944
145757.66	75	0.71	-7.903089986991944
146277.694	75	0.715	-7.903089986991944
146506.674	75	0.72	-7.903089986991944
147050.919	75	0.725	-7.903089986991944
147259.943	75	0.73	-7.903089986991944
147573.864	75	0.735	-7.903089986991944
147896.472	75	0.74	-7.903089986991944
148376.075	75	0.745	-7.903089986991944
148877.396	75	0.75	-7.903089986991944
149400.325	75	0.755	-7.903089986991944
149925.973	75	0.76	-7.903089986991944
150509.15	75	0.765	-7.903089986991944
151117.97	75	0.77	-7.903089986991944
151392.143	75	0.775	-7.903089986991944
151729.444	75	0.78	-7.903089986991944
152356.336	75	0.785	-7.903089986991944
152862.393	75	0.79	-7.903089986991944
153455.665	75	0.795	-7.903089986991944
153992.489	75	0.8	-7.903089986991944
154143.495	75	0.805	-7.903089986991944
154604.514	75	0.81	-7.903089986991944
154978.995	75	0.815	-7.903089986991944
155500.627	75	0.82	-7.903089986991944
156113.972	75	0.825	-7.903089986991944
156529.067	75	0.83	-7.903089986991944
157652.4	75	0.835	-7.903089986991944
158159.114	75	0.84	-7.903089986991944
158773.434	75	0.845	-7.903089986991944
160051.733	75	0.85	-7.903089986991944
160926.093	75	0.855	-7.903089986991944
161384.8	75	0.86	-7.903089986991944
161777.773	75	0.865	-7.903089986991944
162783.775	75	0.87	-7.903089986991944
163545.946	75	0.875	-7.903089986991944
163809.118	75	0.88	-7.903089986991944
164751.576	75	0.885	-7.903089986991944
165269.946	75	0.89	-7.903089986991944
166505.942	75	0.895	-7.903089986991944
167196.889	75	0.9	-7.903089986991944
168521.065	75	0.905	-7.903089986991944
169951.415	75	0.91	-7.903089986991944
171080.0	75	0.915	-7.903089986991944
172467.086	75	0.92	-7.903089986991944
172963.536	75	0.925	-7.903089986991944
174255.031	75	0.93	-7.903089986991944
175620.304	75	0.935	-7.903089986991944
176269.696	75	0.94	-7.903089986991944
178884.382	75	0.945	-7.903089986991944
181238.286	75	0.95	-7.903089986991944
183511.076	75	0.955	-7.903089986991944
184966.7	75	0.96	-7.903089986991944
187038.6	75	0.965	-7.903089986991944
190789.872	75	0.97	-7.903089986991944
196712.372	75	0.975	-7.903089986991944
200869.76	75	0.98	-7.903089986991944
208057.998	75	0.985	-7.903089986991944
222614.334	75	0.99	-7.903089986991944
248500.034	75	0.995	-7.903089986991944
138816.909	100	0.5	-7.903089986991944
139210.943	100	0.505	-7.903089986991944
139612.355	100	0.51	-7.903089986991944
139945.61	100	0.515	-7.903089986991944
140036.234	100	0.52	-7.903089986991944
140511.748	100	0.525	-7.903089986991944
140854.766	100	0.53	-7.903089986991944
141308.259	100	0.535	-7.903089986991944
141571.309	100	0.54	-7.903089986991944
141867.261	100	0.545	-7.903089986991944
142144.579	100	0.55	-7.903089986991944
142616.97	100	0.555	-7.903089986991944
143028.827	100	0.56	-7.903089986991944
143362.372	100	0.565	-7.903089986991944
143664.75	100	0.57	-7.903089986991944
143781.488	100	0.575	-7.903089986991944
144324.65	100	0.58	-7.903089986991944
144705.601	100	0.585	-7.903089986991944
144773.098	100	0.59	-7.903089986991944
145310.727	100	0.595	-7.903089986991944
145586.2	100	0.6	-7.903089986991944
145812.008	100	0.605	-7.903089986991944
146496.6	100	0.61	-7.903089986991944
146793.605	100	0.615	-7.903089986991944
146997.358	100	0.62	-7.903089986991944
147497.521	100	0.625	-7.903089986991944
147922.886	100	0.63	-7.903089986991944
148157.682	100	0.635	-7.903089986991944
148583.895	100	0.64	-7.903089986991944
148979.799	100	0.645	-7.903089986991944
149578.213	100	0.65	-7.903089986991944
149961.044	100	0.655	-7.903089986991944
150782.04	100	0.66	-7.903089986991944
151013.308	100	0.665	-7.903089986991944
151536.055	100	0.67	-7.903089986991944
151859.134	100	0.675	-7.903089986991944
152176.706	100	0.68	-7.903089986991944
152597.25	100	0.685	-7.903089986991944
153044.608	100	0.69	-7.903089986991944
153380.415	100	0.695	-7.903089986991944
154093.493	100	0.7	-7.903089986991944
154536.206	100	0.705	-7.903089986991944
154701.347	100	0.71	-7.903089986991944
155067.78	100	0.715	-7.903089986991944
156115.617	100	0.72	-7.903089986991944
156471.885	100	0.725	-7.903089986991944
157116.532	100	0.73	-7.903089986991944
157802.882	100	0.735	-7.903089986991944
158322.257	100	0.74	-7.903089986991944
158683.765	100	0.745	-7.903089986991944
159097.621	100	0.75	-7.903089986991944
159495.013	100	0.755	-7.903089986991944
160209.865	100	0.76	-7.903089986991944
160939.76	100	0.765	-7.903089986991944
161272.665	100	0.77	-7.903089986991944
161787.857	100	0.775	-7.903089986991944
162043.969	100	0.78	-7.903089986991944
162549.529	100	0.785	-7.903089986991944
162641.487	100	0.79	-7.903089986991944
163170.822	100	0.795	-7.903089986991944
163900.114	100	0.8	-7.903089986991944
164157.446	100	0.805	-7.903089986991944
164875.457	100	0.81	-7.903089986991944
165316.78	100	0.815	-7.903089986991944
166497.257	100	0.82	-7.903089986991944
167319.041	100	0.825	-7.903089986991944
168363.877	100	0.83	-7.903089986991944
168955.555	100	0.835	-7.903089986991944
169147.462	100	0.84	-7.903089986991944
170232.263	100	0.845	-7.903089986991944
170495.0	100	0.85	-7.903089986991944
170966.907	100	0.855	-7.903089986991944
171233.481	100	0.86	-7.903089986991944
172243.068	100	0.865	-7.903089986991944
173142.002	100	0.87	-7.903089986991944
173507.292	100	0.875	-7.903089986991944
174359.24	100	0.88	-7.903089986991944
175013.964	100	0.885	-7.903089986991944
175804.714	100	0.89	-7.903089986991944
177049.762	100	0.895	-7.903089986991944
178138.96	100	0.9	-7.903089986991944
179860.959	100	0.905	-7.903089986991944
181427.341	100	0.91	-7.903089986991944
182670.614	100	0.915	-7.903089986991944
183959.017	100	0.92	-7.903089986991944
185642.429	100	0.925	-7.903089986991944
185970.573	100	0.93	-7.903089986991944
187268.222	100	0.935	-7.903089986991944
188176.743	100	0.94	-7.903089986991944
189750.636	100	0.945	-7.903089986991944
190787.927	100	0.95	-7.903089986991944
193917.955	100	0.955	-7.903089986991944
196718.895	100	0.96	-7.903089986991944
199873.757	100	0.965	-7.903089986991944
202916.229	100	0.97	-7.903089986991944
205228.429	100	0.975	-7.903089986991944
213907.714	100	0.98	-7.903089986991944
224580.064	100	0.985	-7.903089986991944
242983.918	100	0.99	-7.903089986991944
268216.612	100	0.995	-7.903089986991944
146177.571	125	0.5	-7.903089986991944
146403.513	125	0.505	-7.903089986991944
147332.014	125	0.51	-7.903089986991944
147591.725	125	0.515	-7.903089986991944
148100.069	125	0.52	-7.903089986991944
148630.154	125	0.525	-7.903089986991944
149461.048	125	0.53	-7.903089986991944
149627.046	125	0.535	-7.903089986991944
150053.096	125	0.54	-7.903089986991944
150397.97	125	0.545	-7.903089986991944
150783.857	125	0.55	-7.903089986991944
151598.183	125	0.555	-7.903089986991944
152514.114	125	0.56	-7.903089986991944
152890.095	125	0.565	-7.903089986991944
153139.9	125	0.57	-7.903089986991944
153400.182	125	0.575	-7.903089986991944
153891.954	125	0.58	-7.903089986991944
154413.581	125	0.585	-7.903089986991944
154797.773	125	0.59	-7.903089986991944
155388.84	125	0.595	-7.903089986991944
155907.855	125	0.6	-7.903089986991944
156641.133	125	0.605	-7.903089986991944
156921.63	125	0.61	-7.903089986991944
157199.116	125	0.615	-7.903089986991944
157556.489	125	0.62	-7.903089986991944
157913.125	125	0.625	-7.903089986991944
158668.985	125	0.63	-7.903089986991944
159072.438	125	0.635	-7.903089986991944
159803.727	125	0.64	-7.903089986991944
160341.432	125	0.645	-7.903089986991944
160550.178	125	0.65	-7.903089986991944
161004.192	125	0.655	-7.903089986991944
161477.267	125	0.66	-7.903089986991944
161937.523	125	0.665	-7.903089986991944
162356.198	125	0.67	-7.903089986991944
162678.516	125	0.675	-7.903089986991944
162970.64	125	0.68	-7.903089986991944
163302.843	125	0.685	-7.903089986991944
163575.789	125	0.69	-7.903089986991944
164279.6	125	0.695	-7.903089986991944
164842.529	125	0.7	-7.903089986991944
165316.246	125	0.705	-7.903089986991944
165596.422	125	0.71	-7.903089986991944
165852.038	125	0.715	-7.903089986991944
166227.568	125	0.72	-7.903089986991944
166719.282	125	0.725	-7.903089986991944
167218.17	125	0.73	-7.903089986991944
167571.156	125	0.735	-7.903089986991944
167999.113	125	0.74	-7.903089986991944
168457.186	125	0.745	-7.903089986991944
169367.929	125	0.75	-7.903089986991944
169843.815	125	0.755	-7.903089986991944
170268.44	125	0.76	-7.903089986991944
170586.614	125	0.765	-7.903089986991944
170906.585	125	0.77	-7.903089986991944
171395.741	125	0.775	-7.903089986991944
171685.384	125	0.78	-7.903089986991944
172107.49	125	0.785	-7.903089986991944
172808.056	125	0.79	-7.903089986991944
173172.392	125	0.795	-7.903089986991944
174096.379	125	0.8	-7.903089986991944
175053.4	125	0.805	-7.903089986991944
175829.914	125	0.81	-7.903089986991944
176529.712	125	0.815	-7.903089986991944
177187.7	125	0.82	-7.903089986991944
177558.047	125	0.825	-7.903089986991944
178837.267	125	0.83	-7.903089986991944
179208.447	125	0.835	-7.903089986991944
179807.323	125	0.84	-7.903089986991944
181309.466	125	0.845	-7.903089986991944
181802.708	125	0.85	-7.903089986991944
182258.209	125	0.855	-7.903089986991944
182944.489	125	0.86	-7.903089986991944
183794.802	125	0.865	-7.903089986991944
184265.943	125	0.87	-7.903089986991944
184903.929	125	0.875	-7.903089986991944
185787.157	125	0.88	-7.903089986991944
187424.785	125	0.885	-7.903089986991944
188056.95	125	0.89	-7.903089986991944
188876.418	125	0.895	-7.903089986991944
189855.779	125	0.9	-7.903089986991944
190789.686	125	0.905	-7.903089986991944
191330.067	125	0.91	-7.903089986991944
191720.906	125	0.915	-7.903089986991944
192073.296	125	0.92	-7.903089986991944
193249.417	125	0.925	-7.903089986991944
194218.255	125	0.93	-7.903089986991944
196499.0	125	0.935	-7.903089986991944
197869.92	125	0.94	-7.903089986991944
199171.646	125	0.945	-7.903089986991944
200240.799	125	0.95	-7.903089986991944
202022.414	125	0.955	-7.903089986991944
204624.825	125	0.96	-7.903089986991944
206339.15	125	0.965	-7.903089986991944
210595.467	125	0.97	-7.903089986991944
214478.394	125	0.975	-7.903089986991944
222143.131	125	0.98	-7.903089986991944
226669.916	125	0.985	-7.903089986991944
238337.145	125	0.99	-7.903089986991944
253232.662	125	0.995	-7.903089986991944
156482.381	150	0.5	-7.903089986991944
157343.471	150	0.505	-7.903089986991944
157682.5	150	0.51	-7.903089986991944
157966.39	150	0.515	-7.903089986991944
158484.862	150	0.52	-7.903089986991944
158750.893	150	0.525	-7.903089986991944
159080.844	150	0.53	-7.903089986991944
159556.706	150	0.535	-7.903089986991944
160444.969	150	0.54	-7.903089986991944
160834.282	150	0.545	-7.903089986991944
161327.911	150	0.55	-7.903089986991944
161730.496	150	0.555	-7.903089986991944
161917.455	150	0.56	-7.903089986991944
162166.5	150	0.565	-7.903089986991944
162663.893	150	0.57	-7.903089986991944
162982.625	150	0.575	-7.903089986991944
163417.597	150	0.58	-7.903089986991944
163682.225	150	0.585	-7.903089986991944
164050.717	150	0.59	-7.903089986991944
164259.622	150	0.595	-7.903089986991944
164529.308	150	0.6	-7.903089986991944
165121.538	150	0.605	-7.903089986991944
165281.592	150	0.61	-7.903089986991944
165849.296	150	0.615	-7.903089986991944
166269.068	150	0.62	-7.903089986991944
166498.379	150	0.625	-7.903089986991944
166804.75	150	0.63	-7.903089986991944
167224.654	150	0.635	-7.903089986991944
167500.857	150	0.64	-7.903089986991944
167817.121	150	0.645	-7.903089986991944
168100.903	150	0.65	-7.903089986991944
168391.75	150	0.655	-7.903089986991944
168680.48	150	0.66	-7.903089986991944
168938.964	150	0.665	-7.903089986991944
169271.5	150	0.67	-7.903089986991944
170279.873	150	0.675	-7.903089986991944
170924.392	150	0.68	-7.903089986991944
171436.602	150	0.685	-7.903089986991944
171791.408	150	0.69	-7.903089986991944
172157.568	150	0.695	-7.903089986991944
172748.462	150	0.7	-7.903089986991944
173202.088	150	0.705	-7.903089986991944
173512.571	150	0.71	-7.903089986991944
174090.502	150	0.715	-7.903089986991944
174801.744	150	0.72	-7.903089986991944
175142.962	150	0.725	-7.903089986991944
175432.014	150	0.73	-7.903089986991944
176028.179	150	0.735	-7.903089986991944
176543.545	150	0.74	-7.903089986991944
177117.126	150	0.745	-7.903089986991944
177903.589	150	0.75	-7.903089986991944
178308.01	150	0.755	-7.903089986991944
178605.676	150	0.76	-7.903089986991944
179052.417	150	0.765	-7.903089986991944
179500.191	150	0.77	-7.903089986991944
180041.181	150	0.775	-7.903089986991944
180522.582	150	0.78	-7.903089986991944
181245.308	150	0.785	-7.903089986991944
181851.088	150	0.79	-7.903089986991944
182814.688	150	0.795	-7.903089986991944
183386.385	150	0.8	-7.903089986991944
184287.057	150	0.805	-7.903089986991944
184622.63	150	0.81	-7.903089986991944
185068.11	150	0.815	-7.903089986991944
185722.344	150	0.82	-7.903089986991944
186225.786	150	0.825	-7.903089986991944
186786.204	150	0.83	-7.903089986991944
187295.43	150	0.835	-7.903089986991944
187763.455	150	0.84	-7.903089986991944
188930.234	150	0.845	-7.903089986991944
189759.058	150	0.85	-7.903089986991944
190718.577	150	0.855	-7.903089986991944
191291.05	150	0.86	-7.903089986991944
192179.536	150	0.865	-7.903089986991944
192857.039	150	0.87	-7.903089986991944
193679.725	150	0.875	-7.903089986991944
194395.343	150	0.88	-7.903089986991944
195859.65	150	0.885	-7.903089986991944
197104.604	150	0.89	-7.903089986991944
197620.566	150	0.895	-7.903089986991944
198684.286	150	0.9	-7.903089986991944
199554.609	150	0.905	-7.903089986991944
200239.214	150	0.91	-7.903089986991944
202634.643	150	0.915	-7.903089986991944
203947.393	150	0.92	-7.903089986991944
207867.955	150	0.925	-7.903089986991944
208761.17	150	0.93	-7.903089986991944
210308.682	150	0.935	-7.903089986991944
211328.55	150	0.94	-7.903089986991944
213732.625	150	0.945	-7.903089986991944
215258.095	150	0.95	-7.903089986991944
217448.607	150	0.955	-7.903089986991944
220481.538	150	0.96	-7.903089986991944
221364.15	150	0.965	-7.903089986991944
224417.464	150	0.97	-7.903089986991944
230487.893	150	0.975	-7.903089986991944
236491.022	150	0.98	-7.903089986991944
240916.9	150	0.985	-7.903089986991944
247797.452	150	0.99	-7.903089986991944
320377.93	150	0.995	-7.903089986991944
168941.03	175	0.5	-7.903089986991944
169316.407	175	0.505	-7.903089986991944
169725.42	175	0.51	-7.903089986991944
170088.319	175	0.515	-7.903089986991944
170697.333	175	0.52	-7.903089986991944
171295.769	175	0.525	-7.903089986991944
171700.567	175	0.53	-7.903089986991944
172039.584	175	0.535	-7.903089986991944
172244.283	175	0.54	-7.903089986991944
172709.937	175	0.545	-7.903089986991944
173300.846	175	0.55	-7.903089986991944
173601.484	175	0.555	-7.903089986991944
174127.145	175	0.56	-7.903089986991944
174615.682	175	0.565	-7.903089986991944
174860.443	175	0.57	-7.903089986991944
175687.6	175	0.575	-7.903089986991944
176202.529	175	0.58	-7.903089986991944
176508.371	175	0.585	-7.903089986991944
176925.01	175	0.59	-7.903089986991944
177208.835	175	0.595	-7.903089986991944
177623.376	175	0.6	-7.903089986991944
177900.13	175	0.605	-7.903089986991944
178102.082	175	0.61	-7.903089986991944
178515.529	175	0.615	-7.903089986991944
179033.971	175	0.62	-7.903089986991944
179521.566	175	0.625	-7.903089986991944
179792.657	175	0.63	-7.903089986991944
180363.99	175	0.635	-7.903089986991944
180663.447	175	0.64	-7.903089986991944
180846.186	175	0.645	-7.903089986991944
181617.192	175	0.65	-7.903089986991944
181832.411	175	0.655	-7.903089986991944
182443.371	175	0.66	-7.903089986991944
183294.415	175	0.665	-7.903089986991944
183843.471	175	0.67	-7.903089986991944
184070.874	175	0.675	-7.903089986991944
184416.96	175	0.68	-7.903089986991944
184904.676	175	0.685	-7.903089986991944
185551.462	175	0.69	-7.903089986991944
185760.372	175	0.695	-7.903089986991944
186193.538	175	0.7	-7.903089986991944
186482.191	175	0.705	-7.903089986991944
186772.915	175	0.71	-7.903089986991944
186989.57	175	0.715	-7.903089986991944
187310.151	175	0.72	-7.903089986991944
187687.593	175	0.725	-7.903089986991944
187981.928	175	0.73	-7.903089986991944
188352.492	175	0.735	-7.903089986991944
189481.495	175	0.74	-7.903089986991944
189866.688	175	0.745	-7.903089986991944
190322.964	175	0.75	-7.903089986991944
190993.893	175	0.755	-7.903089986991944
191852.782	175	0.76	-7.903089986991944
192271.536	175	0.765	-7.903089986991944
192689.418	175	0.77	-7.903089986991944
193221.847	175	0.775	-7.903089986991944
193646.161	175	0.78	-7.903089986991944
194365.609	175	0.785	-7.903089986991944
194614.337	175	0.79	-7.903089986991944
195149.482	175	0.795	-7.903089986991944
195658.911	175	0.8	-7.903089986991944
196102.215	175	0.805	-7.903089986991944
196661.129	175	0.81	-7.903089986991944
197198.626	175	0.815	-7.903089986991944
198132.58	175	0.82	-7.903089986991944
198530.071	175	0.825	-7.903089986991944
198831.159	175	0.83	-7.903089986991944
200033.386	175	0.835	-7.903089986991944
200733.663	175	0.84	-7.903089986991944
201597.25	175	0.845	-7.903089986991944
202801.857	175	0.85	-7.903089986991944
203710.548	175	0.855	-7.903089986991944
204395.98	175	0.86	-7.903089986991944
204524.994	175	0.865	-7.903089986991944
205531.566	175	0.87	-7.903089986991944
206068.405	175	0.875	-7.903089986991944
206913.398	175	0.88	-7.903089986991944
208082.523	175	0.885	-7.903089986991944
208753.721	175	0.89	-7.903089986991944
209373.879	175	0.895	-7.903089986991944
210587.336	175	0.9	-7.903089986991944
211742.507	175	0.905	-7.903089986991944
213165.321	175	0.91	-7.903089986991944
214228.357	175	0.915	-7.903089986991944
215048.887	175	0.92	-7.903089986991944
216231.331	175	0.925	-7.903089986991944
217338.039	175	0.93	-7.903089986991944
220169.162	175	0.935	-7.903089986991944
221640.253	175	0.94	-7.903089986991944
224593.714	175	0.945	-7.903089986991944
227626.792	175	0.95	-7.903089986991944
231831.665	175	0.955	-7.903089986991944
235952.38	175	0.96	-7.903089986991944
239192.03	175	0.965	-7.903089986991944
242633.657	175	0.97	-7.903089986991944
250533.357	175	0.975	-7.903089986991944
255257.94	175	0.98	-7.903089986991944
263916.962	175	0.985	-7.903089986991944
266104.444	175	0.99	-7.903089986991944
281997.829	175	0.995	-7.903089986991944
179034.25	200	0.5	-7.903089986991944
179436.823	200	0.505	-7.903089986991944
179786.897	200	0.51	-7.903089986991944
180202.993	200	0.515	-7.903089986991944
180683.26	200	0.52	-7.903089986991944
181062.784	200	0.525	-7.903089986991944
181222.029	200	0.53	-7.903089986991944
181805.077	200	0.535	-7.903089986991944
182055.682	200	0.54	-7.903089986991944
182492.728	200	0.545	-7.903089986991944
182689.449	200	0.55	-7.903089986991944
183435.459	200	0.555	-7.903089986991944
183660.547	200	0.56	-7.903089986991944
184074.971	200	0.565	-7.903089986991944
184801.545	200	0.57	-7.903089986991944
184983.309	200	0.575	-7.903089986991944
185104.705	200	0.58	-7.903089986991944
185459.144	200	0.585	-7.903089986991944
185927.323	200	0.59	-7.903089986991944
186105.85	200	0.595	-7.903089986991944
186326.805	200	0.6	-7.903089986991944
186902.118	200	0.605	-7.903089986991944
187573.143	200	0.61	-7.903089986991944
187885.657	200	0.615	-7.903089986991944
188228.338	200	0.62	-7.903089986991944
188731.763	200	0.625	-7.903089986991944
188838.571	200	0.63	-7.903089986991944
189486.279	200	0.635	-7.903089986991944
190078.137	200	0.64	-7.903089986991944
190428.211	200	0.645	-7.903089986991944
190933.345	200	0.65	-7.903089986991944
191192.882	200	0.655	-7.903089986991944
191441.413	200	0.66	-7.903089986991944
191929.397	200	0.665	-7.903089986991944
192278.817	200	0.67	-7.903089986991944
192533.447	200	0.675	-7.903089986991944
193083.676	200	0.68	-7.903089986991944
193527.038	200	0.685	-7.903089986991944
194124.916	200	0.69	-7.903089986991944
194543.193	200	0.695	-7.903089986991944
194920.864	200	0.7	-7.903089986991944
195133.368	200	0.705	-7.903089986991944
195504.029	200	0.71	-7.903089986991944
195936.514	200	0.715	-7.903089986991944
196258.382	200	0.72	-7.903089986991944
196635.352	200	0.725	-7.903089986991944
197118.3	200	0.73	-7.903089986991944
197813.365	200	0.735	-7.903089986991944
197964.71	200	0.74	-7.903089986991944
198153.6	200	0.745	-7.903089986991944
198413.951	200	0.75	-7.903089986991944
199250.487	200	0.755	-7.903089986991944
199787.846	200	0.76	-7.903089986991944
200504.764	200	0.765	-7.903089986991944
201255.563	200	0.77	-7.903089986991944
201567.696	200	0.775	-7.903089986991944
201814.2	200	0.78	-7.903089986991944
202307.189	200	0.785	-7.903089986991944
202789.058	200	0.79	-7.903089986991944
203462.773	200	0.795	-7.903089986991944
204173.558	200	0.8	-7.903089986991944
204810.351	200	0.805	-7.903089986991944
205132.118	200	0.81	-7.903089986991944
205559.2	200	0.815	-7.903089986991944
206026.451	200	0.82	-7.903089986991944
206601.677	200	0.825	-7.903089986991944
206983.088	200	0.83	-7.903089986991944
207493.64	200	0.835	-7.903089986991944
208023.649	200	0.84	-7.903089986991944
208321.212	200	0.845	-7.903089986991944
209631.214	200	0.85	-7.903089986991944
210108.99	200	0.855	-7.903089986991944
211574.508	200	0.86	-7.903089986991944
212246.943	200	0.865	-7.903089986991944
213501.477	200	0.87	-7.903089986991944
214339.589	200	0.875	-7.903089986991944
215274.057	200	0.88	-7.903089986991944
215649.701	200	0.885	-7.903089986991944
216696.25	200	0.89	-7.903089986991944
217606.534	200	0.895	-7.903089986991944
218184.636	200	0.9	-7.903089986991944
219318.678	200	0.905	-7.903089986991944
221379.629	200	0.91	-7.903089986991944
222638.557	200	0.915	-7.903089986991944
224864.085	200	0.92	-7.903089986991944
226035.434	200	0.925	-7.903089986991944
227794.317	200	0.93	-7.903089986991944
230019.126	200	0.935	-7.903089986991944
232276.494	200	0.94	-7.903089986991944
234157.446	200	0.945	-7.903089986991944
236978.375	200	0.95	-7.903089986991944
239667.147	200	0.955	-7.903089986991944
241154.574	200	0.96	-7.903089986991944
246331.885	200	0.965	-7.903089986991944
251595.559	200	0.97	-7.903089986991944
260096.464	200	0.975	-7.903089986991944
263934.67	200	0.98	-7.903089986991944
275778.256	200	0.985	-7.903089986991944
295144.69	200	0.99	-7.903089986991944
314044.822	200	0.995	-7.903089986991944
186897.25	225	0.5	-7.903089986991944
187155.305	225	0.505	-7.903089986991944
187707.621	225	0.51	-7.903089986991944
188029.582	225	0.515	-7.903089986991944
188439.18	225	0.52	-7.903089986991944
188889.806	225	0.525	-7.903089986991944
189332.966	225	0.53	-7.903089986991944
189740.539	225	0.535	-7.903089986991944
190014.6	225	0.54	-7.903089986991944
190556.931	225	0.545	-7.903089986991944
190804.929	225	0.55	-7.903089986991944
190961.718	225	0.555	-7.903089986991944
191347.24	225	0.56	-7.903089986991944
191652.981	225	0.565	-7.903089986991944
191980.587	225	0.57	-7.903089986991944
192118.423	225	0.575	-7.903089986991944
192618.785	225	0.58	-7.903089986991944
192891.385	225	0.585	-7.903089986991944
193055.962	225	0.59	-7.903089986991944
193358.826	225	0.595	-7.903089986991944
193707.169	225	0.6	-7.903089986991944
194333.764	225	0.605	-7.903089986991944
194693.922	225	0.61	-7.903089986991944
195017.602	225	0.615	-7.903089986991944
195438.865	225	0.62	-7.903089986991944
195664.67	225	0.625	-7.903089986991944
195996.598	225	0.63	-7.903089986991944
196136.298	225	0.635	-7.903089986991944
196408.949	225	0.64	-7.903089986991944
196702.379	225	0.645	-7.903089986991944
196950.336	225	0.65	-7.903089986991944
197282.286	225	0.655	-7.903089986991944
197621.821	225	0.66	-7.903089986991944
198180.088	225	0.665	-7.903089986991944
198666.287	225	0.67	-7.903089986991944
199649.832	225	0.675	-7.903089986991944
200301.401	225	0.68	-7.903089986991944
200794.07	225	0.685	-7.903089986991944
200966.184	225	0.69	-7.903089986991944
201445.763	225	0.695	-7.903089986991944
201757.615	225	0.7	-7.903089986991944
201968.285	225	0.705	-7.903089986991944
202055.267	225	0.71	-7.903089986991944
202526.985	225	0.715	-7.903089986991944
202864.346	225	0.72	-7.903089986991944
203218.225	225	0.725	-7.903089986991944
203344.085	225	0.73	-7.903089986991944
203791.1	225	0.735	-7.903089986991944
204104.857	225	0.74	-7.903089986991944
204509.954	225	0.745	-7.903089986991944
205061.002	225	0.75	-7.903089986991944
205490.297	225	0.755	-7.903089986991944
205867.371	225	0.76	-7.903089986991944
206418.214	225	0.765	-7.903089986991944
207031.731	225	0.77	-7.903089986991944
207601.692	225	0.775	-7.903089986991944
208161.571	225	0.78	-7.903089986991944
208775.102	225	0.785	-7.903089986991944
209225.159	225	0.79	-7.903089986991944
210275.471	225	0.795	-7.903089986991944
211297.143	225	0.8	-7.903089986991944
212075.58	225	0.805	-7.903089986991944
213004.372	225	0.81	-7.903089986991944
213424.916	225	0.815	-7.903089986991944
213894.729	225	0.82	-7.903089986991944
214542.977	225	0.825	-7.903089986991944
215125.6	225	0.83	-7.903089986991944
216951.974	225	0.835	-7.903089986991944
217656.743	225	0.84	-7.903089986991944
218375.4	225	0.845	-7.903089986991944
219291.479	225	0.85	-7.903089986991944
220137.343	225	0.855	-7.903089986991944
220710.079	225	0.86	-7.903089986991944
221437.112	225	0.865	-7.903089986991944
222223.524	225	0.87	-7.903089986991944
223376.964	225	0.875	-7.903089986991944
224486.743	225	0.88	-7.903089986991944
225059.694	225	0.885	-7.903089986991944
226284.299	225	0.89	-7.903089986991944
227106.236	225	0.895	-7.903089986991944
227627.636	225	0.9	-7.903089986991944
228287.453	225	0.905	-7.903089986991944
229252.0	225	0.91	-7.903089986991944
231559.609	225	0.915	-7.903089986991944
232302.975	225	0.92	-7.903089986991944
233403.679	225	0.925	-7.903089986991944
237604.809	225	0.93	-7.903089986991944
238868.05	225	0.935	-7.903089986991944
243469.363	225	0.94	-7.903089986991944
244410.429	225	0.945	-7.903089986991944
247126.207	225	0.95	-7.903089986991944
249767.66	225	0.955	-7.903089986991944
255785.417	225	0.96	-7.903089986991944
265154.039	225	0.965	-7.903089986991944
270271.4	225	0.97	-7.903089986991944
279204.195	225	0.975	-7.903089986991944
288865.803	225	0.98	-7.903089986991944
292764.704	225	0.985	-7.903089986991944
317496.702	225	0.99	-7.903089986991944
360193.628	225	0.995	-7.903089986991944
192970.714	250	0.5	-7.903089986991944
193396.996	250	0.505	-7.903089986991944
193999.987	250	0.51	-7.903089986991944
194602.056	250	0.515	-7.903089986991944
195184.343	250	0.52	-7.903089986991944
195709.475	250	0.525	-7.903089986991944
196049.886	250	0.53	-7.903089986991944
196720.69	250	0.535	-7.903089986991944
197784.713	250	0.54	-7.903089986991944
198578.132	250	0.545	-7.903089986991944
199173.286	250	0.55	-7.903089986991944
199709.742	250	0.555	-7.903089986991944
200042.211	250	0.56	-7.903089986991944
200534.371	250	0.565	-7.903089986991944
200774.869	250	0.57	-7.903089986991944
201311.918	250	0.575	-7.903089986991944
201687.04	250	0.58	-7.903089986991944
202021.066	250	0.585	-7.903089986991944
202608.071	250	0.59	-7.903089986991944
202923.392	250	0.595	-7.903089986991944
203210.829	250	0.6	-7.903089986991944
203609.85	250	0.605	-7.903089986991944
203957.699	250	0.61	-7.903089986991944
204585.79	250	0.615	-7.903089986991944
205274.53	250	0.62	-7.903089986991944
205658.438	250	0.625	-7.903089986991944
205927.445	250	0.63	-7.903089986991944
206226.185	250	0.635	-7.903089986991944
206432.411	250	0.64	-7.903089986991944
207141.005	250	0.645	-7.903089986991944
207376.768	250	0.65	-7.903089986991944
207558.821	250	0.655	-7.903089986991944
207751.689	250	0.66	-7.903089986991944
208158.7	250	0.665	-7.903089986991944
209060.327	250	0.67	-7.903089986991944
209319.977	250	0.675	-7.903089986991944
209706.971	250	0.68	-7.903089986991944
210390.472	250	0.685	-7.903089986991944
210729.379	250	0.69	-7.903089986991944
210974.671	250	0.695	-7.903089986991944
211722.857	250	0.7	-7.903089986991944
212160.228	250	0.705	-7.903089986991944
212485.3	250	0.71	-7.903089986991944
213130.05	250	0.715	-7.903089986991944
213390.649	250	0.72	-7.903089986991944
213895.071	250	0.725	-7.903089986991944
214598.548	250	0.73	-7.903089986991944
214909.826	250	0.735	-7.903089986991944
215308.286	250	0.74	-7.903089986991944
215864.193	250	0.745	-7.903089986991944
216422.893	250	0.75	-7.903089986991944
217240.452	250	0.755	-7.903089986991944
217916.4	250	0.76	-7.903089986991944
218366.633	250	0.765	-7.903089986991944
218968.824	250	0.77	-7.903089986991944
220045.111	250	0.775	-7.903089986991944
220780.411	250	0.78	-7.903089986991944
221321.643	250	0.785	-7.903089986991944
221874.586	250	0.79	-7.903089986991944
222353.815	250	0.795	-7.903089986991944
222772.571	250	0.8	-7.903089986991944
223152.134	250	0.805	-7.903089986991944
223913.514	250	0.81	-7.903089986991944
224746.242	250	0.815	-7.903089986991944
225169.669	250	0.82	-7.903089986991944
225642.821	250	0.825	-7.903089986991944
225866.929	250	0.83	-7.903089986991944
226615.731	250	0.835	-7.903089986991944
227562.354	250	0.84	-7.903089986991944
227922.795	250	0.845	-7.903089986991944
228837.275	250	0.85	-7.903089986991944
229389.218	250	0.855	-7.903089986991944
230379.576	250	0.86	-7.903089986991944
231439.571	250	0.865	-7.903089986991944
232491.209	250	0.87	-7.903089986991944
233488.929	250	0.875	-7.903089986991944
234862.12	250	0.88	-7.903089986991944
235931.421	250	0.885	-7.903089986991944
236849.094	250	0.89	-7.903089986991944
237761.928	250	0.895	-7.903089986991944
239376.857	250	0.9	-7.903089986991944
240748.52	250	0.905	-7.903089986991944
241339.686	250	0.91	-7.903089986991944
242244.342	250	0.915	-7.903089986991944
243308.114	250	0.92	-7.903089986991944
243964.071	250	0.925	-7.903089986991944
247009.053	250	0.93	-7.903089986991944
249151.959	250	0.935	-7.903089986991944
251085.344	250	0.94	-7.903089986991944
253262.156	250	0.945	-7.903089986991944
255407.004	250	0.95	-7.903089986991944
259975.321	250	0.955	-7.903089986991944
265590.503	250	0.96	-7.903089986991944
271172.114	250	0.965	-7.903089986991944
277121.931	250	0.97	-7.903089986991944
285570.859	250	0.975	-7.903089986991944
293792.789	250	0.98	-7.903089986991944
307980.907	250	0.985	-7.903089986991944
326965.986	250	0.99	-7.903089986991944
347773.171	250	0.995	-7.903089986991944
202531.464	275	0.5	-7.903089986991944
202794.928	275	0.505	-7.903089986991944
203284.086	275	0.51	-7.903089986991944
204006.963	275	0.515	-7.903089986991944
204284.297	275	0.52	-7.903089986991944
204675.24	275	0.525	-7.903089986991944
204999.287	275	0.53	-7.903089986991944
205540.086	275	0.535	-7.903089986991944
205791.009	275	0.54	-7.903089986991944
206085.155	275	0.545	-7.903089986991944
206326.864	275	0.55	-7.903089986991944
206508.03	275	0.555	-7.903089986991944
207131.897	275	0.56	-7.903089986991944
207358.0	275	0.565	-7.903089986991944
207713.686	275	0.57	-7.903089986991944
208010.0	275	0.575	-7.903089986991944
208295.679	275	0.58	-7.903089986991944
208767.836	275	0.585	-7.903089986991944
209046.814	275	0.59	-7.903089986991944
209497.945	275	0.595	-7.903089986991944
209797.363	275	0.6	-7.903089986991944
210437.3	275	0.605	-7.903089986991944
210889.707	275	0.61	-7.903089986991944
211392.06	275	0.615	-7.903089986991944
212059.481	275	0.62	-7.903089986991944
212621.348	275	0.625	-7.903089986991944
212820.057	275	0.63	-7.903089986991944
213494.719	275	0.635	-7.903089986991944
213697.814	275	0.64	-7.903089986991944
214152.864	275	0.645	-7.903089986991944
214518.068	275	0.65	-7.903089986991944
214984.325	275	0.655	-7.903089986991944
215693.229	275	0.66	-7.903089986991944
216135.705	275	0.665	-7.903089986991944
216568.909	275	0.67	-7.903089986991944
216879.929	275	0.675	-7.903089986991944
217322.809	275	0.68	-7.903089986991944
217683.578	275	0.685	-7.903089986991944
218204.986	275	0.69	-7.903089986991944
218896.475	275	0.695	-7.903089986991944
219555.907	275	0.7	-7.903089986991944
219913.857	275	0.705	-7.903089986991944
220222.8	275	0.71	-7.903089986991944
220816.981	275	0.715	-7.903089986991944
221376.986	275	0.72	-7.903089986991944
222110.893	275	0.725	-7.903089986991944
222809.714	275	0.73	-7.903089986991944
223276.729	275	0.735	-7.903089986991944
223501.534	275	0.74	-7.903089986991944
223913.878	275	0.745	-7.903089986991944
224606.143	275	0.75	-7.903089986991944
224967.207	275	0.755	-7.903089986991944
225480.3	275	0.76	-7.903089986991944
225816.817	275	0.765	-7.903089986991944
226140.659	275	0.77	-7.903089986991944
227199.622	275	0.775	-7.903089986991944
227704.173	275	0.78	-7.903089986991944
228228.857	275	0.785	-7.903089986991944
228668.716	275	0.79	-7.903089986991944
229011.456	275	0.795	-7.903089986991944
229879.1	275	0.8	-7.903089986991944
230599.607	275	0.805	-7.903089986991944
231331.357	275	0.81	-7.903089986991944
231819.768	275	0.815	-7.903089986991944
232709.009	275	0.82	-7.903089986991944
233614.893	275	0.825	-7.903089986991944
234405.5	275	0.83	-7.903089986991944
235408.991	275	0.835	-7.903089986991944
236040.397	275	0.84	-7.903089986991944
237428.307	275	0.845	-7.903089986991944
238097.5	275	0.85	-7.903089986991944
238722.608	275	0.855	-7.903089986991944
239226.78	275	0.86	-7.903089986991944
240122.526	275	0.865	-7.903089986991944
240651.034	275	0.87	-7.903089986991944
242132.205	275	0.875	-7.903089986991944
242982.634	275	0.88	-7.903089986991944
243535.936	275	0.885	-7.903089986991944
244868.843	275	0.89	-7.903089986991944
246145.572	275	0.895	-7.903089986991944
248285.364	275	0.9	-7.903089986991944
248508.493	275	0.905	-7.903089986991944
248907.01	275	0.91	-7.903089986991944
250814.922	275	0.915	-7.903089986991944
251967.949	275	0.92	-7.903089986991944
253256.368	275	0.925	-7.903089986991944
254237.229	275	0.93	-7.903089986991944
259234.488	275	0.935	-7.903089986991944
262476.896	275	0.94	-7.903089986991944
264039.464	275	0.945	-7.903089986991944
266453.786	275	0.95	-7.903089986991944
268566.746	275	0.955	-7.903089986991944
270974.206	275	0.96	-7.903089986991944
273378.871	275	0.965	-7.903089986991944
276940.099	275	0.97	-7.903089986991944
278839.571	275	0.975	-7.903089986991944
285097.997	275	0.98	-7.903089986991944
298308.665	275	0.985	-7.903089986991944
314778.759	275	0.99	-7.903089986991944
369378.669	275	0.995	-7.903089986991944
208133.679	300	0.5	-7.903089986991944
208435.464	300	0.505	-7.903089986991944
208898.292	300	0.51	-7.903089986991944
209200.571	300	0.515	-7.903089986991944
209670.343	300	0.52	-7.903089986991944
210256.002	300	0.525	-7.903089986991944
210481.18	300	0.53	-7.903089986991944
210924.331	300	0.535	-7.903089986991944
211729.896	300	0.54	-7.903089986991944
212216.257	300	0.545	-7.903089986991944
212436.429	300	0.55	-7.903089986991944
212812.531	300	0.555	-7.903089986991944
213587.803	300	0.56	-7.903089986991944
213788.658	300	0.565	-7.903089986991944
214130.729	300	0.57	-7.903089986991944
214412.143	300	0.575	-7.903089986991944
214754.92	300	0.58	-7.903089986991944
215287.271	300	0.585	-7.903089986991944
215636.647	300	0.59	-7.903089986991944
216622.356	300	0.595	-7.903089986991944
216988.314	300	0.6	-7.903089986991944
217262.964	300	0.605	-7.903089986991944
217755.757	300	0.61	-7.903089986991944
218126.216	300	0.615	-7.903089986991944
218519.859	300	0.62	-7.903089986991944
218848.955	300	0.625	-7.903089986991944
219123.541	300	0.63	-7.903089986991944
219588.586	300	0.635	-7.903089986991944
219838.571	300	0.64	-7.903089986991944
220230.998	300	0.645	-7.903089986991944
220399.55	300	0.65	-7.903089986991944
220872.421	300	0.655	-7.903089986991944
221356.533	300	0.66	-7.903089986991944
221765.852	300	0.665	-7.903089986991944
222362.167	300	0.67	-7.903089986991944
222791.796	300	0.675	-7.903089986991944
223393.657	300	0.68	-7.903089986991944
224100.615	300	0.685	-7.903089986991944
224337.169	300	0.69	-7.903089986991944
224861.05	300	0.695	-7.903089986991944
225151.679	300	0.7	-7.903089986991944
225441.922	300	0.705	-7.903089986991944
225835.979	300	0.71	-7.903089986991944
226098.368	300	0.715	-7.903089986991944
227031.691	300	0.72	-7.903089986991944
227965.274	300	0.725	-7.903089986991944
228652.214	300	0.73	-7.903089986991944
229245.133	300	0.735	-7.903089986991944
229947.914	300	0.74	-7.903089986991944
230376.551	300	0.745	-7.903089986991944
230686.786	300	0.75	-7.903089986991944
231246.684	300	0.755	-7.903089986991944
231623.754	300	0.76	-7.903089986991944
231927.631	300	0.765	-7.903089986991944
232542.943	300	0.77	-7.903089986991944
232856.036	300	0.775	-7.903089986991944
233094.75	300	0.78	-7.903089986991944
233345.647	300	0.785	-7.903089986991944
233473.914	300	0.79	-7.903089986991944
234385.425	300	0.795	-7.903089986991944
235503.771	300	0.8	-7.903089986991944
236297.65	300	0.805	-7.903089986991944
237575.503	300	0.81	-7.903089986991944
238362.022	300	0.815	-7.903089986991944
238537.281	300	0.82	-7.903089986991944
239099.916	300	0.825	-7.903089986991944
240340.829	300	0.83	-7.903089986991944
241790.764	300	0.835	-7.903089986991944
243206.606	300	0.84	-7.903089986991944
243946.001	300	0.845	-7.903089986991944
244583.807	300	0.85	-7.903089986991944
245150.096	300	0.855	-7.903089986991944
245470.257	300	0.86	-7.903089986991944
245787.819	300	0.865	-7.903089986991944
246833.257	300	0.87	-7.903089986991944
248181.616	300	0.875	-7.903089986991944
249797.211	300	0.88	-7.903089986991944
250864.829	300	0.885	-7.903089986991944
252377.122	300	0.89	-7.903089986991944
253440.385	300	0.895	-7.903089986991944
255559.793	300	0.9	-7.903089986991944
257245.015	300	0.905	-7.903089986991944
258404.571	300	0.91	-7.903089986991944
259173.87	300	0.915	-7.903089986991944
260670.231	300	0.92	-7.903089986991944
261993.571	300	0.925	-7.903089986991944
263598.697	300	0.93	-7.903089986991944
265265.874	300	0.935	-7.903089986991944
268711.501	300	0.94	-7.903089986991944
271545.34	300	0.945	-7.903089986991944
272462.143	300	0.95	-7.903089986991944
273448.443	300	0.955	-7.903089986991944
281132.457	300	0.96	-7.903089986991944
285039.084	300	0.965	-7.903089986991944
288689.21	300	0.97	-7.903089986991944
301329.786	300	0.975	-7.903089986991944
314613.013	300	0.98	-7.903089986991944
320751.238	300	0.985	-7.903089986991944
337722.329	300	0.99	-7.903089986991944
368467.529	300	0.995	-7.903089986991944
219488.863	325	0.5	-7.903089986991944
220036.4	325	0.505	-7.903089986991944
220254.374	325	0.51	-7.903089986991944
220733.938	325	0.515	-7.903089986991944
220949.577	325	0.52	-7.903089986991944
221402.114	325	0.525	-7.903089986991944
221872.943	325	0.53	-7.903089986991944
222205.114	325	0.535	-7.903089986991944
222673.753	325	0.54	-7.903089986991944
222963.996	325	0.545	-7.903089986991944
223590.032	325	0.55	-7.903089986991944
223957.081	325	0.555	-7.903089986991944
224208.4	325	0.56	-7.903089986991944
224580.341	325	0.565	-7.903089986991944
225009.312	325	0.57	-7.903089986991944
225423.429	325	0.575	-7.903089986991944
225944.824	325	0.58	-7.903089986991944
226292.964	325	0.585	-7.903089986991944
226681.786	325	0.59	-7.903089986991944
226950.893	325	0.595	-7.903089986991944
227530.243	325	0.6	-7.903089986991944
227985.949	325	0.605	-7.903089986991944
228293.129	325	0.61	-7.903089986991944
228658.714	325	0.615	-7.903089986991944
228955.243	325	0.62	-7.903089986991944
229143.819	325	0.625	-7.903089986991944
229706.098	325	0.63	-7.903089986991944
230201.15	325	0.635	-7.903089986991944
230536.0	325	0.64	-7.903089986991944
231036.532	325	0.645	-7.903089986991944
231341.525	325	0.65	-7.903089986991944
231655.451	325	0.655	-7.903089986991944
232214.396	325	0.66	-7.903089986991944
232751.636	325	0.665	-7.903089986991944
233493.714	325	0.67	-7.903089986991944
233924.859	325	0.675	-7.903089986991944
234145.063	325	0.68	-7.903089986991944
234421.364	325	0.685	-7.903089986991944
234855.113	325	0.69	-7.903089986991944
235002.159	325	0.695	-7.903089986991944
235518.05	325	0.7	-7.903089986991944
235710.651	325	0.705	-7.903089986991944
236082.005	325	0.71	-7.903089986991944
236826.573	325	0.715	-7.903089986991944
237428.206	325	0.72	-7.903089986991944
237799.5	325	0.725	-7.903089986991944
238419.805	325	0.73	-7.903089986991944
239452.246	325	0.735	-7.903089986991944
239840.856	325	0.74	-7.903089986991944
240254.207	325	0.745	-7.903089986991944
240510.464	325	0.75	-7.903089986991944
241509.304	325	0.755	-7.903089986991944
242202.343	325	0.76	-7.903089986991944
243060.86	325	0.765	-7.903089986991944
243419.986	325	0.77	-7.903089986991944
243880.159	325	0.775	-7.903089986991944
244661.4	325	0.78	-7.903089986991944
245164.906	325	0.785	-7.903089986991944
245900.071	325	0.79	-7.903089986991944
246218.063	325	0.795	-7.903089986991944
246711.048	325	0.8	-7.903089986991944
247137.636	325	0.805	-7.903089986991944
248877.686	325	0.81	-7.903089986991944
249362.015	325	0.815	-7.903089986991944
249702.886	325	0.82	-7.903089986991944
250224.395	325	0.825	-7.903089986991944
251342.355	325	0.83	-7.903089986991944
251898.432	325	0.835	-7.903089986991944
252644.011	325	0.84	-7.903089986991944
254782.106	325	0.845	-7.903089986991944
255643.125	325	0.85	-7.903089986991944
257466.818	325	0.855	-7.903089986991944
258186.964	325	0.86	-7.903089986991944
258703.048	325	0.865	-7.903089986991944
259769.271	325	0.87	-7.903089986991944
260379.625	325	0.875	-7.903089986991944
262145.497	325	0.88	-7.903089986991944
263542.907	325	0.885	-7.903089986991944
266139.8	325	0.89	-7.903089986991944
267288.715	325	0.895	-7.903089986991944
269754.943	325	0.9	-7.903089986991944
271562.843	325	0.905	-7.903089986991944
273427.622	325	0.91	-7.903089986991944
275062.132	325	0.915	-7.903089986991944
276229.04	325	0.92	-7.903089986991944
277891.679	325	0.925	-7.903089986991944
278901.766	325	0.93	-7.903089986991944
280196.798	325	0.935	-7.903089986991944
282525.481	325	0.94	-7.903089986991944
285837.697	325	0.945	-7.903089986991944
288432.979	325	0.95	-7.903089986991944
290332.34	325	0.955	-7.903089986991944
292596.414	325	0.96	-7.903089986991944
297105.924	325	0.965	-7.903089986991944
302190.098	325	0.97	-7.903089986991944
313074.291	325	0.975	-7.903089986991944
325723.778	325	0.98	-7.903089986991944
335868.764	325	0.985	-7.903089986991944
386861.6	325	0.99	-7.903089986991944
419866.279	325	0.995	-7.903089986991944
225643.643	350	0.5	-7.903089986991944
226074.8	350	0.505	-7.903089986991944
226423.27	350	0.51	-7.903089986991944
226684.893	350	0.515	-7.903089986991944
227206.166	350	0.52	-7.903089986991944
227462.036	350	0.525	-7.903089986991944
227643.6	350	0.53	-7.903089986991944
227974.531	350	0.535	-7.903089986991944
228446.857	350	0.54	-7.903089986991944
228854.815	350	0.545	-7.903089986991944
229029.857	350	0.55	-7.903089986991944
229492.536	350	0.555	-7.903089986991944
229791.574	350	0.56	-7.903089986991944
230010.802	350	0.565	-7.903089986991944
230245.51	350	0.57	-7.903089986991944
230742.266	350	0.575	-7.903089986991944
231109.88	350	0.58	-7.903089986991944
231358.32	350	0.585	-7.903089986991944
231707.057	350	0.59	-7.903089986991944
232089.85	350	0.595	-7.903089986991944
232888.7	350	0.6	-7.903089986991944
233357.264	350	0.605	-7.903089986991944
233699.514	350	0.61	-7.903089986991944
234496.614	350	0.615	-7.903089986991944
235082.499	350	0.62	-7.903089986991944
235847.455	350	0.625	-7.903089986991944
236123.931	350	0.63	-7.903089986991944
236837.067	350	0.635	-7.903089986991944
237188.814	350	0.64	-7.903089986991944
237715.636	350	0.645	-7.903089986991944
238093.832	350	0.65	-7.903089986991944
238500.061	350	0.655	-7.903089986991944
238666.504	350	0.66	-7.903089986991944
239287.443	350	0.665	-7.903089986991944
239857.105	350	0.67	-7.903089986991944
240060.405	350	0.675	-7.903089986991944
240372.089	350	0.68	-7.903089986991944
241332.925	350	0.685	-7.903089986991944
241666.979	350	0.69	-7.903089986991944
242015.178	350	0.695	-7.903089986991944
242313.1	350	0.7	-7.903089986991944
242947.079	350	0.705	-7.903089986991944
243295.417	350	0.71	-7.903089986991944
244355.013	350	0.715	-7.903089986991944
245384.437	350	0.72	-7.903089986991944
245688.052	350	0.725	-7.903089986991944
246271.862	350	0.73	-7.903089986991944
246930.05	350	0.735	-7.903089986991944
247310.71	350	0.74	-7.903089986991944
247941.846	350	0.745	-7.903089986991944
248387.875	350	0.75	-7.903089986991944
248841.26	350	0.755	-7.903089986991944
249243.886	350	0.76	-7.903089986991944
249508.064	350	0.765	-7.903089986991944
250452.871	350	0.77	-7.903089986991944
250896.784	350	0.775	-7.903089986991944
251121.77	350	0.78	-7.903089986991944
251741.821	350	0.785	-7.903089986991944
252590.6	350	0.79	-7.903089986991944
253293.792	350	0.795	-7.903089986991944
253927.429	350	0.8	-7.903089986991944
254223.078	350	0.805	-7.903089986991944
254840.786	350	0.81	-7.903089986991944
255521.2	350	0.815	-7.903089986991944
257401.501	350	0.82	-7.903089986991944
258421.813	350	0.825	-7.903089986991944
258987.316	350	0.83	-7.903089986991944
259620.325	350	0.835	-7.903089986991944
261002.183	350	0.84	-7.903089986991944
262853.743	350	0.845	-7.903089986991944
264116.286	350	0.85	-7.903089986991944
264706.48	350	0.855	-7.903089986991944
265989.829	350	0.86	-7.903089986991944
267280.062	350	0.865	-7.903089986991944
269647.876	350	0.87	-7.903089986991944
270919.786	350	0.875	-7.903089986991944
271657.029	350	0.88	-7.903089986991944
272394.591	350	0.885	-7.903089986991944
275008.581	350	0.89	-7.903089986991944
276556.293	350	0.895	-7.903089986991944
278383.271	350	0.9	-7.903089986991944
279393.059	350	0.905	-7.903089986991944
280052.67	350	0.91	-7.903089986991944
283269.124	350	0.915	-7.903089986991944
284287.163	350	0.92	-7.903089986991944
286012.02	350	0.925	-7.903089986991944
289132.929	350	0.93	-7.903089986991944
291389.724	350	0.935	-7.903089986991944
296167.353	350	0.94	-7.903089986991944
300039.618	350	0.945	-7.903089986991944
303351.262	350	0.95	-7.903089986991944
309268.356	350	0.955	-7.903089986991944
313610.849	350	0.96	-7.903089986991944
315858.217	350	0.965	-7.903089986991944
322820.831	350	0.97	-7.903089986991944
332686.709	350	0.975	-7.903089986991944
340472.031	350	0.98	-7.903089986991944
360677.21	350	0.985	-7.903089986991944
396223.371	350	0.99	-7.903089986991944
409345.467	350	0.995	-7.903089986991944
230198.607	375	0.5	-7.903089986991944
230517.607	375	0.505	-7.903089986991944
230811.957	375	0.51	-7.903089986991944
231338.548	375	0.515	-7.903089986991944
231932.794	375	0.52	-7.903089986991944
232084.791	375	0.525	-7.903089986991944
232352.9	375	0.53	-7.903089986991944
232845.636	375	0.535	-7.903089986991944
233516.02	375	0.54	-7.903089986991944
233724.7	375	0.545	-7.903089986991944
234017.721	375	0.55	-7.903089986991944
234232.032	375	0.555	-7.903089986991944
234518.254	375	0.56	-7.903089986991944
235020.962	375	0.565	-7.903089986991944
235514.171	375	0.57	-7.903089986991944
236365.404	375	0.575	-7.903089986991944
236734.543	375	0.58	-7.903089986991944
237108.401	375	0.585	-7.903089986991944
237496.548	375	0.59	-7.903089986991944
237884.435	375	0.595	-7.903089986991944
238591.457	375	0.6	-7.903089986991944
238959.401	375	0.605	-7.903089986991944
239499.969	375	0.61	-7.903089986991944
240200.616	375	0.615	-7.903089986991944
241044.644	375	0.62	-7.903089986991944
241429.286	375	0.625	-7.903089986991944
241785.074	375	0.63	-7.903089986991944
242164.593	375	0.635	-7.903089986991944
242893.137	375	0.64	-7.903089986991944
243194.764	375	0.645	-7.903089986991944
243447.407	375	0.65	-7.903089986991944
243999.314	375	0.655	-7.903089986991944
244541.314	375	0.66	-7.903089986991944
245149.595	375	0.665	-7.903089986991944
245439.567	375	0.67	-7.903089986991944
245844.536	375	0.675	-7.903089986991944
245969.543	375	0.68	-7.903089986991944
246475.057	375	0.685	-7.903089986991944
247002.116	375	0.69	-7.903089986991944
247327.192	375	0.695	-7.903089986991944
247584.021	375	0.7	-7.903089986991944
248190.364	375	0.705	-7.903089986991944
248792.699	375	0.71	-7.903089986991944
249133.83	375	0.715	-7.903089986991944
249968.28	375	0.72	-7.903089986991944
250858.357	375	0.725	-7.903089986991944
251563.029	375	0.73	-7.903089986991944
252222.423	375	0.735	-7.903089986991944
252875.717	375	0.74	-7.903089986991944
253474.71	375	0.745	-7.903089986991944
254421.25	375	0.75	-7.903089986991944
254744.545	375	0.755	-7.903089986991944
255175.383	375	0.76	-7.903089986991944
255645.284	375	0.765	-7.903089986991944
256036.755	375	0.77	-7.903089986991944
256668.245	375	0.775	-7.903089986991944
257943.879	375	0.78	-7.903089986991944
258750.048	375	0.785	-7.903089986991944
259775.242	375	0.79	-7.903089986991944
260473.473	375	0.795	-7.903089986991944
262086.586	375	0.8	-7.903089986991944
262635.596	375	0.805	-7.903089986991944
263331.412	375	0.81	-7.903089986991944
265268.199	375	0.815	-7.903089986991944
265685.599	375	0.82	-7.903089986991944
267082.548	375	0.825	-7.903089986991944
267738.712	375	0.83	-7.903089986991944
268444.421	375	0.835	-7.903089986991944
268954.08	375	0.84	-7.903089986991944
269997.535	375	0.845	-7.903089986991944
270698.261	375	0.85	-7.903089986991944
271322.532	375	0.855	-7.903089986991944
273625.286	375	0.86	-7.903089986991944
274880.675	375	0.865	-7.903089986991944
276058.386	375	0.87	-7.903089986991944
277063.938	375	0.875	-7.903089986991944
279823.829	375	0.88	-7.903089986991944
280962.558	375	0.885	-7.903089986991944
283380.692	375	0.89	-7.903089986991944
283871.503	375	0.895	-7.903089986991944
284812.571	375	0.9	-7.903089986991944
286019.364	375	0.905	-7.903089986991944
288007.251	375	0.91	-7.903089986991944
289475.559	375	0.915	-7.903089986991944
290192.352	375	0.92	-7.903089986991944
292123.393	375	0.925	-7.903089986991944
295856.662	375	0.93	-7.903089986991944
298067.166	375	0.935	-7.903089986991944
305453.771	375	0.94	-7.903089986991944
308636.024	375	0.945	-7.903089986991944
312498.214	375	0.95	-7.903089986991944
319446.954	375	0.955	-7.903089986991944
325693.943	375	0.96	-7.903089986991944
328474.655	375	0.965	-7.903089986991944
339190.278	375	0.97	-7.903089986991944
350911.289	375	0.975	-7.903089986991944
362607.84	375	0.98	-7.903089986991944
387037.743	375	0.985	-7.903089986991944
415309.086	375	0.99	-7.903089986991944
464630.776	375	0.995	-7.903089986991944
237507.143	400	0.5	-7.903089986991944
238366.329	400	0.505	-7.903089986991944
238727.189	400	0.51	-7.903089986991944
239043.459	400	0.515	-7.903089986991944
239362.243	400	0.52	-7.903089986991944
239604.071	400	0.525	-7.903089986991944
239810.624	400	0.53	-7.903089986991944
240258.335	400	0.535	-7.903089986991944
240882.571	400	0.54	-7.903089986991944
241280.293	400	0.545	-7.903089986991944
241610.564	400	0.55	-7.903089986991944
241930.043	400	0.555	-7.903089986991944
242684.2	400	0.56	-7.903089986991944
243090.75	400	0.565	-7.903089986991944
243718.271	400	0.57	-7.903089986991944
244075.193	400	0.575	-7.903089986991944
244547.559	400	0.58	-7.903089986991944
245006.143	400	0.585	-7.903089986991944
245370.816	400	0.59	-7.903089986991944
245857.922	400	0.595	-7.903089986991944
246217.443	400	0.6	-7.903089986991944
246796.121	400	0.605	-7.903089986991944
247266.816	400	0.61	-7.903089986991944
247801.852	400	0.615	-7.903089986991944
248176.97	400	0.62	-7.903089986991944
248678.902	400	0.625	-7.903089986991944
248850.712	400	0.63	-7.903089986991944
249168.724	400	0.635	-7.903089986991944
249531.344	400	0.64	-7.903089986991944
249818.436	400	0.645	-7.903089986991944
250346.096	400	0.65	-7.903089986991944
251136.582	400	0.655	-7.903089986991944
251748.579	400	0.66	-7.903089986991944
252421.107	400	0.665	-7.903089986991944
253444.881	400	0.67	-7.903089986991944
253607.488	400	0.675	-7.903089986991944
253871.143	400	0.68	-7.903089986991944
254231.5	400	0.685	-7.903089986991944
254629.806	400	0.69	-7.903089986991944
255206.35	400	0.695	-7.903089986991944
255592.757	400	0.7	-7.903089986991944
255816.621	400	0.705	-7.903089986991944
256392.843	400	0.71	-7.903089986991944
257140.911	400	0.715	-7.903089986991944
257751.943	400	0.72	-7.903089986991944
258479.432	400	0.725	-7.903089986991944
258984.419	400	0.73	-7.903089986991944
259356.278	400	0.735	-7.903089986991944
259862.677	400	0.74	-7.903089986991944
260803.381	400	0.745	-7.903089986991944
261395.0	400	0.75	-7.903089986991944
262063.743	400	0.755	-7.903089986991944
263024.92	400	0.76	-7.903089986991944
263514.114	400	0.765	-7.903089986991944
264497.3	400	0.77	-7.903089986991944
265889.821	400	0.775	-7.903089986991944
266916.257	400	0.78	-7.903089986991944
267647.782	400	0.785	-7.903089986991944
268164.855	400	0.79	-7.903089986991944
268518.223	400	0.795	-7.903089986991944
269536.057	400	0.8	-7.903089986991944
270676.071	400	0.805	-7.903089986991944
270852.159	400	0.81	-7.903089986991944
271628.42	400	0.815	-7.903089986991944
272457.82	400	0.82	-7.903089986991944
273654.952	400	0.825	-7.903089986991944
274356.965	400	0.83	-7.903089986991944
277053.97	400	0.835	-7.903089986991944
277504.291	400	0.84	-7.903089986991944
278411.739	400	0.845	-7.903089986991944
280063.571	400	0.85	-7.903089986991944
280854.16	400	0.855	-7.903089986991944
281545.927	400	0.86	-7.903089986991944
284037.505	400	0.865	-7.903089986991944
285548.466	400	0.87	-7.903089986991944
287259.955	400	0.875	-7.903089986991944
289101.729	400	0.88	-7.903089986991944
290690.126	400	0.885	-7.903089986991944
291857.07	400	0.89	-7.903089986991944
293714.829	400	0.895	-7.903089986991944
295257.864	400	0.9	-7.903089986991944
298813.529	400	0.905	-7.903089986991944
300478.709	400	0.91	-7.903089986991944
301752.971	400	0.915	-7.903089986991944
304164.903	400	0.92	-7.903089986991944
306268.107	400	0.925	-7.903089986991944
309138.771	400	0.93	-7.903089986991944
310639.643	400	0.935	-7.903089986991944
313801.734	400	0.94	-7.903089986991944
319220.946	400	0.945	-7.903089986991944
322626.071	400	0.95	-7.903089986991944
328187.7	400	0.955	-7.903089986991944
332494.377	400	0.96	-7.903089986991944
344250.76	400	0.965	-7.903089986991944
353246.314	400	0.97	-7.903089986991944
366071.571	400	0.975	-7.903089986991944
376096.739	400	0.98	-7.903089986991944
387933.221	400	0.985	-7.903089986991944
404688.083	400	0.99	-7.903089986991944
450466.914	400	0.995	-7.903089986991944
245685.071	425	0.5	-7.903089986991944
246092.766	425	0.505	-7.903089986991944
246336.251	425	0.51	-7.903089986991944
246763.694	425	0.515	-7.903089986991944
247456.3	425	0.52	-7.903089986991944
247802.891	425	0.525	-7.903089986991944
248009.814	425	0.53	-7.903089986991944
248193.595	425	0.535	-7.903089986991944
248429.506	425	0.54	-7.903089986991944
248692.614	425	0.545	-7.903089986991944
249178.0	425	0.55	-7.903089986991944
249783.532	425	0.555	-7.903089986991944
250139.714	425	0.56	-7.903089986991944
250480.876	425	0.565	-7.903089986991944
251192.257	425	0.57	-7.903089986991944
252001.25	425	0.575	-7.903089986991944
252683.337	425	0.58	-7.903089986991944
252889.274	425	0.585	-7.903089986991944
253393.758	425	0.59	-7.903089986991944
253746.065	425	0.595	-7.903089986991944
254010.443	425	0.6	-7.903089986991944
254583.271	425	0.605	-7.903089986991944
255001.271	425	0.61	-7.903089986991944
255268.252	425	0.615	-7.903089986991944
255615.971	425	0.62	-7.903089986991944
256723.143	425	0.625	-7.903089986991944
257018.829	425	0.63	-7.903089986991944
257810.088	425	0.635	-7.903089986991944
258635.829	425	0.64	-7.903089986991944
259053.64	425	0.645	-7.903089986991944
259366.625	425	0.65	-7.903089986991944
259687.616	425	0.655	-7.903089986991944
260213.624	425	0.66	-7.903089986991944
260589.652	425	0.665	-7.903089986991944
261416.414	425	0.67	-7.903089986991944
262431.739	425	0.675	-7.903089986991944
262678.126	425	0.68	-7.903089986991944
263129.246	425	0.685	-7.903089986991944
263628.714	425	0.69	-7.903089986991944
264329.194	425	0.695	-7.903089986991944
264964.736	425	0.7	-7.903089986991944
265332.05	425	0.705	-7.903089986991944
265849.957	425	0.71	-7.903089986991944
266575.881	425	0.715	-7.903089986991944
267046.674	425	0.72	-7.903089986991944
267865.321	425	0.725	-7.903089986991944
269147.643	425	0.73	-7.903089986991944
269661.031	425	0.735	-7.903089986991944
270474.161	425	0.74	-7.903089986991944
271154.8	425	0.745	-7.903089986991944
271570.714	425	0.75	-7.903089986991944
272099.897	425	0.755	-7.903089986991944
272800.76	425	0.76	-7.903089986991944
273851.677	425	0.765	-7.903089986991944
274717.769	425	0.77	-7.903089986991944
275863.87	425	0.775	-7.903089986991944
276711.416	425	0.78	-7.903089986991944
277452.89	425	0.785	-7.903089986991944
278216.402	425	0.79	-7.903089986991944
279146.82	425	0.795	-7.903089986991944
279734.286	425	0.8	-7.903089986991944
280447.408	425	0.805	-7.903089986991944
281338.686	425	0.81	-7.903089986991944
281702.611	425	0.815	-7.903089986991944
282776.353	425	0.82	-7.903089986991944
284555.475	425	0.825	-7.903089986991944
285615.196	425	0.83	-7.903089986991944
286947.37	425	0.835	-7.903089986991944
287633.951	425	0.84	-7.903089986991944
288561.999	425	0.845	-7.903089986991944
290962.346	425	0.85	-7.903089986991944
292940.382	425	0.855	-7.903089986991944
294241.229	425	0.86	-7.903089986991944
296431.35	425	0.865	-7.903089986991944
297777.624	425	0.87	-7.903089986991944
300504.464	425	0.875	-7.903089986991944
303510.694	425	0.88	-7.903089986991944
305814.307	425	0.885	-7.903089986991944
307477.834	425	0.89	-7.903089986991944
308765.75	425	0.895	-7.903089986991944
310204.571	425	0.9	-7.903089986991944
313137.892	425	0.905	-7.903089986991944
316736.438	425	0.91	-7.903089986991944
320843.943	425	0.915	-7.903089986991944
323182.343	425	0.92	-7.903089986991944
326198.791	425	0.925	-7.903089986991944
333220.485	425	0.93	-7.903089986991944
338398.088	425	0.935	-7.903089986991944
343564.01	425	0.94	-7.903089986991944
352959.329	425	0.945	-7.903089986991944
359773.571	425	0.95	-7.903089986991944
364274.107	425	0.955	-7.903089986991944
379463.789	425	0.96	-7.903089986991944
396581.576	425	0.965	-7.903089986991944
403682.355	425	0.97	-7.903089986991944
421927.67	425	0.975	-7.903089986991944
436807.314	425	0.98	-7.903089986991944
449680.379	425	0.985	-7.903089986991944
478641.486	425	0.99	-7.903089986991944
544134.571	425	0.995	-7.903089986991944
245322.179	450	0.5	-7.903089986991944
245830.157	450	0.505	-7.903089986991944
246289.906	450	0.51	-7.903089986991944
246665.507	450	0.515	-7.903089986991944
246759.52	450	0.52	-7.903089986991944
247414.712	450	0.525	-7.903089986991944
247856.662	450	0.53	-7.903089986991944
248633.393	450	0.535	-7.903089986991944
249300.382	450	0.54	-7.903089986991944
249708.589	450	0.545	-7.903089986991944
250137.643	450	0.55	-7.903089986991944
250401.6	450	0.555	-7.903089986991944
250649.231	450	0.56	-7.903089986991944
250901.369	450	0.565	-7.903089986991944
251050.886	450	0.57	-7.903089986991944
251374.755	450	0.575	-7.903089986991944
251630.059	450	0.58	-7.903089986991944
252046.42	450	0.585	-7.903089986991944
252685.549	450	0.59	-7.903089986991944
253021.556	450	0.595	-7.903089986991944
253468.943	450	0.6	-7.903089986991944
253995.25	450	0.605	-7.903089986991944
254147.629	450	0.61	-7.903089986991944
254409.24	450	0.615	-7.903089986991944
254695.886	450	0.62	-7.903089986991944
255117.679	450	0.625	-7.903089986991944
255545.457	450	0.63	-7.903089986991944
256231.219	450	0.635	-7.903089986991944
256710.414	450	0.64	-7.903089986991944
257074.707	450	0.645	-7.903089986991944
257668.05	450	0.65	-7.903089986991944
258010.743	450	0.655	-7.903089986991944
258260.61	450	0.66	-7.903089986991944
258610.411	450	0.665	-7.903089986991944
259088.441	450	0.67	-7.903089986991944
259473.548	450	0.675	-7.903089986991944
259780.869	450	0.68	-7.903089986991944
260294.925	450	0.685	-7.903089986991944
260963.264	450	0.69	-7.903089986991944
261490.236	450	0.695	-7.903089986991944
262452.907	450	0.7	-7.903089986991944
264096.456	450	0.705	-7.903089986991944
264547.079	450	0.71	-7.903089986991944
265223.853	450	0.715	-7.903089986991944
265874.409	450	0.72	-7.903089986991944
266402.393	450	0.725	-7.903089986991944
267361.3	450	0.73	-7.903089986991944
267963.507	450	0.735	-7.903089986991944
268520.73	450	0.74	-7.903089986991944
269327.725	450	0.745	-7.903089986991944
270059.643	450	0.75	-7.903089986991944
270887.247	450	0.755	-7.903089986991944
271452.566	450	0.76	-7.903089986991944
271957.412	450	0.765	-7.903089986991944
272914.157	450	0.77	-7.903089986991944
274283.071	450	0.775	-7.903089986991944
275213.386	450	0.78	-7.903089986991944
276236.648	450	0.785	-7.903089986991944
277226.186	450	0.79	-7.903089986991944
278065.35	450	0.795	-7.903089986991944
279188.8	450	0.8	-7.903089986991944
280395.807	450	0.805	-7.903089986991944
281330.502	450	0.81	-7.903089986991944
282027.671	450	0.815	-7.903089986991944
282924.316	450	0.82	-7.903089986991944
284031.643	450	0.825	-7.903089986991944
284770.267	450	0.83	-7.903089986991944
285430.186	450	0.835	-7.903089986991944
286188.297	450	0.84	-7.903089986991944
287289.304	450	0.845	-7.903089986991944
289214.346	450	0.85	-7.903089986991944
290071.511	450	0.855	-7.903089986991944
291457.914	450	0.86	-7.903089986991944
293140.586	450	0.865	-7.903089986991944
294071.604	450	0.87	-7.903089986991944
294551.442	450	0.875	-7.903089986991944
295999.706	450	0.88	-7.903089986991944
297714.756	450	0.885	-7.903089986991944
298598.143	450	0.89	-7.903089986991944
299387.429	450	0.895	-7.903089986991944
299917.357	450	0.9	-7.903089986991944
305023.121	450	0.905	-7.903089986991944
308217.745	450	0.91	-7.903089986991944
312020.421	450	0.915	-7.903089986991944
314786.68	450	0.92	-7.903089986991944
320129.385	450	0.925	-7.903089986991944
322518.291	450	0.93	-7.903089986991944
324843.029	450	0.935	-7.903089986991944
327467.589	450	0.94	-7.903089986991944
331161.114	450	0.945	-7.903089986991944
338808.643	450	0.95	-7.903089986991944
342656.907	450	0.955	-7.903089986991944
346811.031	450	0.96	-7.903089986991944
355624.456	450	0.965	-7.903089986991944
363146.329	450	0.97	-7.903089986991944
379054.843	450	0.975	-7.903089986991944
388193.086	450	0.98	-7.903089986991944
418083.286	450	0.985	-7.903089986991944
468917.914	450	0.99	-7.903089986991944
534898.679	450	0.995	-7.903089986991944
