S*_score	SNP_num	quantile	log(local_recomb_rate)
118892.0	25	0.5	-7.903089986991944
119840.667	25	0.505	-7.903089986991944
120440.41	25	0.51	-7.903089986991944
121270.25	25	0.515	-7.903089986991944
121507.2	25	0.52	-7.903089986991944
121575.725	25	0.525	-7.903089986991944
122078.153	25	0.53	-7.903089986991944
122773.576	25	0.535	-7.903089986991944
123245.0	25	0.54	-7.903089986991944
123808.51	25	0.545	-7.903089986991944
124512.267	25	0.55	-7.903089986991944
124671.15	25	0.555	-7.903089986991944
125177.34	25	0.56	-7.903089986991944
125821.123	25	0.565	-7.903089986991944
126041.055	25	0.57	-7.903089986991944
126551.0	25	0.575	-7.903089986991944
126772.576	25	0.58	-7.903089986991944
127375.6	25	0.585	-7.903089986991944
127704.55	25	0.59	-7.903089986991944
128123.913	25	0.595	-7.903089986991944
128590.4	25	0.6	-7.903089986991944
129030.2	25	0.605	-7.903089986991944
129898.4	25	0.61	-7.903089986991944
130639.1	25	0.615	-7.903089986991944
131068.16	25	0.62	-7.903089986991944
131712.5	25	0.625	-7.903089986991944
132393.291	25	0.63	-7.903089986991944
133349.767	25	0.635	-7.903089986991944
133693.387	25	0.64	-7.903089986991944
133910.0	25	0.645	-7.903089986991944
134044.0	25	0.65	-7.903089986991944
134805.513	25	0.655	-7.903089986991944
135099.467	25	0.66	-7.903089986991944
135405.1	25	0.665	-7.903089986991944
136012.543	25	0.67	-7.903089986991944
136552.0	25	0.675	-7.903089986991944
136763.28	25	0.68	-7.903089986991944
137414.087	25	0.685	-7.903089986991944
137666.8	25	0.69	-7.903089986991944
138331.727	25	0.695	-7.903089986991944
139209.333	25	0.7	-7.903089986991944
139601.4	25	0.705	-7.903089986991944
140201.067	25	0.71	-7.903089986991944
140766.4	25	0.715	-7.903089986991944
141086.0	25	0.72	-7.903089986991944
141905.762	25	0.725	-7.903089986991944
142626.8	25	0.73	-7.903089986991944
144309.4	25	0.735	-7.903089986991944
144873.197	25	0.74	-7.903089986991944
145516.797	25	0.745	-7.903089986991944
146027.5	25	0.75	-7.903089986991944
146406.655	25	0.755	-7.903089986991944
147927.467	25	0.76	-7.903089986991944
148590.858	25	0.765	-7.903089986991944
149084.9	25	0.77	-7.903089986991944
150312.571	25	0.775	-7.903089986991944
151436.8	25	0.78	-7.903089986991944
152278.467	25	0.785	-7.903089986991944
152853.2	25	0.79	-7.903089986991944
153434.35	25	0.795	-7.903089986991944
153675.8	25	0.8	-7.903089986991944
153985.5	25	0.805	-7.903089986991944
154935.96	25	0.81	-7.903089986991944
155392.52	25	0.815	-7.903089986991944
156231.232	25	0.82	-7.903089986991944
157354.786	25	0.825	-7.903089986991944
157878.4	25	0.83	-7.903089986991944
159385.835	25	0.835	-7.903089986991944
159882.989	25	0.84	-7.903089986991944
160305.5	25	0.845	-7.903089986991944
160982.6	25	0.85	-7.903089986991944
161500.4	25	0.855	-7.903089986991944
162327.641	25	0.86	-7.903089986991944
162736.8	25	0.865	-7.903089986991944
163891.4	25	0.87	-7.903089986991944
164360.0	25	0.875	-7.903089986991944
164732.0	25	0.88	-7.903089986991944
165948.2	25	0.885	-7.903089986991944
167381.6	25	0.89	-7.903089986991944
168028.4	25	0.895	-7.903089986991944
168376.0	25	0.9	-7.903089986991944
169208.8	25	0.905	-7.903089986991944
169548.4	25	0.91	-7.903089986991944
171970.88	25	0.915	-7.903089986991944
173088.0	25	0.92	-7.903089986991944
174694.0	25	0.925	-7.903089986991944
175242.8	25	0.93	-7.903089986991944
177100.2	25	0.935	-7.903089986991944
178160.0	25	0.94	-7.903089986991944
179621.5	25	0.945	-7.903089986991944
181714.675	25	0.95	-7.903089986991944
183525.2	25	0.955	-7.903089986991944
185923.36	25	0.96	-7.903089986991944
191546.2	25	0.965	-7.903089986991944
194633.74	25	0.97	-7.903089986991944
195383.0	25	0.975	-7.903089986991944
197098.4	25	0.98	-7.903089986991944
200344.2	25	0.985	-7.903089986991944
202346.4	25	0.99	-7.903089986991944
207169.667	25	0.995	-7.903089986991944
123180.667	50	0.5	-7.903089986991944
123638.128	50	0.505	-7.903089986991944
123972.259	50	0.51	-7.903089986991944
124212.533	50	0.515	-7.903089986991944
124486.116	50	0.52	-7.903089986991944
124849.744	50	0.525	-7.903089986991944
125276.218	50	0.53	-7.903089986991944
125575.52	50	0.535	-7.903089986991944
125892.72	50	0.54	-7.903089986991944
126247.434	50	0.545	-7.903089986991944
126705.467	50	0.55	-7.903089986991944
127027.328	50	0.555	-7.903089986991944
127491.688	50	0.56	-7.903089986991944
128289.189	50	0.565	-7.903089986991944
128585.829	50	0.57	-7.903089986991944
128834.743	50	0.575	-7.903089986991944
129325.4	50	0.58	-7.903089986991944
129658.3	50	0.585	-7.903089986991944
129945.6	50	0.59	-7.903089986991944
130406.333	50	0.595	-7.903089986991944
131021.6	50	0.6	-7.903089986991944
131716.187	50	0.605	-7.903089986991944
132245.8	50	0.61	-7.903089986991944
132432.994	50	0.615	-7.903089986991944
132913.56	50	0.62	-7.903089986991944
133133.846	50	0.625	-7.903089986991944
133342.883	50	0.63	-7.903089986991944
133455.195	50	0.635	-7.903089986991944
133862.4	50	0.64	-7.903089986991944
134044.236	50	0.645	-7.903089986991944
134705.0	50	0.65	-7.903089986991944
135173.153	50	0.655	-7.903089986991944
135567.2	50	0.66	-7.903089986991944
136070.969	50	0.665	-7.903089986991944
137156.791	50	0.67	-7.903089986991944
137497.6	50	0.675	-7.903089986991944
137727.873	50	0.68	-7.903089986991944
138002.24	50	0.685	-7.903089986991944
138397.733	50	0.69	-7.903089986991944
138938.072	50	0.695	-7.903089986991944
139427.733	50	0.7	-7.903089986991944
139773.433	50	0.705	-7.903089986991944
140157.333	50	0.71	-7.903089986991944
140727.794	50	0.715	-7.903089986991944
141055.913	50	0.72	-7.903089986991944
141284.0	50	0.725	-7.903089986991944
141830.263	50	0.73	-7.903089986991944
142508.503	50	0.735	-7.903089986991944
142700.8	50	0.74	-7.903089986991944
143022.462	50	0.745	-7.903089986991944
143578.444	50	0.75	-7.903089986991944
143778.56	50	0.755	-7.903089986991944
144063.6	50	0.76	-7.903089986991944
144479.733	50	0.765	-7.903089986991944
144748.625	50	0.77	-7.903089986991944
145172.2	50	0.775	-7.903089986991944
145767.733	50	0.78	-7.903089986991944
146118.857	50	0.785	-7.903089986991944
147016.593	50	0.79	-7.903089986991944
147474.716	50	0.795	-7.903089986991944
148007.9	50	0.8	-7.903089986991944
148605.991	50	0.805	-7.903089986991944
149117.913	50	0.81	-7.903089986991944
149723.238	50	0.815	-7.903089986991944
150345.006	50	0.82	-7.903089986991944
151089.0	50	0.825	-7.903089986991944
151866.809	50	0.83	-7.903089986991944
152275.473	50	0.835	-7.903089986991944
153035.68	50	0.84	-7.903089986991944
153564.549	50	0.845	-7.903089986991944
153814.419	50	0.85	-7.903089986991944
154178.865	50	0.855	-7.903089986991944
155059.92	50	0.86	-7.903089986991944
155750.4	50	0.865	-7.903089986991944
156517.76	50	0.87	-7.903089986991944
157522.222	50	0.875	-7.903089986991944
158356.971	50	0.88	-7.903089986991944
158602.116	50	0.885	-7.903089986991944
158861.187	50	0.89	-7.903089986991944
159549.235	50	0.895	-7.903089986991944
160564.457	50	0.9	-7.903089986991944
161951.2	50	0.905	-7.903089986991944
162688.267	50	0.91	-7.903089986991944
163038.933	50	0.915	-7.903089986991944
164100.218	50	0.92	-7.903089986991944
164899.94	50	0.925	-7.903089986991944
165924.267	50	0.93	-7.903089986991944
167164.544	50	0.935	-7.903089986991944
167833.2	50	0.94	-7.903089986991944
169377.6	50	0.945	-7.903089986991944
170227.0	50	0.95	-7.903089986991944
171558.853	50	0.955	-7.903089986991944
172626.743	50	0.96	-7.903089986991944
173361.08	50	0.965	-7.903089986991944
176545.0	50	0.97	-7.903089986991944
179746.185	50	0.975	-7.903089986991944
183249.44	50	0.98	-7.903089986991944
187017.203	50	0.985	-7.903089986991944
191589.867	50	0.99	-7.903089986991944
203003.221	50	0.995	-7.903089986991944
137189.889	75	0.5	-7.903089986991944
137522.748	75	0.505	-7.903089986991944
137858.1	75	0.51	-7.903089986991944
138101.455	75	0.515	-7.903089986991944
138357.691	75	0.52	-7.903089986991944
138739.189	75	0.525	-7.903089986991944
139268.534	75	0.53	-7.903089986991944
139485.514	75	0.535	-7.903089986991944
139716.741	75	0.54	-7.903089986991944
139858.575	75	0.545	-7.903089986991944
140082.475	75	0.55	-7.903089986991944
140402.455	75	0.555	-7.903089986991944
140813.152	75	0.56	-7.903089986991944
141188.63	75	0.565	-7.903089986991944
141445.309	75	0.57	-7.903089986991944
141584.154	75	0.575	-7.903089986991944
142094.573	75	0.58	-7.903089986991944
142461.099	75	0.585	-7.903089986991944
142926.404	75	0.59	-7.903089986991944
143319.61	75	0.595	-7.903089986991944
143676.467	75	0.6	-7.903089986991944
144226.913	75	0.605	-7.903089986991944
144551.746	75	0.61	-7.903089986991944
144968.551	75	0.615	-7.903089986991944
145366.08	75	0.62	-7.903089986991944
145876.338	75	0.625	-7.903089986991944
146264.946	75	0.63	-7.903089986991944
146459.67	75	0.635	-7.903089986991944
146728.8	75	0.64	-7.903089986991944
147087.847	75	0.645	-7.903089986991944
147430.139	75	0.65	-7.903089986991944
147791.65	75	0.655	-7.903089986991944
148228.6	75	0.66	-7.903089986991944
148847.669	75	0.665	-7.903089986991944
149369.723	75	0.67	-7.903089986991944
149591.25	75	0.675	-7.903089986991944
149784.021	75	0.68	-7.903089986991944
150181.51	75	0.685	-7.903089986991944
150483.237	75	0.69	-7.903089986991944
150661.965	75	0.695	-7.903089986991944
151079.117	75	0.7	-7.903089986991944
151253.997	75	0.705	-7.903089986991944
151727.512	75	0.71	-7.903089986991944
152176.137	75	0.715	-7.903089986991944
152578.21	75	0.72	-7.903089986991944
152784.554	75	0.725	-7.903089986991944
152945.273	75	0.73	-7.903089986991944
153419.473	75	0.735	-7.903089986991944
153670.984	75	0.74	-7.903089986991944
153861.02	75	0.745	-7.903089986991944
154095.955	75	0.75	-7.903089986991944
154441.749	75	0.755	-7.903089986991944
154838.538	75	0.76	-7.903089986991944
155099.244	75	0.765	-7.903089986991944
155610.892	75	0.77	-7.903089986991944
155829.125	75	0.775	-7.903089986991944
156138.891	75	0.78	-7.903089986991944
156906.55	75	0.785	-7.903089986991944
157109.514	75	0.79	-7.903089986991944
157680.416	75	0.795	-7.903089986991944
157991.025	75	0.8	-7.903089986991944
158666.988	75	0.805	-7.903089986991944
159290.02	75	0.81	-7.903089986991944
159655.655	75	0.815	-7.903089986991944
160213.657	75	0.82	-7.903089986991944
161282.479	75	0.825	-7.903089986991944
161665.91	75	0.83	-7.903089986991944
162091.45	75	0.835	-7.903089986991944
162328.267	75	0.84	-7.903089986991944
163048.704	75	0.845	-7.903089986991944
163535.968	75	0.85	-7.903089986991944
164253.942	75	0.855	-7.903089986991944
164652.914	75	0.86	-7.903089986991944
165602.063	75	0.865	-7.903089986991944
165888.475	75	0.87	-7.903089986991944
166479.813	75	0.875	-7.903089986991944
166969.646	75	0.88	-7.903089986991944
168152.074	75	0.885	-7.903089986991944
168579.448	75	0.89	-7.903089986991944
169376.693	75	0.895	-7.903089986991944
170120.0	75	0.9	-7.903089986991944
171002.033	75	0.905	-7.903089986991944
171614.0	75	0.91	-7.903089986991944
172618.15	75	0.915	-7.903089986991944
173884.729	75	0.92	-7.903089986991944
174518.571	75	0.925	-7.903089986991944
175795.024	75	0.93	-7.903089986991944
176539.903	75	0.935	-7.903089986991944
176705.467	75	0.94	-7.903089986991944
177335.316	75	0.945	-7.903089986991944
178355.1	75	0.95	-7.903089986991944
179529.964	75	0.955	-7.903089986991944
180779.345	75	0.96	-7.903089986991944
182377.774	75	0.965	-7.903089986991944
184150.506	75	0.97	-7.903089986991944
187034.133	75	0.975	-7.903089986991944
187707.065	75	0.98	-7.903089986991944
189927.125	75	0.985	-7.903089986991944
194142.668	75	0.99	-7.903089986991944
204784.393	75	0.995	-7.903089986991944
153080.621	100	0.5	-7.903089986991944
153298.365	100	0.505	-7.903089986991944
153456.083	100	0.51	-7.903089986991944
153613.624	100	0.515	-7.903089986991944
153954.465	100	0.52	-7.903089986991944
154166.0	100	0.525	-7.903089986991944
154410.495	100	0.53	-7.903089986991944
154661.023	100	0.535	-7.903089986991944
154949.142	100	0.54	-7.903089986991944
155271.102	100	0.545	-7.903089986991944
155474.391	100	0.55	-7.903089986991944
155671.715	100	0.555	-7.903089986991944
155766.457	100	0.56	-7.903089986991944
156157.705	100	0.565	-7.903089986991944
156450.873	100	0.57	-7.903089986991944
156590.505	100	0.575	-7.903089986991944
156839.629	100	0.58	-7.903089986991944
157101.456	100	0.585	-7.903089986991944
157348.141	100	0.59	-7.903089986991944
157706.013	100	0.595	-7.903089986991944
157963.5	100	0.6	-7.903089986991944
158363.183	100	0.605	-7.903089986991944
158685.085	100	0.61	-7.903089986991944
158879.975	100	0.615	-7.903089986991944
159202.23	100	0.62	-7.903089986991944
159692.723	100	0.625	-7.903089986991944
159861.669	100	0.63	-7.903089986991944
160263.4	100	0.635	-7.903089986991944
160570.14	100	0.64	-7.903089986991944
161017.965	100	0.645	-7.903089986991944
161303.319	100	0.65	-7.903089986991944
161851.662	100	0.655	-7.903089986991944
162086.79	100	0.66	-7.903089986991944
162573.28	100	0.665	-7.903089986991944
162965.816	100	0.67	-7.903089986991944
163394.054	100	0.675	-7.903089986991944
163736.531	100	0.68	-7.903089986991944
163978.659	100	0.685	-7.903089986991944
164256.823	100	0.69	-7.903089986991944
164463.491	100	0.695	-7.903089986991944
164681.147	100	0.7	-7.903089986991944
165001.664	100	0.705	-7.903089986991944
165255.831	100	0.71	-7.903089986991944
165436.558	100	0.715	-7.903089986991944
165956.333	100	0.72	-7.903089986991944
166168.382	100	0.725	-7.903089986991944
166544.406	100	0.73	-7.903089986991944
167099.03	100	0.735	-7.903089986991944
167665.682	100	0.74	-7.903089986991944
167994.816	100	0.745	-7.903089986991944
168199.521	100	0.75	-7.903089986991944
168662.433	100	0.755	-7.903089986991944
169361.083	100	0.76	-7.903089986991944
169878.423	100	0.765	-7.903089986991944
170335.343	100	0.77	-7.903089986991944
171031.5	100	0.775	-7.903089986991944
171724.42	100	0.78	-7.903089986991944
172076.453	100	0.785	-7.903089986991944
172484.625	100	0.79	-7.903089986991944
172852.817	100	0.795	-7.903089986991944
173377.505	100	0.8	-7.903089986991944
173853.943	100	0.805	-7.903089986991944
174250.273	100	0.81	-7.903089986991944
174636.378	100	0.815	-7.903089986991944
175201.802	100	0.82	-7.903089986991944
175319.956	100	0.825	-7.903089986991944
175604.529	100	0.83	-7.903089986991944
176278.765	100	0.835	-7.903089986991944
176996.811	100	0.84	-7.903089986991944
177419.404	100	0.845	-7.903089986991944
177910.09	100	0.85	-7.903089986991944
178433.097	100	0.855	-7.903089986991944
178896.236	100	0.86	-7.903089986991944
179405.062	100	0.865	-7.903089986991944
180176.18	100	0.87	-7.903089986991944
180471.25	100	0.875	-7.903089986991944
180995.943	100	0.88	-7.903089986991944
181327.545	100	0.885	-7.903089986991944
181580.963	100	0.89	-7.903089986991944
182660.42	100	0.895	-7.903089986991944
182967.863	100	0.9	-7.903089986991944
183374.737	100	0.905	-7.903089986991944
184141.671	100	0.91	-7.903089986991944
185036.85	100	0.915	-7.903089986991944
185878.686	100	0.92	-7.903089986991944
187481.506	100	0.925	-7.903089986991944
188683.542	100	0.93	-7.903089986991944
190030.693	100	0.935	-7.903089986991944
191105.85	100	0.94	-7.903089986991944
193337.23	100	0.945	-7.903089986991944
194404.15	100	0.95	-7.903089986991944
195046.076	100	0.955	-7.903089986991944
197568.286	100	0.96	-7.903089986991944
200327.864	100	0.965	-7.903089986991944
202185.544	100	0.97	-7.903089986991944
202915.0	100	0.975	-7.903089986991944
205337.13	100	0.98	-7.903089986991944
207547.525	100	0.985	-7.903089986991944
212543.725	100	0.99	-7.903089986991944
234758.803	100	0.995	-7.903089986991944
166302.625	125	0.5	-7.903089986991944
166499.1	125	0.505	-7.903089986991944
166937.451	125	0.51	-7.903089986991944
167182.33	125	0.515	-7.903089986991944
167447.92	125	0.52	-7.903089986991944
167735.649	125	0.525	-7.903089986991944
168220.874	125	0.53	-7.903089986991944
168607.567	125	0.535	-7.903089986991944
168992.821	125	0.54	-7.903089986991944
169480.315	125	0.545	-7.903089986991944
170050.613	125	0.55	-7.903089986991944
170375.098	125	0.555	-7.903089986991944
170602.43	125	0.56	-7.903089986991944
170790.186	125	0.565	-7.903089986991944
171296.892	125	0.57	-7.903089986991944
171577.319	125	0.575	-7.903089986991944
171737.457	125	0.58	-7.903089986991944
172049.774	125	0.585	-7.903089986991944
172260.368	125	0.59	-7.903089986991944
172430.264	125	0.595	-7.903089986991944
172808.979	125	0.6	-7.903089986991944
173136.135	125	0.605	-7.903089986991944
173510.03	125	0.61	-7.903089986991944
173747.312	125	0.615	-7.903089986991944
174047.155	125	0.62	-7.903089986991944
174175.628	125	0.625	-7.903089986991944
174394.109	125	0.63	-7.903089986991944
174677.238	125	0.635	-7.903089986991944
174895.531	125	0.64	-7.903089986991944
175236.736	125	0.645	-7.903089986991944
175554.806	125	0.65	-7.903089986991944
175787.979	125	0.655	-7.903089986991944
176144.709	125	0.66	-7.903089986991944
176272.934	125	0.665	-7.903089986991944
176437.443	125	0.67	-7.903089986991944
176747.107	125	0.675	-7.903089986991944
177139.228	125	0.68	-7.903089986991944
177497.446	125	0.685	-7.903089986991944
177721.533	125	0.69	-7.903089986991944
177864.118	125	0.695	-7.903089986991944
178075.166	125	0.7	-7.903089986991944
178379.596	125	0.705	-7.903089986991944
178551.813	125	0.71	-7.903089986991944
178813.502	125	0.715	-7.903089986991944
179208.075	125	0.72	-7.903089986991944
179329.308	125	0.725	-7.903089986991944
179585.018	125	0.73	-7.903089986991944
179968.142	125	0.735	-7.903089986991944
180290.33	125	0.74	-7.903089986991944
180727.737	125	0.745	-7.903089986991944
181179.643	125	0.75	-7.903089986991944
181574.054	125	0.755	-7.903089986991944
181966.4	125	0.76	-7.903089986991944
182613.741	125	0.765	-7.903089986991944
182884.979	125	0.77	-7.903089986991944
183188.731	125	0.775	-7.903089986991944
183559.086	125	0.78	-7.903089986991944
184036.702	125	0.785	-7.903089986991944
184348.714	125	0.79	-7.903089986991944
184719.356	125	0.795	-7.903089986991944
185139.01	125	0.8	-7.903089986991944
185557.55	125	0.805	-7.903089986991944
185879.418	125	0.81	-7.903089986991944
186445.072	125	0.815	-7.903089986991944
186885.299	125	0.82	-7.903089986991944
187291.186	125	0.825	-7.903089986991944
187509.186	125	0.83	-7.903089986991944
187910.383	125	0.835	-7.903089986991944
188458.049	125	0.84	-7.903089986991944
189092.036	125	0.845	-7.903089986991944
189420.365	125	0.85	-7.903089986991944
189855.318	125	0.855	-7.903089986991944
190376.967	125	0.86	-7.903089986991944
191082.471	125	0.865	-7.903089986991944
191722.173	125	0.87	-7.903089986991944
192303.202	125	0.875	-7.903089986991944
192943.358	125	0.88	-7.903089986991944
193209.132	125	0.885	-7.903089986991944
193754.445	125	0.89	-7.903089986991944
194124.894	125	0.895	-7.903089986991944
194416.714	125	0.9	-7.903089986991944
195237.517	125	0.905	-7.903089986991944
195830.888	125	0.91	-7.903089986991944
196833.82	125	0.915	-7.903089986991944
197771.002	125	0.92	-7.903089986991944
199314.725	125	0.925	-7.903089986991944
199731.346	125	0.93	-7.903089986991944
200510.486	125	0.935	-7.903089986991944
200858.886	125	0.94	-7.903089986991944
201542.398	125	0.945	-7.903089986991944
202981.61	125	0.95	-7.903089986991944
203719.0	125	0.955	-7.903089986991944
205653.383	125	0.96	-7.903089986991944
206393.1	125	0.965	-7.903089986991944
207419.059	125	0.97	-7.903089986991944
209747.595	125	0.975	-7.903089986991944
211327.733	125	0.98	-7.903089986991944
216744.254	125	0.985	-7.903089986991944
219836.78	125	0.99	-7.903089986991944
228247.901	125	0.995	-7.903089986991944
179627.836	150	0.5	-7.903089986991944
180124.526	150	0.505	-7.903089986991944
180512.94	150	0.51	-7.903089986991944
180919.265	150	0.515	-7.903089986991944
181479.24	150	0.52	-7.903089986991944
181761.0	150	0.525	-7.903089986991944
182277.878	150	0.53	-7.903089986991944
182550.094	150	0.535	-7.903089986991944
182697.686	150	0.54	-7.903089986991944
182843.43	150	0.545	-7.903089986991944
183330.145	150	0.55	-7.903089986991944
183716.11	150	0.555	-7.903089986991944
183857.722	150	0.56	-7.903089986991944
184341.913	150	0.565	-7.903089986991944
184709.905	150	0.57	-7.903089986991944
184952.154	150	0.575	-7.903089986991944
185418.613	150	0.58	-7.903089986991944
185527.682	150	0.585	-7.903089986991944
185734.256	150	0.59	-7.903089986991944
186125.8	150	0.595	-7.903089986991944
186555.571	150	0.6	-7.903089986991944
186933.824	150	0.605	-7.903089986991944
187356.692	150	0.61	-7.903089986991944
187534.782	150	0.615	-7.903089986991944
187886.858	150	0.62	-7.903089986991944
188263.029	150	0.625	-7.903089986991944
188425.022	150	0.63	-7.903089986991944
188690.245	150	0.635	-7.903089986991944
188777.131	150	0.64	-7.903089986991944
188931.102	150	0.645	-7.903089986991944
189030.954	150	0.65	-7.903089986991944
189331.935	150	0.655	-7.903089986991944
189842.823	150	0.66	-7.903089986991944
190441.055	150	0.665	-7.903089986991944
190883.329	150	0.67	-7.903089986991944
191248.225	150	0.675	-7.903089986991944
191441.905	150	0.68	-7.903089986991944
191769.012	150	0.685	-7.903089986991944
191974.516	150	0.69	-7.903089986991944
192181.95	150	0.695	-7.903089986991944
192497.154	150	0.7	-7.903089986991944
192770.236	150	0.705	-7.903089986991944
193114.079	150	0.71	-7.903089986991944
193190.057	150	0.715	-7.903089986991944
193478.343	150	0.72	-7.903089986991944
193717.791	150	0.725	-7.903089986991944
194323.138	150	0.73	-7.903089986991944
194526.711	150	0.735	-7.903089986991944
194823.747	150	0.74	-7.903089986991944
195111.615	150	0.745	-7.903089986991944
195239.339	150	0.75	-7.903089986991944
195527.37	150	0.755	-7.903089986991944
195800.949	150	0.76	-7.903089986991944
196269.931	150	0.765	-7.903089986991944
196691.729	150	0.77	-7.903089986991944
196884.78	150	0.775	-7.903089986991944
197278.143	150	0.78	-7.903089986991944
197546.826	150	0.785	-7.903089986991944
198017.944	150	0.79	-7.903089986991944
198584.774	150	0.795	-7.903089986991944
198911.426	150	0.8	-7.903089986991944
199442.393	150	0.805	-7.903089986991944
199824.329	150	0.81	-7.903089986991944
200087.614	150	0.815	-7.903089986991944
200317.041	150	0.82	-7.903089986991944
200833.607	150	0.825	-7.903089986991944
201239.257	150	0.83	-7.903089986991944
201390.764	150	0.835	-7.903089986991944
202105.475	150	0.84	-7.903089986991944
202667.329	150	0.845	-7.903089986991944
203148.214	150	0.85	-7.903089986991944
203539.916	150	0.855	-7.903089986991944
204231.519	150	0.86	-7.903089986991944
204540.1	150	0.865	-7.903089986991944
204929.133	150	0.87	-7.903089986991944
205525.864	150	0.875	-7.903089986991944
206339.692	150	0.88	-7.903089986991944
207305.486	150	0.885	-7.903089986991944
207989.771	150	0.89	-7.903089986991944
208652.778	150	0.895	-7.903089986991944
209287.56	150	0.9	-7.903089986991944
209833.843	150	0.905	-7.903089986991944
210628.986	150	0.91	-7.903089986991944
211067.535	150	0.915	-7.903089986991944
211227.56	150	0.92	-7.903089986991944
212266.127	150	0.925	-7.903089986991944
212727.186	150	0.93	-7.903089986991944
213209.931	150	0.935	-7.903089986991944
213852.066	150	0.94	-7.903089986991944
214640.512	150	0.945	-7.903089986991944
215559.425	150	0.95	-7.903089986991944
216765.81	150	0.955	-7.903089986991944
219208.632	150	0.96	-7.903089986991944
221478.515	150	0.965	-7.903089986991944
224239.676	150	0.97	-7.903089986991944
225908.75	150	0.975	-7.903089986991944
228028.057	150	0.98	-7.903089986991944
232159.678	150	0.985	-7.903089986991944
240643.373	150	0.99	-7.903089986991944
248414.675	150	0.995	-7.903089986991944
190451.464	175	0.5	-7.903089986991944
190746.414	175	0.505	-7.903089986991944
191000.611	175	0.51	-7.903089986991944
191229.863	175	0.515	-7.903089986991944
191442.229	175	0.52	-7.903089986991944
191780.702	175	0.525	-7.903089986991944
192312.014	175	0.53	-7.903089986991944
192452.019	175	0.535	-7.903089986991944
192801.629	175	0.54	-7.903089986991944
192922.496	175	0.545	-7.903089986991944
193305.429	175	0.55	-7.903089986991944
193709.092	175	0.555	-7.903089986991944
193931.662	175	0.56	-7.903089986991944
194221.924	175	0.565	-7.903089986991944
194487.361	175	0.57	-7.903089986991944
194795.806	175	0.575	-7.903089986991944
194948.349	175	0.58	-7.903089986991944
195253.564	175	0.585	-7.903089986991944
195616.955	175	0.59	-7.903089986991944
195774.389	175	0.595	-7.903089986991944
195929.0	175	0.6	-7.903089986991944
196231.916	175	0.605	-7.903089986991944
196463.985	175	0.61	-7.903089986991944
196635.365	175	0.615	-7.903089986991944
196858.626	175	0.62	-7.903089986991944
197099.268	175	0.625	-7.903089986991944
197424.928	175	0.63	-7.903089986991944
197707.767	175	0.635	-7.903089986991944
197962.963	175	0.64	-7.903089986991944
198392.45	175	0.645	-7.903089986991944
198737.404	175	0.65	-7.903089986991944
198987.447	175	0.655	-7.903089986991944
199212.714	175	0.66	-7.903089986991944
199408.459	175	0.665	-7.903089986991944
199715.706	175	0.67	-7.903089986991944
200079.018	175	0.675	-7.903089986991944
200379.347	175	0.68	-7.903089986991944
200731.83	175	0.685	-7.903089986991944
200886.241	175	0.69	-7.903089986991944
201710.114	175	0.695	-7.903089986991944
202088.331	175	0.7	-7.903089986991944
202395.325	175	0.705	-7.903089986991944
202599.6	175	0.71	-7.903089986991944
202957.126	175	0.715	-7.903089986991944
203369.029	175	0.72	-7.903089986991944
203869.837	175	0.725	-7.903089986991944
204203.414	175	0.73	-7.903089986991944
204562.767	175	0.735	-7.903089986991944
205114.164	175	0.74	-7.903089986991944
205330.299	175	0.745	-7.903089986991944
205901.357	175	0.75	-7.903089986991944
206573.975	175	0.755	-7.903089986991944
206900.171	175	0.76	-7.903089986991944
207321.733	175	0.765	-7.903089986991944
207530.929	175	0.77	-7.903089986991944
207683.993	175	0.775	-7.903089986991944
208081.486	175	0.78	-7.903089986991944
208403.779	175	0.785	-7.903089986991944
208721.7	175	0.79	-7.903089986991944
209078.986	175	0.795	-7.903089986991944
209547.457	175	0.8	-7.903089986991944
209942.215	175	0.805	-7.903089986991944
210252.937	175	0.81	-7.903089986991944
210843.511	175	0.815	-7.903089986991944
211220.072	175	0.82	-7.903089986991944
211979.68	175	0.825	-7.903089986991944
212546.804	175	0.83	-7.903089986991944
212704.72	175	0.835	-7.903089986991944
213349.36	175	0.84	-7.903089986991944
213615.836	175	0.845	-7.903089986991944
213836.825	175	0.85	-7.903089986991944
214300.973	175	0.855	-7.903089986991944
214805.646	175	0.86	-7.903089986991944
215119.818	175	0.865	-7.903089986991944
215484.324	175	0.87	-7.903089986991944
216328.929	175	0.875	-7.903089986991944
216874.914	175	0.88	-7.903089986991944
217776.008	175	0.885	-7.903089986991944
218270.251	175	0.89	-7.903089986991944
218706.521	175	0.895	-7.903089986991944
219452.064	175	0.9	-7.903089986991944
219907.944	175	0.905	-7.903089986991944
220290.608	175	0.91	-7.903089986991944
221248.779	175	0.915	-7.903089986991944
221775.674	175	0.92	-7.903089986991944
222231.47	175	0.925	-7.903089986991944
223747.357	175	0.93	-7.903089986991944
224501.493	175	0.935	-7.903089986991944
225053.066	175	0.94	-7.903089986991944
226121.41	175	0.945	-7.903089986991944
226970.168	175	0.95	-7.903089986991944
228924.509	175	0.955	-7.903089986991944
229653.371	175	0.96	-7.903089986991944
233820.914	175	0.965	-7.903089986991944
235800.217	175	0.97	-7.903089986991944
239279.679	175	0.975	-7.903089986991944
243687.674	175	0.98	-7.903089986991944
252012.105	175	0.985	-7.903089986991944
263881.392	175	0.99	-7.903089986991944
273888.858	175	0.995	-7.903089986991944
201089.286	200	0.5	-7.903089986991944
201487.099	200	0.505	-7.903089986991944
201747.451	200	0.51	-7.903089986991944
201978.964	200	0.515	-7.903089986991944
202262.114	200	0.52	-7.903089986991944
202431.729	200	0.525	-7.903089986991944
202792.414	200	0.53	-7.903089986991944
203068.371	200	0.535	-7.903089986991944
203436.534	200	0.54	-7.903089986991944
203891.721	200	0.545	-7.903089986991944
204154.818	200	0.55	-7.903089986991944
204392.11	200	0.555	-7.903089986991944
204684.26	200	0.56	-7.903089986991944
205017.259	200	0.565	-7.903089986991944
205365.292	200	0.57	-7.903089986991944
205531.475	200	0.575	-7.903089986991944
205821.841	200	0.58	-7.903089986991944
206523.174	200	0.585	-7.903089986991944
206811.929	200	0.59	-7.903089986991944
206974.204	200	0.595	-7.903089986991944
207414.729	200	0.6	-7.903089986991944
207541.629	200	0.605	-7.903089986991944
207860.369	200	0.61	-7.903089986991944
207997.012	200	0.615	-7.903089986991944
208227.907	200	0.62	-7.903089986991944
208697.806	200	0.625	-7.903089986991944
208743.8	200	0.63	-7.903089986991944
208945.214	200	0.635	-7.903089986991944
209288.428	200	0.64	-7.903089986991944
209539.864	200	0.645	-7.903089986991944
210036.387	200	0.65	-7.903089986991944
210158.746	200	0.655	-7.903089986991944
210411.726	200	0.66	-7.903089986991944
210828.586	200	0.665	-7.903089986991944
211064.234	200	0.67	-7.903089986991944
211410.87	200	0.675	-7.903089986991944
211753.2	200	0.68	-7.903089986991944
211965.693	200	0.685	-7.903089986991944
212237.426	200	0.69	-7.903089986991944
212402.592	200	0.695	-7.903089986991944
212757.921	200	0.7	-7.903089986991944
212943.849	200	0.705	-7.903089986991944
213226.494	200	0.71	-7.903089986991944
213439.771	200	0.715	-7.903089986991944
213595.623	200	0.72	-7.903089986991944
213815.286	200	0.725	-7.903089986991944
214067.424	200	0.73	-7.903089986991944
214427.95	200	0.735	-7.903089986991944
214619.761	200	0.74	-7.903089986991944
214717.171	200	0.745	-7.903089986991944
215009.393	200	0.75	-7.903089986991944
215467.643	200	0.755	-7.903089986991944
215928.109	200	0.76	-7.903089986991944
216392.757	200	0.765	-7.903089986991944
216922.762	200	0.77	-7.903089986991944
217451.777	200	0.775	-7.903089986991944
217906.191	200	0.78	-7.903089986991944
218179.333	200	0.785	-7.903089986991944
218463.253	200	0.79	-7.903089986991944
219003.822	200	0.795	-7.903089986991944
219220.967	200	0.8	-7.903089986991944
219584.0	200	0.805	-7.903089986991944
219703.314	200	0.81	-7.903089986991944
219879.57	200	0.815	-7.903089986991944
220945.2	200	0.82	-7.903089986991944
221543.948	200	0.825	-7.903089986991944
221846.457	200	0.83	-7.903089986991944
222178.029	200	0.835	-7.903089986991944
222596.16	200	0.84	-7.903089986991944
222871.707	200	0.845	-7.903089986991944
223802.5	200	0.85	-7.903089986991944
224374.99	200	0.855	-7.903089986991944
225154.04	200	0.86	-7.903089986991944
225694.874	200	0.865	-7.903089986991944
225842.266	200	0.87	-7.903089986991944
226247.571	200	0.875	-7.903089986991944
226714.777	200	0.88	-7.903089986991944
227398.471	200	0.885	-7.903089986991944
228154.796	200	0.89	-7.903089986991944
228938.55	200	0.895	-7.903089986991944
229253.143	200	0.9	-7.903089986991944
229647.572	200	0.905	-7.903089986991944
230567.514	200	0.91	-7.903089986991944
231719.19	200	0.915	-7.903089986991944
232301.055	200	0.92	-7.903089986991944
232828.938	200	0.925	-7.903089986991944
233377.995	200	0.93	-7.903089986991944
234414.381	200	0.935	-7.903089986991944
234852.971	200	0.94	-7.903089986991944
236347.771	200	0.945	-7.903089986991944
237600.446	200	0.95	-7.903089986991944
238972.13	200	0.955	-7.903089986991944
239783.049	200	0.96	-7.903089986991944
241511.35	200	0.965	-7.903089986991944
243197.786	200	0.97	-7.903089986991944
245600.891	200	0.975	-7.903089986991944
247232.743	200	0.98	-7.903089986991944
253101.01	200	0.985	-7.903089986991944
257180.804	200	0.99	-7.903089986991944
271274.833	200	0.995	-7.903089986991944
210465.365	225	0.5	-7.903089986991944
210576.757	225	0.505	-7.903089986991944
211045.786	225	0.51	-7.903089986991944
211564.832	225	0.515	-7.903089986991944
211702.414	225	0.52	-7.903089986991944
212194.823	225	0.525	-7.903089986991944
212813.971	225	0.53	-7.903089986991944
213212.368	225	0.535	-7.903089986991944
213524.861	225	0.54	-7.903089986991944
213767.021	225	0.545	-7.903089986991944
214179.904	225	0.55	-7.903089986991944
214664.974	225	0.555	-7.903089986991944
215117.811	225	0.56	-7.903089986991944
215689.889	225	0.565	-7.903089986991944
215923.743	225	0.57	-7.903089986991944
216199.214	225	0.575	-7.903089986991944
216444.613	225	0.58	-7.903089986991944
216574.3	225	0.585	-7.903089986991944
216952.166	225	0.59	-7.903089986991944
217255.942	225	0.595	-7.903089986991944
217408.9	225	0.6	-7.903089986991944
217623.086	225	0.605	-7.903089986991944
217734.358	225	0.61	-7.903089986991944
218066.014	225	0.615	-7.903089986991944
218377.314	225	0.62	-7.903089986991944
218789.643	225	0.625	-7.903089986991944
218919.2	225	0.63	-7.903089986991944
219139.579	225	0.635	-7.903089986991944
219579.283	225	0.64	-7.903089986991944
219974.164	225	0.645	-7.903089986991944
220288.714	225	0.65	-7.903089986991944
220631.998	225	0.655	-7.903089986991944
220718.397	225	0.66	-7.903089986991944
221027.156	225	0.665	-7.903089986991944
221155.454	225	0.67	-7.903089986991944
221515.309	225	0.675	-7.903089986991944
221735.341	225	0.68	-7.903089986991944
222142.223	225	0.685	-7.903089986991944
222457.729	225	0.69	-7.903089986991944
222971.378	225	0.695	-7.903089986991944
223238.571	225	0.7	-7.903089986991944
223628.457	225	0.705	-7.903089986991944
224139.543	225	0.71	-7.903089986991944
224527.972	225	0.715	-7.903089986991944
224782.819	225	0.72	-7.903089986991944
225043.195	225	0.725	-7.903089986991944
225793.3	225	0.73	-7.903089986991944
226088.207	225	0.735	-7.903089986991944
226489.057	225	0.74	-7.903089986991944
226737.857	225	0.745	-7.903089986991944
227291.509	225	0.75	-7.903089986991944
227611.355	225	0.755	-7.903089986991944
227932.057	225	0.76	-7.903089986991944
228380.914	225	0.765	-7.903089986991944
228816.947	225	0.77	-7.903089986991944
228991.623	225	0.775	-7.903089986991944
229386.631	225	0.78	-7.903089986991944
229865.943	225	0.785	-7.903089986991944
230176.629	225	0.79	-7.903089986991944
230657.471	225	0.795	-7.903089986991944
230782.381	225	0.8	-7.903089986991944
231079.491	225	0.805	-7.903089986991944
231378.673	225	0.81	-7.903089986991944
231797.525	225	0.815	-7.903089986991944
232062.579	225	0.82	-7.903089986991944
232223.488	225	0.825	-7.903089986991944
232566.191	225	0.83	-7.903089986991944
232981.907	225	0.835	-7.903089986991944
233702.114	225	0.84	-7.903089986991944
234435.321	225	0.845	-7.903089986991944
234909.5	225	0.85	-7.903089986991944
235546.904	225	0.855	-7.903089986991944
236292.429	225	0.86	-7.903089986991944
236804.65	225	0.865	-7.903089986991944
237123.927	225	0.87	-7.903089986991944
237874.464	225	0.875	-7.903089986991944
238521.626	225	0.88	-7.903089986991944
238853.307	225	0.885	-7.903089986991944
239681.943	225	0.89	-7.903089986991944
240475.014	225	0.895	-7.903089986991944
240907.363	225	0.9	-7.903089986991944
241860.863	225	0.905	-7.903089986991944
242483.391	225	0.91	-7.903089986991944
243089.813	225	0.915	-7.903089986991944
244010.694	225	0.92	-7.903089986991944
244962.745	225	0.925	-7.903089986991944
245392.157	225	0.93	-7.903089986991944
246349.448	225	0.935	-7.903089986991944
247645.114	225	0.94	-7.903089986991944
250507.998	225	0.945	-7.903089986991944
251988.533	225	0.95	-7.903089986991944
252891.708	225	0.955	-7.903089986991944
254455.637	225	0.96	-7.903089986991944
255185.657	225	0.965	-7.903089986991944
257577.925	225	0.97	-7.903089986991944
261190.25	225	0.975	-7.903089986991944
264217.817	225	0.98	-7.903089986991944
268070.413	225	0.985	-7.903089986991944
281180.154	225	0.99	-7.903089986991944
295672.557	225	0.995	-7.903089986991944
221617.929	250	0.5	-7.903089986991944
221702.713	250	0.505	-7.903089986991944
221775.273	250	0.51	-7.903089986991944
221935.421	250	0.515	-7.903089986991944
222208.571	250	0.52	-7.903089986991944
222423.252	250	0.525	-7.903089986991944
222706.788	250	0.53	-7.903089986991944
223243.802	250	0.535	-7.903089986991944
223438.523	250	0.54	-7.903089986991944
223672.282	250	0.545	-7.903089986991944
223807.936	250	0.55	-7.903089986991944
224009.56	250	0.555	-7.903089986991944
224230.189	250	0.56	-7.903089986991944
224394.445	250	0.565	-7.903089986991944
224502.341	250	0.57	-7.903089986991944
224806.214	250	0.575	-7.903089986991944
224998.661	250	0.58	-7.903089986991944
225213.171	250	0.585	-7.903089986991944
225420.293	250	0.59	-7.903089986991944
225918.821	250	0.595	-7.903089986991944
226179.143	250	0.6	-7.903089986991944
226370.101	250	0.605	-7.903089986991944
226933.299	250	0.61	-7.903089986991944
227274.994	250	0.615	-7.903089986991944
227613.739	250	0.62	-7.903089986991944
227894.107	250	0.625	-7.903089986991944
228106.8	250	0.63	-7.903089986991944
228537.169	250	0.635	-7.903089986991944
228766.567	250	0.64	-7.903089986991944
228996.656	250	0.645	-7.903089986991944
229501.029	250	0.65	-7.903089986991944
229684.829	250	0.655	-7.903089986991944
229984.49	250	0.66	-7.903089986991944
230458.638	250	0.665	-7.903089986991944
230622.233	250	0.67	-7.903089986991944
231206.036	250	0.675	-7.903089986991944
231411.874	250	0.68	-7.903089986991944
231734.579	250	0.685	-7.903089986991944
231998.514	250	0.69	-7.903089986991944
232097.572	250	0.695	-7.903089986991944
232446.571	250	0.7	-7.903089986991944
232893.128	250	0.705	-7.903089986991944
233082.57	250	0.71	-7.903089986991944
233375.775	250	0.715	-7.903089986991944
233547.374	250	0.72	-7.903089986991944
233867.588	250	0.725	-7.903089986991944
234223.894	250	0.73	-7.903089986991944
234429.6	250	0.735	-7.903089986991944
234734.439	250	0.74	-7.903089986991944
235055.818	250	0.745	-7.903089986991944
235234.714	250	0.75	-7.903089986991944
235620.95	250	0.755	-7.903089986991944
236079.257	250	0.76	-7.903089986991944
236391.979	250	0.765	-7.903089986991944
236685.697	250	0.77	-7.903089986991944
237016.368	250	0.775	-7.903089986991944
237365.429	250	0.78	-7.903089986991944
238030.462	250	0.785	-7.903089986991944
238384.016	250	0.79	-7.903089986991944
239077.264	250	0.795	-7.903089986991944
239495.429	250	0.8	-7.903089986991944
239789.636	250	0.805	-7.903089986991944
240179.634	250	0.81	-7.903089986991944
240383.134	250	0.815	-7.903089986991944
240861.783	250	0.82	-7.903089986991944
241257.904	250	0.825	-7.903089986991944
241765.326	250	0.83	-7.903089986991944
242515.064	250	0.835	-7.903089986991944
243203.086	250	0.84	-7.903089986991944
243599.086	250	0.845	-7.903089986991944
244137.357	250	0.85	-7.903089986991944
244515.887	250	0.855	-7.903089986991944
244963.374	250	0.86	-7.903089986991944
245478.764	250	0.865	-7.903089986991944
245766.786	250	0.87	-7.903089986991944
245983.607	250	0.875	-7.903089986991944
246485.429	250	0.88	-7.903089986991944
246985.251	250	0.885	-7.903089986991944
247299.343	250	0.89	-7.903089986991944
248338.936	250	0.895	-7.903089986991944
248875.907	250	0.9	-7.903089986991944
249560.671	250	0.905	-7.903089986991944
250299.586	250	0.91	-7.903089986991944
250788.926	250	0.915	-7.903089986991944
251144.009	250	0.92	-7.903089986991944
251581.964	250	0.925	-7.903089986991944
252587.243	250	0.93	-7.903089986991944
254217.157	250	0.935	-7.903089986991944
255564.737	250	0.94	-7.903089986991944
257134.991	250	0.945	-7.903089986991944
258472.446	250	0.95	-7.903089986991944
259780.729	250	0.955	-7.903089986991944
261330.183	250	0.96	-7.903089986991944
262592.543	250	0.965	-7.903089986991944
264058.4	250	0.97	-7.903089986991944
268201.607	250	0.975	-7.903089986991944
270184.971	250	0.98	-7.903089986991944
271881.982	250	0.985	-7.903089986991944
275393.5	250	0.99	-7.903089986991944
284344.936	250	0.995	-7.903089986991944
227807.143	275	0.5	-7.903089986991944
228382.829	275	0.505	-7.903089986991944
228611.486	275	0.51	-7.903089986991944
228992.504	275	0.515	-7.903089986991944
229440.857	275	0.52	-7.903089986991944
229887.961	275	0.525	-7.903089986991944
230169.714	275	0.53	-7.903089986991944
230422.357	275	0.535	-7.903089986991944
230567.229	275	0.54	-7.903089986991944
230915.2	275	0.545	-7.903089986991944
231166.071	275	0.55	-7.903089986991944
231700.525	275	0.555	-7.903089986991944
231958.769	275	0.56	-7.903089986991944
232498.853	275	0.565	-7.903089986991944
232932.319	275	0.57	-7.903089986991944
233228.204	275	0.575	-7.903089986991944
233558.153	275	0.58	-7.903089986991944
233680.943	275	0.585	-7.903089986991944
233907.285	275	0.59	-7.903089986991944
234117.528	275	0.595	-7.903089986991944
234370.42	275	0.6	-7.903089986991944
234900.386	275	0.605	-7.903089986991944
235038.144	275	0.61	-7.903089986991944
235408.776	275	0.615	-7.903089986991944
235494.873	275	0.62	-7.903089986991944
235792.938	275	0.625	-7.903089986991944
236118.744	275	0.63	-7.903089986991944
236454.469	275	0.635	-7.903089986991944
236660.674	275	0.64	-7.903089986991944
236832.404	275	0.645	-7.903089986991944
237243.45	275	0.65	-7.903089986991944
237455.329	275	0.655	-7.903089986991944
237698.215	275	0.66	-7.903089986991944
238118.586	275	0.665	-7.903089986991944
238345.666	275	0.67	-7.903089986991944
238818.534	275	0.675	-7.903089986991944
239448.16	275	0.68	-7.903089986991944
239823.736	275	0.685	-7.903089986991944
240043.406	275	0.69	-7.903089986991944
240335.236	275	0.695	-7.903089986991944
240589.021	275	0.7	-7.903089986991944
240981.736	275	0.705	-7.903089986991944
241538.957	275	0.71	-7.903089986991944
241791.469	275	0.715	-7.903089986991944
242112.114	275	0.72	-7.903089986991944
242547.357	275	0.725	-7.903089986991944
242939.243	275	0.73	-7.903089986991944
243059.903	275	0.735	-7.903089986991944
243266.676	275	0.74	-7.903089986991944
243661.886	275	0.745	-7.903089986991944
244051.089	275	0.75	-7.903089986991944
244328.387	275	0.755	-7.903089986991944
244727.469	275	0.76	-7.903089986991944
245305.057	275	0.765	-7.903089986991944
245639.126	275	0.77	-7.903089986991944
245999.341	275	0.775	-7.903089986991944
246127.343	275	0.78	-7.903089986991944
246416.949	275	0.785	-7.903089986991944
246684.599	275	0.79	-7.903089986991944
246875.806	275	0.795	-7.903089986991944
247149.905	275	0.8	-7.903089986991944
247607.821	275	0.805	-7.903089986991944
247890.229	275	0.81	-7.903089986991944
248314.993	275	0.815	-7.903089986991944
248768.73	275	0.82	-7.903089986991944
248979.905	275	0.825	-7.903089986991944
249422.886	275	0.83	-7.903089986991944
250238.49	275	0.835	-7.903089986991944
250851.966	275	0.84	-7.903089986991944
251809.56	275	0.845	-7.903089986991944
251988.407	275	0.85	-7.903089986991944
252400.546	275	0.855	-7.903089986991944
252817.343	275	0.86	-7.903089986991944
254048.355	275	0.865	-7.903089986991944
255284.354	275	0.87	-7.903089986991944
255972.384	275	0.875	-7.903089986991944
256999.326	275	0.88	-7.903089986991944
258089.624	275	0.885	-7.903089986991944
258585.095	275	0.89	-7.903089986991944
258985.887	275	0.895	-7.903089986991944
259499.271	275	0.9	-7.903089986991944
259983.729	275	0.905	-7.903089986991944
260391.186	275	0.91	-7.903089986991944
262139.218	275	0.915	-7.903089986991944
263193.937	275	0.92	-7.903089986991944
263593.113	275	0.925	-7.903089986991944
264854.786	275	0.93	-7.903089986991944
266170.001	275	0.935	-7.903089986991944
267420.157	275	0.94	-7.903089986991944
268307.421	275	0.945	-7.903089986991944
269131.143	275	0.95	-7.903089986991944
271529.703	275	0.955	-7.903089986991944
274272.914	275	0.96	-7.903089986991944
276708.869	275	0.965	-7.903089986991944
280195.636	275	0.97	-7.903089986991944
287225.75	275	0.975	-7.903089986991944
289268.74	275	0.98	-7.903089986991944
296853.958	275	0.985	-7.903089986991944
305450.0	275	0.99	-7.903089986991944
320205.678	275	0.995	-7.903089986991944
237794.536	300	0.5	-7.903089986991944
237950.542	300	0.505	-7.903089986991944
238129.653	300	0.51	-7.903089986991944
238410.437	300	0.515	-7.903089986991944
238762.983	300	0.52	-7.903089986991944
239103.502	300	0.525	-7.903089986991944
239522.634	300	0.53	-7.903089986991944
239739.033	300	0.535	-7.903089986991944
239853.286	300	0.54	-7.903089986991944
240123.928	300	0.545	-7.903089986991944
240495.286	300	0.55	-7.903089986991944
240716.477	300	0.555	-7.903089986991944
240781.689	300	0.56	-7.903089986991944
241045.95	300	0.565	-7.903089986991944
241180.414	300	0.57	-7.903089986991944
241424.47	300	0.575	-7.903089986991944
241655.37	300	0.58	-7.903089986991944
241820.03	300	0.585	-7.903089986991944
242079.256	300	0.59	-7.903089986991944
242544.672	300	0.595	-7.903089986991944
242653.143	300	0.6	-7.903089986991944
242850.7	300	0.605	-7.903089986991944
243319.213	300	0.61	-7.903089986991944
243390.913	300	0.615	-7.903089986991944
243559.431	300	0.62	-7.903089986991944
243888.42	300	0.625	-7.903089986991944
244211.896	300	0.63	-7.903089986991944
244404.171	300	0.635	-7.903089986991944
244704.689	300	0.64	-7.903089986991944
245006.754	300	0.645	-7.903089986991944
245268.429	300	0.65	-7.903089986991944
245342.755	300	0.655	-7.903089986991944
245518.561	300	0.66	-7.903089986991944
246118.283	300	0.665	-7.903089986991944
246405.052	300	0.67	-7.903089986991944
246679.387	300	0.675	-7.903089986991944
246930.057	300	0.68	-7.903089986991944
247814.398	300	0.685	-7.903089986991944
248253.714	300	0.69	-7.903089986991944
248785.67	300	0.695	-7.903089986991944
249009.086	300	0.7	-7.903089986991944
249234.257	300	0.705	-7.903089986991944
249629.884	300	0.71	-7.903089986991944
249897.048	300	0.715	-7.903089986991944
250220.386	300	0.72	-7.903089986991944
250597.191	300	0.725	-7.903089986991944
250835.919	300	0.73	-7.903089986991944
251239.6	300	0.735	-7.903089986991944
251582.886	300	0.74	-7.903089986991944
251739.136	300	0.745	-7.903089986991944
252053.268	300	0.75	-7.903089986991944
252373.028	300	0.755	-7.903089986991944
252848.449	300	0.76	-7.903089986991944
253421.365	300	0.765	-7.903089986991944
253711.331	300	0.77	-7.903089986991944
254167.754	300	0.775	-7.903089986991944
254421.113	300	0.78	-7.903089986991944
255019.104	300	0.785	-7.903089986991944
255362.543	300	0.79	-7.903089986991944
255795.859	300	0.795	-7.903089986991944
256486.6	300	0.8	-7.903089986991944
256804.35	300	0.805	-7.903089986991944
257086.657	300	0.81	-7.903089986991944
257643.964	300	0.815	-7.903089986991944
258110.229	300	0.82	-7.903089986991944
258510.25	300	0.825	-7.903089986991944
258707.569	300	0.83	-7.903089986991944
259349.029	300	0.835	-7.903089986991944
259821.097	300	0.84	-7.903089986991944
260283.186	300	0.845	-7.903089986991944
261379.225	300	0.85	-7.903089986991944
261818.636	300	0.855	-7.903089986991944
262292.429	300	0.86	-7.903089986991944
262847.279	300	0.865	-7.903089986991944
263074.854	300	0.87	-7.903089986991944
263877.384	300	0.875	-7.903089986991944
264509.257	300	0.88	-7.903089986991944
264789.628	300	0.885	-7.903089986991944
265261.665	300	0.89	-7.903089986991944
265749.536	300	0.895	-7.903089986991944
266401.643	300	0.9	-7.903089986991944
267387.521	300	0.905	-7.903089986991944
267901.165	300	0.91	-7.903089986991944
268912.931	300	0.915	-7.903089986991944
269385.6	300	0.92	-7.903089986991944
269825.464	300	0.925	-7.903089986991944
270351.219	300	0.93	-7.903089986991944
271531.829	300	0.935	-7.903089986991944
272426.104	300	0.94	-7.903089986991944
275624.432	300	0.945	-7.903089986991944
278334.35	300	0.95	-7.903089986991944
279958.447	300	0.955	-7.903089986991944
282591.271	300	0.96	-7.903089986991944
285520.671	300	0.965	-7.903089986991944
288650.613	300	0.97	-7.903089986991944
293833.429	300	0.975	-7.903089986991944
298092.943	300	0.98	-7.903089986991944
309772.869	300	0.985	-7.903089986991944
321152.385	300	0.99	-7.903089986991944
344802.614	300	0.995	-7.903089986991944
246641.679	325	0.5	-7.903089986991944
246856.508	325	0.505	-7.903089986991944
247153.221	325	0.51	-7.903089986991944
247443.164	325	0.515	-7.903089986991944
247700.186	325	0.52	-7.903089986991944
248150.857	325	0.525	-7.903089986991944
248320.624	325	0.53	-7.903089986991944
248555.793	325	0.535	-7.903089986991944
248839.737	325	0.54	-7.903089986991944
249166.136	325	0.545	-7.903089986991944
249745.143	325	0.55	-7.903089986991944
250003.369	325	0.555	-7.903089986991944
250228.531	325	0.56	-7.903089986991944
250446.769	325	0.565	-7.903089986991944
250607.151	325	0.57	-7.903089986991944
250847.638	325	0.575	-7.903089986991944
251197.329	325	0.58	-7.903089986991944
251522.614	325	0.585	-7.903089986991944
251749.417	325	0.59	-7.903089986991944
252055.707	325	0.595	-7.903089986991944
252415.514	325	0.6	-7.903089986991944
252663.642	325	0.605	-7.903089986991944
253297.029	325	0.61	-7.903089986991944
253628.028	325	0.615	-7.903089986991944
254146.904	325	0.62	-7.903089986991944
254492.777	325	0.625	-7.903089986991944
255177.959	325	0.63	-7.903089986991944
255555.044	325	0.635	-7.903089986991944
255909.766	325	0.64	-7.903089986991944
256202.264	325	0.645	-7.903089986991944
256378.189	325	0.65	-7.903089986991944
256791.921	325	0.655	-7.903089986991944
256999.59	325	0.66	-7.903089986991944
257379.331	325	0.665	-7.903089986991944
257764.243	325	0.67	-7.903089986991944
257930.998	325	0.675	-7.903089986991944
258196.186	325	0.68	-7.903089986991944
258408.0	325	0.685	-7.903089986991944
258752.944	325	0.69	-7.903089986991944
259035.487	325	0.695	-7.903089986991944
259336.864	325	0.7	-7.903089986991944
259527.63	325	0.705	-7.903089986991944
259884.529	325	0.71	-7.903089986991944
260180.858	325	0.715	-7.903089986991944
260657.429	325	0.72	-7.903089986991944
260994.448	325	0.725	-7.903089986991944
261360.229	325	0.73	-7.903089986991944
261675.421	325	0.735	-7.903089986991944
262022.143	325	0.74	-7.903089986991944
262487.06	325	0.745	-7.903089986991944
262660.214	325	0.75	-7.903089986991944
263075.224	325	0.755	-7.903089986991944
263447.371	325	0.76	-7.903089986991944
264015.563	325	0.765	-7.903089986991944
264501.831	325	0.77	-7.903089986991944
265277.127	325	0.775	-7.903089986991944
265598.229	325	0.78	-7.903089986991944
266191.592	325	0.785	-7.903089986991944
266628.531	325	0.79	-7.903089986991944
266993.488	325	0.795	-7.903089986991944
267650.857	325	0.8	-7.903089986991944
267987.236	325	0.805	-7.903089986991944
268525.456	325	0.81	-7.903089986991944
268972.636	325	0.815	-7.903089986991944
269217.8	325	0.82	-7.903089986991944
270139.393	325	0.825	-7.903089986991944
270705.742	325	0.83	-7.903089986991944
271031.298	325	0.835	-7.903089986991944
271556.343	325	0.84	-7.903089986991944
272237.925	325	0.845	-7.903089986991944
272767.236	325	0.85	-7.903089986991944
273282.45	325	0.855	-7.903089986991944
273811.204	325	0.86	-7.903089986991944
274499.729	325	0.865	-7.903089986991944
275001.452	325	0.87	-7.903089986991944
275354.839	325	0.875	-7.903089986991944
276271.657	325	0.88	-7.903089986991944
276608.971	325	0.885	-7.903089986991944
277528.519	325	0.89	-7.903089986991944
278666.221	325	0.895	-7.903089986991944
279093.421	325	0.9	-7.903089986991944
279775.278	325	0.905	-7.903089986991944
280579.056	325	0.91	-7.903089986991944
281461.928	325	0.915	-7.903089986991944
282154.137	325	0.92	-7.903089986991944
283182.184	325	0.925	-7.903089986991944
285601.643	325	0.93	-7.903089986991944
286229.319	325	0.935	-7.903089986991944
288189.543	325	0.94	-7.903089986991944
288910.736	325	0.945	-7.903089986991944
292932.143	325	0.95	-7.903089986991944
295347.949	325	0.955	-7.903089986991944
299020.7	325	0.96	-7.903089986991944
301537.453	325	0.965	-7.903089986991944
305950.245	325	0.97	-7.903089986991944
310007.963	325	0.975	-7.903089986991944
320505.561	325	0.98	-7.903089986991944
330495.6	325	0.985	-7.903089986991944
344071.314	325	0.99	-7.903089986991944
363218.007	325	0.995	-7.903089986991944
254248.571	350	0.5	-7.903089986991944
254467.521	350	0.505	-7.903089986991944
254714.308	350	0.51	-7.903089986991944
254978.461	350	0.515	-7.903089986991944
255271.866	350	0.52	-7.903089986991944
255622.654	350	0.525	-7.903089986991944
255850.0	350	0.53	-7.903089986991944
256113.726	350	0.535	-7.903089986991944
256440.371	350	0.54	-7.903089986991944
256786.303	350	0.545	-7.903089986991944
257051.364	350	0.55	-7.903089986991944
257622.295	350	0.555	-7.903089986991944
258126.88	350	0.56	-7.903089986991944
258283.698	350	0.565	-7.903089986991944
258578.014	350	0.57	-7.903089986991944
258860.005	350	0.575	-7.903089986991944
259241.743	350	0.58	-7.903089986991944
259439.379	350	0.585	-7.903089986991944
259535.044	350	0.59	-7.903089986991944
260033.164	350	0.595	-7.903089986991944
260328.329	350	0.6	-7.903089986991944
260660.529	350	0.605	-7.903089986991944
261104.443	350	0.61	-7.903089986991944
261476.472	350	0.615	-7.903089986991944
261790.069	350	0.62	-7.903089986991944
261978.277	350	0.625	-7.903089986991944
262193.829	350	0.63	-7.903089986991944
262472.514	350	0.635	-7.903089986991944
262700.38	350	0.64	-7.903089986991944
263094.096	350	0.645	-7.903089986991944
263625.382	350	0.65	-7.903089986991944
264119.364	350	0.655	-7.903089986991944
264427.733	350	0.66	-7.903089986991944
264856.424	350	0.665	-7.903089986991944
265355.081	350	0.67	-7.903089986991944
265920.0	350	0.675	-7.903089986991944
266056.48	350	0.68	-7.903089986991944
266465.121	350	0.685	-7.903089986991944
266718.614	350	0.69	-7.903089986991944
267063.192	350	0.695	-7.903089986991944
267491.0	350	0.7	-7.903089986991944
267837.114	350	0.705	-7.903089986991944
268278.557	350	0.71	-7.903089986991944
268535.753	350	0.715	-7.903089986991944
269039.157	350	0.72	-7.903089986991944
269411.964	350	0.725	-7.903089986991944
269733.2	350	0.73	-7.903089986991944
270149.824	350	0.735	-7.903089986991944
270665.947	350	0.74	-7.903089986991944
270961.753	350	0.745	-7.903089986991944
271490.143	350	0.75	-7.903089986991944
271738.438	350	0.755	-7.903089986991944
272146.637	350	0.76	-7.903089986991944
272406.402	350	0.765	-7.903089986991944
272844.148	350	0.77	-7.903089986991944
273201.429	350	0.775	-7.903089986991944
274232.457	350	0.78	-7.903089986991944
274708.648	350	0.785	-7.903089986991944
275201.0	350	0.79	-7.903089986991944
275815.035	350	0.795	-7.903089986991944
276235.414	350	0.8	-7.903089986991944
276460.171	350	0.805	-7.903089986991944
277012.671	350	0.81	-7.903089986991944
277719.52	350	0.815	-7.903089986991944
278204.086	350	0.82	-7.903089986991944
278755.118	350	0.825	-7.903089986991944
279012.971	350	0.83	-7.903089986991944
279216.7	350	0.835	-7.903089986991944
279968.229	350	0.84	-7.903089986991944
280429.222	350	0.845	-7.903089986991944
280892.5	350	0.85	-7.903089986991944
281384.403	350	0.855	-7.903089986991944
281961.343	350	0.86	-7.903089986991944
282533.626	350	0.865	-7.903089986991944
283328.524	350	0.87	-7.903089986991944
284342.518	350	0.875	-7.903089986991944
285164.074	350	0.88	-7.903089986991944
285626.797	350	0.885	-7.903089986991944
286680.771	350	0.89	-7.903089986991944
287185.536	350	0.895	-7.903089986991944
288802.286	350	0.9	-7.903089986991944
290105.479	350	0.905	-7.903089986991944
291775.064	350	0.91	-7.903089986991944
292875.66	350	0.915	-7.903089986991944
294063.086	350	0.92	-7.903089986991944
296481.893	350	0.925	-7.903089986991944
297656.996	350	0.93	-7.903089986991944
300255.984	350	0.935	-7.903089986991944
301751.507	350	0.94	-7.903089986991944
302846.517	350	0.945	-7.903089986991944
307113.289	350	0.95	-7.903089986991944
308045.743	350	0.955	-7.903089986991944
308730.011	350	0.96	-7.903089986991944
311069.072	350	0.965	-7.903089986991944
312915.157	350	0.97	-7.903089986991944
318407.325	350	0.975	-7.903089986991944
327326.22	350	0.98	-7.903089986991944
333101.652	350	0.985	-7.903089986991944
336562.799	350	0.99	-7.903089986991944
354693.579	350	0.995	-7.903089986991944
261307.857	375	0.5	-7.903089986991944
261604.034	375	0.505	-7.903089986991944
261986.352	375	0.51	-7.903089986991944
262126.758	375	0.515	-7.903089986991944
262515.177	375	0.52	-7.903089986991944
262901.357	375	0.525	-7.903089986991944
263152.49	375	0.53	-7.903089986991944
263401.393	375	0.535	-7.903089986991944
263608.383	375	0.54	-7.903089986991944
263702.378	375	0.545	-7.903089986991944
264081.143	375	0.55	-7.903089986991944
264406.073	375	0.555	-7.903089986991944
264724.743	375	0.56	-7.903089986991944
264950.657	375	0.565	-7.903089986991944
265420.818	375	0.57	-7.903089986991944
265807.495	375	0.575	-7.903089986991944
266094.534	375	0.58	-7.903089986991944
266363.157	375	0.585	-7.903089986991944
266662.312	375	0.59	-7.903089986991944
266896.337	375	0.595	-7.903089986991944
267187.429	375	0.6	-7.903089986991944
267615.949	375	0.605	-7.903089986991944
267909.427	375	0.61	-7.903089986991944
268033.174	375	0.615	-7.903089986991944
268311.629	375	0.62	-7.903089986991944
268500.312	375	0.625	-7.903089986991944
268810.051	375	0.63	-7.903089986991944
269222.341	375	0.635	-7.903089986991944
269750.057	375	0.64	-7.903089986991944
270024.844	375	0.645	-7.903089986991944
270363.143	375	0.65	-7.903089986991944
270836.375	375	0.655	-7.903089986991944
271154.2	375	0.66	-7.903089986991944
271778.728	375	0.665	-7.903089986991944
271940.752	375	0.67	-7.903089986991944
272218.821	375	0.675	-7.903089986991944
272408.914	375	0.68	-7.903089986991944
272548.944	375	0.685	-7.903089986991944
272805.821	375	0.69	-7.903089986991944
273263.477	375	0.695	-7.903089986991944
273531.764	375	0.7	-7.903089986991944
274163.093	375	0.705	-7.903089986991944
274421.729	375	0.71	-7.903089986991944
274642.089	375	0.715	-7.903089986991944
274968.326	375	0.72	-7.903089986991944
275229.752	375	0.725	-7.903089986991944
275747.652	375	0.73	-7.903089986991944
276060.29	375	0.735	-7.903089986991944
276299.424	375	0.74	-7.903089986991944
276973.983	375	0.745	-7.903089986991944
277896.071	375	0.75	-7.903089986991944
278417.339	375	0.755	-7.903089986991944
278750.971	375	0.76	-7.903089986991944
279095.707	375	0.765	-7.903089986991944
279416.702	375	0.77	-7.903089986991944
279681.786	375	0.775	-7.903089986991944
280220.656	375	0.78	-7.903089986991944
280269.969	375	0.785	-7.903089986991944
280651.7	375	0.79	-7.903089986991944
280982.034	375	0.795	-7.903089986991944
281621.829	375	0.8	-7.903089986991944
281980.171	375	0.805	-7.903089986991944
282552.973	375	0.81	-7.903089986991944
282775.67	375	0.815	-7.903089986991944
283231.686	375	0.82	-7.903089986991944
284000.821	375	0.825	-7.903089986991944
284494.433	375	0.83	-7.903089986991944
284826.802	375	0.835	-7.903089986991944
285597.943	375	0.84	-7.903089986991944
285819.995	375	0.845	-7.903089986991944
286170.275	375	0.85	-7.903089986991944
286524.547	375	0.855	-7.903089986991944
287667.821	375	0.86	-7.903089986991944
289337.207	375	0.865	-7.903089986991944
289718.529	375	0.87	-7.903089986991944
290326.384	375	0.875	-7.903089986991944
291166.971	375	0.88	-7.903089986991944
291795.371	375	0.885	-7.903089986991944
292411.759	375	0.89	-7.903089986991944
294090.293	375	0.895	-7.903089986991944
294438.571	375	0.9	-7.903089986991944
295310.178	375	0.905	-7.903089986991944
296384.264	375	0.91	-7.903089986991944
297377.398	375	0.915	-7.903089986991944
298113.626	375	0.92	-7.903089986991944
300164.286	375	0.925	-7.903089986991944
302257.843	375	0.93	-7.903089986991944
302948.076	375	0.935	-7.903089986991944
304885.88	375	0.94	-7.903089986991944
307177.103	375	0.945	-7.903089986991944
309533.932	375	0.95	-7.903089986991944
312148.6	375	0.955	-7.903089986991944
314420.057	375	0.96	-7.903089986991944
316324.965	375	0.965	-7.903089986991944
318778.859	375	0.97	-7.903089986991944
322407.964	375	0.975	-7.903089986991944
328867.4	375	0.98	-7.903089986991944
341796.579	375	0.985	-7.903089986991944
351031.93	375	0.99	-7.903089986991944
358853.936	375	0.995	-7.903089986991944
269769.357	400	0.5	-7.903089986991944
270024.05	400	0.505	-7.903089986991944
270500.144	400	0.51	-7.903089986991944
270911.03	400	0.515	-7.903089986991944
271062.76	400	0.52	-7.903089986991944
271219.518	400	0.525	-7.903089986991944
271495.161	400	0.53	-7.903089986991944
271839.769	400	0.535	-7.903089986991944
272201.667	400	0.54	-7.903089986991944
272377.053	400	0.545	-7.903089986991944
272627.714	400	0.55	-7.903089986991944
272872.386	400	0.555	-7.903089986991944
273110.423	400	0.56	-7.903089986991944
273403.228	400	0.565	-7.903089986991944
273535.196	400	0.57	-7.903089986991944
274053.648	400	0.575	-7.903089986991944
274216.841	400	0.58	-7.903089986991944
274434.242	400	0.585	-7.903089986991944
274798.987	400	0.59	-7.903089986991944
275034.89	400	0.595	-7.903089986991944
275146.329	400	0.6	-7.903089986991944
275627.493	400	0.605	-7.903089986991944
275809.291	400	0.61	-7.903089986991944
276062.049	400	0.615	-7.903089986991944
276482.884	400	0.62	-7.903089986991944
276996.991	400	0.625	-7.903089986991944
277581.879	400	0.63	-7.903089986991944
277898.171	400	0.635	-7.903089986991944
278589.78	400	0.64	-7.903089986991944
278990.94	400	0.645	-7.903089986991944
279482.425	400	0.65	-7.903089986991944
279700.261	400	0.655	-7.903089986991944
280201.467	400	0.66	-7.903089986991944
280482.533	400	0.665	-7.903089986991944
280585.681	400	0.67	-7.903089986991944
280853.75	400	0.675	-7.903089986991944
281371.6	400	0.68	-7.903089986991944
281770.207	400	0.685	-7.903089986991944
282278.436	400	0.69	-7.903089986991944
282658.035	400	0.695	-7.903089986991944
282844.243	400	0.7	-7.903089986991944
283014.808	400	0.705	-7.903089986991944
283289.073	400	0.71	-7.903089986991944
283754.414	400	0.715	-7.903089986991944
284075.029	400	0.72	-7.903089986991944
284402.821	400	0.725	-7.903089986991944
284646.286	400	0.73	-7.903089986991944
285134.953	400	0.735	-7.903089986991944
285549.091	400	0.74	-7.903089986991944
285863.179	400	0.745	-7.903089986991944
286195.375	400	0.75	-7.903089986991944
286389.577	400	0.755	-7.903089986991944
286970.131	400	0.76	-7.903089986991944
287245.779	400	0.765	-7.903089986991944
288268.074	400	0.77	-7.903089986991944
288759.718	400	0.775	-7.903089986991944
289125.057	400	0.78	-7.903089986991944
289616.852	400	0.785	-7.903089986991944
290157.999	400	0.79	-7.903089986991944
290735.414	400	0.795	-7.903089986991944
291324.571	400	0.8	-7.903089986991944
291685.386	400	0.805	-7.903089986991944
291841.714	400	0.81	-7.903089986991944
292084.981	400	0.815	-7.903089986991944
293269.829	400	0.82	-7.903089986991944
293507.475	400	0.825	-7.903089986991944
293924.112	400	0.83	-7.903089986991944
294585.257	400	0.835	-7.903089986991944
295043.543	400	0.84	-7.903089986991944
295351.439	400	0.845	-7.903089986991944
296336.714	400	0.85	-7.903089986991944
296572.994	400	0.855	-7.903089986991944
297091.599	400	0.86	-7.903089986991944
297902.15	400	0.865	-7.903089986991944
298926.606	400	0.87	-7.903089986991944
299441.607	400	0.875	-7.903089986991944
300298.12	400	0.88	-7.903089986991944
300532.289	400	0.885	-7.903089986991944
301337.484	400	0.89	-7.903089986991944
302576.592	400	0.895	-7.903089986991944
303351.786	400	0.9	-7.903089986991944
305391.715	400	0.905	-7.903089986991944
306660.771	400	0.91	-7.903089986991944
307948.297	400	0.915	-7.903089986991944
309530.686	400	0.92	-7.903089986991944
311144.138	400	0.925	-7.903089986991944
312918.038	400	0.93	-7.903089986991944
314011.869	400	0.935	-7.903089986991944
315688.119	400	0.94	-7.903089986991944
317427.983	400	0.945	-7.903089986991944
319423.575	400	0.95	-7.903089986991944
322484.625	400	0.955	-7.903089986991944
325264.357	400	0.96	-7.903089986991944
328996.252	400	0.965	-7.903089986991944
330975.83	400	0.97	-7.903089986991944
336812.538	400	0.975	-7.903089986991944
340672.057	400	0.98	-7.903089986991944
348874.502	400	0.985	-7.903089986991944
355143.614	400	0.99	-7.903089986991944
388307.23	400	0.995	-7.903089986991944
277485.179	425	0.5	-7.903089986991944
277807.248	425	0.505	-7.903089986991944
278123.829	425	0.51	-7.903089986991944
278217.986	425	0.515	-7.903089986991944
278839.806	425	0.52	-7.903089986991944
279127.43	425	0.525	-7.903089986991944
279334.199	425	0.53	-7.903089986991944
279511.523	425	0.535	-7.903089986991944
279710.919	425	0.54	-7.903089986991944
279961.23	425	0.545	-7.903089986991944
280235.143	425	0.55	-7.903089986991944
280504.007	425	0.555	-7.903089986991944
280888.286	425	0.56	-7.903089986991944
281131.352	425	0.565	-7.903089986991944
281389.226	425	0.57	-7.903089986991944
282213.871	425	0.575	-7.903089986991944
282710.427	425	0.58	-7.903089986991944
283142.886	425	0.585	-7.903089986991944
283348.486	425	0.59	-7.903089986991944
283924.522	425	0.595	-7.903089986991944
284155.929	425	0.6	-7.903089986991944
284621.106	425	0.605	-7.903089986991944
284837.0	425	0.61	-7.903089986991944
285072.421	425	0.615	-7.903089986991944
285202.966	425	0.62	-7.903089986991944
285450.991	425	0.625	-7.903089986991944
285691.241	425	0.63	-7.903089986991944
286060.935	425	0.635	-7.903089986991944
286261.863	425	0.64	-7.903089986991944
286491.264	425	0.645	-7.903089986991944
286871.161	425	0.65	-7.903089986991944
287448.239	425	0.655	-7.903089986991944
287733.346	425	0.66	-7.903089986991944
288117.824	425	0.665	-7.903089986991944
288469.486	425	0.67	-7.903089986991944
288789.0	425	0.675	-7.903089986991944
288970.914	425	0.68	-7.903089986991944
289332.343	425	0.685	-7.903089986991944
289540.229	425	0.69	-7.903089986991944
289824.108	425	0.695	-7.903089986991944
290180.243	425	0.7	-7.903089986991944
290429.098	425	0.705	-7.903089986991944
291023.044	425	0.71	-7.903089986991944
291504.339	425	0.715	-7.903089986991944
291883.234	425	0.72	-7.903089986991944
292137.071	425	0.725	-7.903089986991944
292309.705	425	0.73	-7.903089986991944
292639.202	425	0.735	-7.903089986991944
293059.514	425	0.74	-7.903089986991944
293744.814	425	0.745	-7.903089986991944
294189.393	425	0.75	-7.903089986991944
294487.261	425	0.755	-7.903089986991944
294998.166	425	0.76	-7.903089986991944
295484.186	425	0.765	-7.903089986991944
295847.869	425	0.77	-7.903089986991944
296175.432	425	0.775	-7.903089986991944
296371.533	425	0.78	-7.903089986991944
297090.886	425	0.785	-7.903089986991944
297541.197	425	0.79	-7.903089986991944
298400.271	425	0.795	-7.903089986991944
298493.714	425	0.8	-7.903089986991944
298753.136	425	0.805	-7.903089986991944
299545.0	425	0.81	-7.903089986991944
300125.036	425	0.815	-7.903089986991944
300588.2	425	0.82	-7.903089986991944
300884.475	425	0.825	-7.903089986991944
301164.682	425	0.83	-7.903089986991944
301918.929	425	0.835	-7.903089986991944
302588.949	425	0.84	-7.903089986991944
303088.986	425	0.845	-7.903089986991944
304494.643	425	0.85	-7.903089986991944
305323.664	425	0.855	-7.903089986991944
306055.446	425	0.86	-7.903089986991944
306568.831	425	0.865	-7.903089986991944
306918.744	425	0.87	-7.903089986991944
307570.955	425	0.875	-7.903089986991944
307773.657	425	0.88	-7.903089986991944
308244.436	425	0.885	-7.903089986991944
309364.378	425	0.89	-7.903089986991944
310782.358	425	0.895	-7.903089986991944
312420.0	425	0.9	-7.903089986991944
313179.106	425	0.905	-7.903089986991944
313762.173	425	0.91	-7.903089986991944
314035.92	425	0.915	-7.903089986991944
315469.086	425	0.92	-7.903089986991944
317401.802	425	0.925	-7.903089986991944
319232.624	425	0.93	-7.903089986991944
324052.357	425	0.935	-7.903089986991944
326438.84	425	0.94	-7.903089986991944
328802.95	425	0.945	-7.903089986991944
330673.911	425	0.95	-7.903089986991944
334748.596	425	0.955	-7.903089986991944
335511.486	425	0.96	-7.903089986991944
337117.157	425	0.965	-7.903089986991944
342334.427	425	0.97	-7.903089986991944
351727.714	425	0.975	-7.903089986991944
360808.171	425	0.98	-7.903089986991944
374573.25	425	0.985	-7.903089986991944
387588.83	425	0.99	-7.903089986991944
412216.673	425	0.995	-7.903089986991944
285717.143	450	0.5	-7.903089986991944
285961.229	450	0.505	-7.903089986991944
286347.146	450	0.51	-7.903089986991944
286511.129	450	0.515	-7.903089986991944
286747.143	450	0.52	-7.903089986991944
287075.034	450	0.525	-7.903089986991944
287371.849	450	0.53	-7.903089986991944
287617.722	450	0.535	-7.903089986991944
287721.919	450	0.54	-7.903089986991944
288110.529	450	0.545	-7.903089986991944
288287.675	450	0.55	-7.903089986991944
288492.111	450	0.555	-7.903089986991944
288796.569	450	0.56	-7.903089986991944
289123.729	450	0.565	-7.903089986991944
289212.329	450	0.57	-7.903089986991944
289338.459	450	0.575	-7.903089986991944
289879.022	450	0.58	-7.903089986991944
290363.287	450	0.585	-7.903089986991944
290688.326	450	0.59	-7.903089986991944
290828.407	450	0.595	-7.903089986991944
291003.8	450	0.6	-7.903089986991944
291574.072	450	0.605	-7.903089986991944
292071.414	450	0.61	-7.903089986991944
292356.261	450	0.615	-7.903089986991944
292776.371	450	0.62	-7.903089986991944
293152.857	450	0.625	-7.903089986991944
293365.684	450	0.63	-7.903089986991944
293670.108	450	0.635	-7.903089986991944
294081.474	450	0.64	-7.903089986991944
294311.293	450	0.645	-7.903089986991944
294785.214	450	0.65	-7.903089986991944
295343.997	450	0.655	-7.903089986991944
295547.533	450	0.66	-7.903089986991944
295940.603	450	0.665	-7.903089986991944
296255.686	450	0.67	-7.903089986991944
296443.582	450	0.675	-7.903089986991944
296774.929	450	0.68	-7.903089986991944
297022.521	450	0.685	-7.903089986991944
297200.486	450	0.69	-7.903089986991944
297492.371	450	0.695	-7.903089986991944
298057.021	450	0.7	-7.903089986991944
298194.329	450	0.705	-7.903089986991944
298527.957	450	0.71	-7.903089986991944
298968.071	450	0.715	-7.903089986991944
299385.777	450	0.72	-7.903089986991944
299582.266	450	0.725	-7.903089986991944
300227.376	450	0.73	-7.903089986991944
300778.707	450	0.735	-7.903089986991944
301044.916	450	0.74	-7.903089986991944
301425.914	450	0.745	-7.903089986991944
301760.357	450	0.75	-7.903089986991944
302520.568	450	0.755	-7.903089986991944
303137.103	450	0.76	-7.903089986991944
303674.055	450	0.765	-7.903089986991944
304131.076	450	0.77	-7.903089986991944
304706.191	450	0.775	-7.903089986991944
305346.2	450	0.78	-7.903089986991944
305687.997	450	0.785	-7.903089986991944
305862.127	450	0.79	-7.903089986991944
306677.892	450	0.795	-7.903089986991944
307759.143	450	0.8	-7.903089986991944
308322.7	450	0.805	-7.903089986991944
308500.872	450	0.81	-7.903089986991944
308674.264	450	0.815	-7.903089986991944
309095.804	450	0.82	-7.903089986991944
309604.632	450	0.825	-7.903089986991944
310365.943	450	0.83	-7.903089986991944
311065.75	450	0.835	-7.903089986991944
311754.117	450	0.84	-7.903089986991944
312194.432	450	0.845	-7.903089986991944
312895.429	450	0.85	-7.903089986991944
313765.275	450	0.855	-7.903089986991944
314870.907	450	0.86	-7.903089986991944
315669.921	450	0.865	-7.903089986991944
316599.695	450	0.87	-7.903089986991944
317682.089	450	0.875	-7.903089986991944
318239.086	450	0.88	-7.903089986991944
319249.318	450	0.885	-7.903089986991944
321107.541	450	0.89	-7.903089986991944
322280.929	450	0.895	-7.903089986991944
323149.857	450	0.9	-7.903089986991944
326258.486	450	0.905	-7.903089986991944
327777.221	450	0.91	-7.903089986991944
329424.762	450	0.915	-7.903089986991944
331028.04	450	0.92	-7.903089986991944
333360.393	450	0.925	-7.903089986991944
334365.713	450	0.93	-7.903089986991944
336033.321	450	0.935	-7.903089986991944
338129.261	450	0.94	-7.903089986991944
339193.95	450	0.945	-7.903089986991944
341900.643	450	0.95	-7.903089986991944
345592.858	450	0.955	-7.903089986991944
348259.871	450	0.96	-7.903089986991944
350648.122	450	0.965	-7.903089986991944
356098.602	450	0.97	-7.903089986991944
370492.143	450	0.975	-7.903089986991944
375866.716	450	0.98	-7.903089986991944
390477.456	450	0.985	-7.903089986991944
407784.5	450	0.99	-7.903089986991944
420562.593	450	0.995	-7.903089986991944
