S*_score	SNP_num	quantile	log(local_recomb_rate)
106275.0	25	0.5	-7.903089986991944
107057.303	25	0.505	-7.903089986991944
107237.4	25	0.51	-7.903089986991944
107418.033	25	0.515	-7.903089986991944
107662.834	25	0.52	-7.903089986991944
108248.733	25	0.525	-7.903089986991944
108495.533	25	0.53	-7.903089986991944
109830.858	25	0.535	-7.903089986991944
110025.862	25	0.54	-7.903089986991944
110805.443	25	0.545	-7.903089986991944
112003.0	25	0.55	-7.903089986991944
113738.228	25	0.555	-7.903089986991944
114288.133	25	0.56	-7.903089986991944
114690.438	25	0.565	-7.903089986991944
115359.8	25	0.57	-7.903089986991944
115660.375	25	0.575	-7.903089986991944
116304.657	25	0.58	-7.903089986991944
117424.513	25	0.585	-7.903089986991944
117624.262	25	0.59	-7.903089986991944
118281.2	25	0.595	-7.903089986991944
119099.905	25	0.6	-7.903089986991944
119684.2	25	0.605	-7.903089986991944
120835.935	25	0.61	-7.903089986991944
121598.536	25	0.615	-7.903089986991944
121875.37	25	0.62	-7.903089986991944
122336.958	25	0.625	-7.903089986991944
122539.6	25	0.63	-7.903089986991944
124003.56	25	0.635	-7.903089986991944
124416.131	25	0.64	-7.903089986991944
125546.133	25	0.645	-7.903089986991944
125873.818	25	0.65	-7.903089986991944
126532.808	25	0.655	-7.903089986991944
127562.412	25	0.66	-7.903089986991944
127694.892	25	0.665	-7.903089986991944
127820.711	25	0.67	-7.903089986991944
128267.917	25	0.675	-7.903089986991944
128868.4	25	0.68	-7.903089986991944
129382.283	25	0.685	-7.903089986991944
129680.898	25	0.69	-7.903089986991944
130526.94	25	0.695	-7.903089986991944
131068.857	25	0.7	-7.903089986991944
131660.938	25	0.705	-7.903089986991944
133139.1	25	0.71	-7.903089986991944
133490.045	25	0.715	-7.903089986991944
133676.762	25	0.72	-7.903089986991944
134075.825	25	0.725	-7.903089986991944
134460.4	25	0.73	-7.903089986991944
134859.17	25	0.735	-7.903089986991944
135151.0	25	0.74	-7.903089986991944
135953.589	25	0.745	-7.903089986991944
136275.0	25	0.75	-7.903089986991944
137411.886	25	0.755	-7.903089986991944
138139.2	25	0.76	-7.903089986991944
139017.315	25	0.765	-7.903089986991944
139750.8	25	0.77	-7.903089986991944
140561.6	25	0.775	-7.903089986991944
141212.143	25	0.78	-7.903089986991944
142757.151	25	0.785	-7.903089986991944
142988.303	25	0.79	-7.903089986991944
143315.9	25	0.795	-7.903089986991944
143708.0	25	0.8	-7.903089986991944
144363.95	25	0.805	-7.903089986991944
144678.933	25	0.81	-7.903089986991944
145894.875	25	0.815	-7.903089986991944
146809.917	25	0.82	-7.903089986991944
149841.55	25	0.825	-7.903089986991944
150897.693	25	0.83	-7.903089986991944
151378.396	25	0.835	-7.903089986991944
151773.703	25	0.84	-7.903089986991944
152375.315	25	0.845	-7.903089986991944
153248.0	25	0.85	-7.903089986991944
155756.63	25	0.855	-7.903089986991944
156924.524	25	0.86	-7.903089986991944
157788.067	25	0.865	-7.903089986991944
158612.5	25	0.87	-7.903089986991944
159227.917	25	0.875	-7.903089986991944
160360.0	25	0.88	-7.903089986991944
160875.091	25	0.885	-7.903089986991944
161979.8	25	0.89	-7.903089986991944
162871.423	25	0.895	-7.903089986991944
163212.667	25	0.9	-7.903089986991944
163996.673	25	0.905	-7.903089986991944
164807.6	25	0.91	-7.903089986991944
166068.1	25	0.915	-7.903089986991944
167730.4	25	0.92	-7.903089986991944
168231.675	25	0.925	-7.903089986991944
168484.2	25	0.93	-7.903089986991944
169646.025	25	0.935	-7.903089986991944
170359.0	25	0.94	-7.903089986991944
172547.717	25	0.945	-7.903089986991944
173731.571	25	0.95	-7.903089986991944
174888.08	25	0.955	-7.903089986991944
176506.4	25	0.96	-7.903089986991944
177880.282	25	0.965	-7.903089986991944
179031.6	25	0.97	-7.903089986991944
180268.0	25	0.975	-7.903089986991944
188316.392	25	0.98	-7.903089986991944
190411.527	25	0.985	-7.903089986991944
195520.2	25	0.99	-7.903089986991944
198828.9	25	0.995	-7.903089986991944
122724.0	50	0.5	-7.903089986991944
123036.667	50	0.505	-7.903089986991944
123640.0	50	0.51	-7.903089986991944
124000.577	50	0.515	-7.903089986991944
124409.091	50	0.52	-7.903089986991944
124698.75	50	0.525	-7.903089986991944
124922.333	50	0.53	-7.903089986991944
125344.197	50	0.535	-7.903089986991944
125535.0	50	0.54	-7.903089986991944
126728.083	50	0.545	-7.903089986991944
127259.5	50	0.55	-7.903089986991944
127434.519	50	0.555	-7.903089986991944
127975.444	50	0.56	-7.903089986991944
128165.833	50	0.565	-7.903089986991944
128575.0	50	0.57	-7.903089986991944
129293.991	50	0.575	-7.903089986991944
129933.667	50	0.58	-7.903089986991944
130263.667	50	0.585	-7.903089986991944
130440.0	50	0.59	-7.903089986991944
130847.686	50	0.595	-7.903089986991944
131380.0	50	0.6	-7.903089986991944
132085.0	50	0.605	-7.903089986991944
132587.875	50	0.61	-7.903089986991944
132865.795	50	0.615	-7.903089986991944
133032.1	50	0.62	-7.903089986991944
133202.143	50	0.625	-7.903089986991944
133740.0	50	0.63	-7.903089986991944
134072.198	50	0.635	-7.903089986991944
134940.0	50	0.64	-7.903089986991944
135297.5	50	0.645	-7.903089986991944
135800.0	50	0.65	-7.903089986991944
136099.167	50	0.655	-7.903089986991944
136469.231	50	0.66	-7.903089986991944
137032.381	50	0.665	-7.903089986991944
137553.333	50	0.67	-7.903089986991944
138099.091	50	0.675	-7.903089986991944
139273.333	50	0.68	-7.903089986991944
139967.333	50	0.685	-7.903089986991944
140632.0	50	0.69	-7.903089986991944
140913.833	50	0.695	-7.903089986991944
141353.667	50	0.7	-7.903089986991944
141655.9	50	0.705	-7.903089986991944
141843.308	50	0.71	-7.903089986991944
142241.583	50	0.715	-7.903089986991944
142594.917	50	0.72	-7.903089986991944
143132.786	50	0.725	-7.903089986991944
143712.286	50	0.73	-7.903089986991944
144361.818	50	0.735	-7.903089986991944
145215.385	50	0.74	-7.903089986991944
146829.909	50	0.745	-7.903089986991944
147335.714	50	0.75	-7.903089986991944
148085.667	50	0.755	-7.903089986991944
148574.286	50	0.76	-7.903089986991944
149134.615	50	0.765	-7.903089986991944
149980.0	50	0.77	-7.903089986991944
150504.359	50	0.775	-7.903089986991944
151210.0	50	0.78	-7.903089986991944
151975.731	50	0.785	-7.903089986991944
152810.0	50	0.79	-7.903089986991944
153368.25	50	0.795	-7.903089986991944
154405.0	50	0.8	-7.903089986991944
154764.5	50	0.805	-7.903089986991944
155022.857	50	0.81	-7.903089986991944
155688.0	50	0.815	-7.903089986991944
156924.286	50	0.82	-7.903089986991944
158138.214	50	0.825	-7.903089986991944
158467.143	50	0.83	-7.903089986991944
159094.048	50	0.835	-7.903089986991944
159720.0	50	0.84	-7.903089986991944
160689.833	50	0.845	-7.903089986991944
161460.0	50	0.85	-7.903089986991944
162270.167	50	0.855	-7.903089986991944
163615.125	50	0.86	-7.903089986991944
164892.747	50	0.865	-7.903089986991944
165615.25	50	0.87	-7.903089986991944
166910.0	50	0.875	-7.903089986991944
167660.0	50	0.88	-7.903089986991944
168938.643	50	0.885	-7.903089986991944
170264.444	50	0.89	-7.903089986991944
171081.409	50	0.895	-7.903089986991944
171820.0	50	0.9	-7.903089986991944
172865.0	50	0.905	-7.903089986991944
173631.667	50	0.91	-7.903089986991944
174482.857	50	0.915	-7.903089986991944
175643.5	50	0.92	-7.903089986991944
176439.351	50	0.925	-7.903089986991944
177951.429	50	0.93	-7.903089986991944
179467.9	50	0.935	-7.903089986991944
181080.0	50	0.94	-7.903089986991944
182501.929	50	0.945	-7.903089986991944
184760.0	50	0.95	-7.903089986991944
186481.429	50	0.955	-7.903089986991944
189400.0	50	0.96	-7.903089986991944
191845.0	50	0.965	-7.903089986991944
194764.286	50	0.97	-7.903089986991944
196671.429	50	0.975	-7.903089986991944
202114.286	50	0.98	-7.903089986991944
205835.0	50	0.985	-7.903089986991944
207880.0	50	0.99	-7.903089986991944
219721.667	50	0.995	-7.903089986991944
137954.2	75	0.5	-7.903089986991944
138335.073	75	0.505	-7.903089986991944
138553.79	75	0.51	-7.903089986991944
138845.764	75	0.515	-7.903089986991944
139177.853	75	0.52	-7.903089986991944
139704.381	75	0.525	-7.903089986991944
140477.852	75	0.53	-7.903089986991944
140905.99	75	0.535	-7.903089986991944
141211.836	75	0.54	-7.903089986991944
141435.229	75	0.545	-7.903089986991944
141958.465	75	0.55	-7.903089986991944
142597.193	75	0.555	-7.903089986991944
142867.278	75	0.56	-7.903089986991944
143314.703	75	0.565	-7.903089986991944
143781.587	75	0.57	-7.903089986991944
144254.431	75	0.575	-7.903089986991944
144574.254	75	0.58	-7.903089986991944
145363.363	75	0.585	-7.903089986991944
146160.829	75	0.59	-7.903089986991944
147088.107	75	0.595	-7.903089986991944
147457.945	75	0.6	-7.903089986991944
148100.638	75	0.605	-7.903089986991944
148447.825	75	0.61	-7.903089986991944
148850.071	75	0.615	-7.903089986991944
149259.714	75	0.62	-7.903089986991944
149892.688	75	0.625	-7.903089986991944
150429.393	75	0.63	-7.903089986991944
150644.697	75	0.635	-7.903089986991944
150940.09	75	0.64	-7.903089986991944
151671.907	75	0.645	-7.903089986991944
152080.704	75	0.65	-7.903089986991944
152774.463	75	0.655	-7.903089986991944
152922.0	75	0.66	-7.903089986991944
153537.33	75	0.665	-7.903089986991944
153959.691	75	0.67	-7.903089986991944
154156.5	75	0.675	-7.903089986991944
154589.996	75	0.68	-7.903089986991944
154878.924	75	0.685	-7.903089986991944
155410.657	75	0.69	-7.903089986991944
155547.78	75	0.695	-7.903089986991944
156017.622	75	0.7	-7.903089986991944
156325.896	75	0.705	-7.903089986991944
156644.3	75	0.71	-7.903089986991944
156991.741	75	0.715	-7.903089986991944
157294.514	75	0.72	-7.903089986991944
157939.5	75	0.725	-7.903089986991944
158428.158	75	0.73	-7.903089986991944
159192.245	75	0.735	-7.903089986991944
159607.909	75	0.74	-7.903089986991944
159893.462	75	0.745	-7.903089986991944
160602.125	75	0.75	-7.903089986991944
161056.06	75	0.755	-7.903089986991944
161409.76	75	0.76	-7.903089986991944
161979.97	75	0.765	-7.903089986991944
162296.717	75	0.77	-7.903089986991944
162918.489	75	0.775	-7.903089986991944
163069.485	75	0.78	-7.903089986991944
163684.006	75	0.785	-7.903089986991944
164379.401	75	0.79	-7.903089986991944
164624.831	75	0.795	-7.903089986991944
165476.474	75	0.8	-7.903089986991944
166198.86	75	0.805	-7.903089986991944
166782.829	75	0.81	-7.903089986991944
167676.682	75	0.815	-7.903089986991944
168229.004	75	0.82	-7.903089986991944
168693.654	75	0.825	-7.903089986991944
169279.8	75	0.83	-7.903089986991944
169847.686	75	0.835	-7.903089986991944
170766.469	75	0.84	-7.903089986991944
171513.638	75	0.845	-7.903089986991944
171874.304	75	0.85	-7.903089986991944
172963.998	75	0.855	-7.903089986991944
174257.515	75	0.86	-7.903089986991944
175069.107	75	0.865	-7.903089986991944
177099.937	75	0.87	-7.903089986991944
178582.804	75	0.875	-7.903089986991944
180076.421	75	0.88	-7.903089986991944
181520.851	75	0.885	-7.903089986991944
182033.241	75	0.89	-7.903089986991944
182942.95	75	0.895	-7.903089986991944
183558.286	75	0.9	-7.903089986991944
184052.876	75	0.905	-7.903089986991944
185122.421	75	0.91	-7.903089986991944
186305.461	75	0.915	-7.903089986991944
187157.371	75	0.92	-7.903089986991944
189052.758	75	0.925	-7.903089986991944
190037.205	75	0.93	-7.903089986991944
191423.707	75	0.935	-7.903089986991944
192511.449	75	0.94	-7.903089986991944
193748.75	75	0.945	-7.903089986991944
195371.302	75	0.95	-7.903089986991944
196955.812	75	0.955	-7.903089986991944
198882.743	75	0.96	-7.903089986991944
200163.95	75	0.965	-7.903089986991944
203776.341	75	0.97	-7.903089986991944
206752.054	75	0.975	-7.903089986991944
211044.971	75	0.98	-7.903089986991944
221027.814	75	0.985	-7.903089986991944
232665.897	75	0.99	-7.903089986991944
241811.345	75	0.995	-7.903089986991944
150300.0	100	0.5	-7.903089986991944
150683.757	100	0.505	-7.903089986991944
151154.777	100	0.51	-7.903089986991944
152246.319	100	0.515	-7.903089986991944
152760.943	100	0.52	-7.903089986991944
153502.5	100	0.525	-7.903089986991944
154106.94	100	0.53	-7.903089986991944
154880.903	100	0.535	-7.903089986991944
155359.793	100	0.54	-7.903089986991944
155676.66	100	0.545	-7.903089986991944
155995.2	100	0.55	-7.903089986991944
156383.219	100	0.555	-7.903089986991944
157098.989	100	0.56	-7.903089986991944
157304.106	100	0.565	-7.903089986991944
157887.371	100	0.57	-7.903089986991944
158440.315	100	0.575	-7.903089986991944
158938.901	100	0.58	-7.903089986991944
159353.371	100	0.585	-7.903089986991944
159857.712	100	0.59	-7.903089986991944
160339.054	100	0.595	-7.903089986991944
160520.571	100	0.6	-7.903089986991944
161049.999	100	0.605	-7.903089986991944
161483.418	100	0.61	-7.903089986991944
161967.086	100	0.615	-7.903089986991944
162312.414	100	0.62	-7.903089986991944
162466.595	100	0.625	-7.903089986991944
163009.903	100	0.63	-7.903089986991944
163993.63	100	0.635	-7.903089986991944
164402.571	100	0.64	-7.903089986991944
164964.77	100	0.645	-7.903089986991944
165684.543	100	0.65	-7.903089986991944
165831.656	100	0.655	-7.903089986991944
166457.363	100	0.66	-7.903089986991944
166834.6	100	0.665	-7.903089986991944
167108.66	100	0.67	-7.903089986991944
167753.214	100	0.675	-7.903089986991944
168078.318	100	0.68	-7.903089986991944
169034.757	100	0.685	-7.903089986991944
169287.632	100	0.69	-7.903089986991944
170302.57	100	0.695	-7.903089986991944
170599.6	100	0.7	-7.903089986991944
171119.325	100	0.705	-7.903089986991944
171645.729	100	0.71	-7.903089986991944
172514.03	100	0.715	-7.903089986991944
172834.375	100	0.72	-7.903089986991944
173094.293	100	0.725	-7.903089986991944
173740.417	100	0.73	-7.903089986991944
174117.411	100	0.735	-7.903089986991944
174660.519	100	0.74	-7.903089986991944
175049.567	100	0.745	-7.903089986991944
175776.923	100	0.75	-7.903089986991944
176486.596	100	0.755	-7.903089986991944
176887.317	100	0.76	-7.903089986991944
177702.652	100	0.765	-7.903089986991944
178335.32	100	0.77	-7.903089986991944
178633.667	100	0.775	-7.903089986991944
179172.172	100	0.78	-7.903089986991944
179839.523	100	0.785	-7.903089986991944
180321.935	100	0.79	-7.903089986991944
180632.57	100	0.795	-7.903089986991944
181129.143	100	0.8	-7.903089986991944
182139.609	100	0.805	-7.903089986991944
183196.359	100	0.81	-7.903089986991944
184446.114	100	0.815	-7.903089986991944
184905.671	100	0.82	-7.903089986991944
185270.15	100	0.825	-7.903089986991944
185756.899	100	0.83	-7.903089986991944
186446.719	100	0.835	-7.903089986991944
186983.72	100	0.84	-7.903089986991944
187342.835	100	0.845	-7.903089986991944
189011.995	100	0.85	-7.903089986991944
189797.577	100	0.855	-7.903089986991944
190741.422	100	0.86	-7.903089986991944
192047.928	100	0.865	-7.903089986991944
192961.294	100	0.87	-7.903089986991944
193974.179	100	0.875	-7.903089986991944
194284.094	100	0.88	-7.903089986991944
194814.229	100	0.885	-7.903089986991944
195329.765	100	0.89	-7.903089986991944
195871.533	100	0.895	-7.903089986991944
196975.429	100	0.9	-7.903089986991944
198845.72	100	0.905	-7.903089986991944
199190.119	100	0.91	-7.903089986991944
200387.954	100	0.915	-7.903089986991944
202503.911	100	0.92	-7.903089986991944
203750.0	100	0.925	-7.903089986991944
205704.546	100	0.93	-7.903089986991944
207964.0	100	0.935	-7.903089986991944
210108.969	100	0.94	-7.903089986991944
211454.777	100	0.945	-7.903089986991944
214493.143	100	0.95	-7.903089986991944
217211.293	100	0.955	-7.903089986991944
219218.8	100	0.96	-7.903089986991944
220561.024	100	0.965	-7.903089986991944
224832.629	100	0.97	-7.903089986991944
231103.679	100	0.975	-7.903089986991944
236563.059	100	0.98	-7.903089986991944
240339.953	100	0.985	-7.903089986991944
256729.086	100	0.99	-7.903089986991944
298868.914	100	0.995	-7.903089986991944
166493.846	125	0.5	-7.903089986991944
167091.702	125	0.505	-7.903089986991944
167348.458	125	0.51	-7.903089986991944
167752.811	125	0.515	-7.903089986991944
168408.93	125	0.52	-7.903089986991944
168768.508	125	0.525	-7.903089986991944
169016.576	125	0.53	-7.903089986991944
169400.323	125	0.535	-7.903089986991944
169904.473	125	0.54	-7.903089986991944
170521.732	125	0.545	-7.903089986991944
170764.057	125	0.55	-7.903089986991944
171233.711	125	0.555	-7.903089986991944
171495.677	125	0.56	-7.903089986991944
171705.169	125	0.565	-7.903089986991944
172343.553	125	0.57	-7.903089986991944
172670.363	125	0.575	-7.903089986991944
172921.349	125	0.58	-7.903089986991944
173325.017	125	0.585	-7.903089986991944
173624.703	125	0.59	-7.903089986991944
174225.681	125	0.595	-7.903089986991944
174429.486	125	0.6	-7.903089986991944
174720.169	125	0.605	-7.903089986991944
175141.593	125	0.61	-7.903089986991944
175516.817	125	0.615	-7.903089986991944
175925.971	125	0.62	-7.903089986991944
176506.995	125	0.625	-7.903089986991944
177016.36	125	0.63	-7.903089986991944
177585.724	125	0.635	-7.903089986991944
178027.446	125	0.64	-7.903089986991944
178700.917	125	0.645	-7.903089986991944
179369.143	125	0.65	-7.903089986991944
179731.644	125	0.655	-7.903089986991944
179951.385	125	0.66	-7.903089986991944
180293.375	125	0.665	-7.903089986991944
180441.14	125	0.67	-7.903089986991944
180648.2	125	0.675	-7.903089986991944
180904.231	125	0.68	-7.903089986991944
181807.486	125	0.685	-7.903089986991944
182030.755	125	0.69	-7.903089986991944
182369.714	125	0.695	-7.903089986991944
182947.13	125	0.7	-7.903089986991944
183747.143	125	0.705	-7.903089986991944
184189.971	125	0.71	-7.903089986991944
184746.52	125	0.715	-7.903089986991944
185378.183	125	0.72	-7.903089986991944
186099.771	125	0.725	-7.903089986991944
186759.951	125	0.73	-7.903089986991944
187148.634	125	0.735	-7.903089986991944
187849.019	125	0.74	-7.903089986991944
188456.248	125	0.745	-7.903089986991944
189166.667	125	0.75	-7.903089986991944
189996.886	125	0.755	-7.903089986991944
190496.691	125	0.76	-7.903089986991944
191065.571	125	0.765	-7.903089986991944
191416.977	125	0.77	-7.903089986991944
191993.143	125	0.775	-7.903089986991944
192568.0	125	0.78	-7.903089986991944
192761.725	125	0.785	-7.903089986991944
193327.38	125	0.79	-7.903089986991944
194040.351	125	0.795	-7.903089986991944
194817.556	125	0.8	-7.903089986991944
195109.714	125	0.805	-7.903089986991944
195615.371	125	0.81	-7.903089986991944
195925.095	125	0.815	-7.903089986991944
196711.429	125	0.82	-7.903089986991944
197419.193	125	0.825	-7.903089986991944
198407.166	125	0.83	-7.903089986991944
199167.4	125	0.835	-7.903089986991944
199817.218	125	0.84	-7.903089986991944
200603.575	125	0.845	-7.903089986991944
201542.0	125	0.85	-7.903089986991944
202077.629	125	0.855	-7.903089986991944
203328.111	125	0.86	-7.903089986991944
204085.58	125	0.865	-7.903089986991944
205046.206	125	0.87	-7.903089986991944
205562.071	125	0.875	-7.903089986991944
206418.526	125	0.88	-7.903089986991944
207102.59	125	0.885	-7.903089986991944
208197.203	125	0.89	-7.903089986991944
209367.46	125	0.895	-7.903089986991944
210984.571	125	0.9	-7.903089986991944
212479.261	125	0.905	-7.903089986991944
212947.436	125	0.91	-7.903089986991944
214155.809	125	0.915	-7.903089986991944
215436.19	125	0.92	-7.903089986991944
217690.714	125	0.925	-7.903089986991944
218900.457	125	0.93	-7.903089986991944
219601.511	125	0.935	-7.903089986991944
222189.254	125	0.94	-7.903089986991944
223453.286	125	0.945	-7.903089986991944
226315.714	125	0.95	-7.903089986991944
230742.98	125	0.955	-7.903089986991944
236685.703	125	0.96	-7.903089986991944
243867.449	125	0.965	-7.903089986991944
247008.343	125	0.97	-7.903089986991944
251205.9	125	0.975	-7.903089986991944
261118.571	125	0.98	-7.903089986991944
273414.86	125	0.985	-7.903089986991944
291105.12	125	0.99	-7.903089986991944
304221.371	125	0.995	-7.903089986991944
177841.815	150	0.5	-7.903089986991944
178303.981	150	0.505	-7.903089986991944
178798.206	150	0.51	-7.903089986991944
179010.969	150	0.515	-7.903089986991944
179524.067	150	0.52	-7.903089986991944
180098.981	150	0.525	-7.903089986991944
180644.938	150	0.53	-7.903089986991944
181164.225	150	0.535	-7.903089986991944
181475.257	150	0.54	-7.903089986991944
181840.794	150	0.545	-7.903089986991944
182010.101	150	0.55	-7.903089986991944
182542.891	150	0.555	-7.903089986991944
183293.908	150	0.56	-7.903089986991944
183585.905	150	0.565	-7.903089986991944
183806.984	150	0.57	-7.903089986991944
183968.107	150	0.575	-7.903089986991944
184638.441	150	0.58	-7.903089986991944
185374.179	150	0.585	-7.903089986991944
185726.843	150	0.59	-7.903089986991944
185938.285	150	0.595	-7.903089986991944
186550.286	150	0.6	-7.903089986991944
187075.192	150	0.605	-7.903089986991944
187457.486	150	0.61	-7.903089986991944
187871.392	150	0.615	-7.903089986991944
188280.886	150	0.62	-7.903089986991944
188718.768	150	0.625	-7.903089986991944
189162.543	150	0.63	-7.903089986991944
189683.014	150	0.635	-7.903089986991944
190299.416	150	0.64	-7.903089986991944
190611.906	150	0.645	-7.903089986991944
191231.164	150	0.65	-7.903089986991944
191676.694	150	0.655	-7.903089986991944
191900.336	150	0.66	-7.903089986991944
192325.305	150	0.665	-7.903089986991944
192673.874	150	0.67	-7.903089986991944
193154.786	150	0.675	-7.903089986991944
193649.411	150	0.68	-7.903089986991944
193830.543	150	0.685	-7.903089986991944
194285.596	150	0.69	-7.903089986991944
194585.406	150	0.695	-7.903089986991944
195159.857	150	0.7	-7.903089986991944
195693.043	150	0.705	-7.903089986991944
196258.021	150	0.71	-7.903089986991944
196551.26	150	0.715	-7.903089986991944
197176.462	150	0.72	-7.903089986991944
197704.356	150	0.725	-7.903089986991944
198250.309	150	0.73	-7.903089986991944
198505.214	150	0.735	-7.903089986991944
198733.767	150	0.74	-7.903089986991944
199101.571	150	0.745	-7.903089986991944
199399.423	150	0.75	-7.903089986991944
200132.357	150	0.755	-7.903089986991944
201165.657	150	0.76	-7.903089986991944
201614.945	150	0.765	-7.903089986991944
202024.415	150	0.77	-7.903089986991944
202822.429	150	0.775	-7.903089986991944
203604.47	150	0.78	-7.903089986991944
204164.218	150	0.785	-7.903089986991944
204675.941	150	0.79	-7.903089986991944
205023.214	150	0.795	-7.903089986991944
205627.385	150	0.8	-7.903089986991944
206916.808	150	0.805	-7.903089986991944
207208.6	150	0.81	-7.903089986991944
207816.714	150	0.815	-7.903089986991944
208139.01	150	0.82	-7.903089986991944
208516.357	150	0.825	-7.903089986991944
208740.888	150	0.83	-7.903089986991944
209227.736	150	0.835	-7.903089986991944
209837.76	150	0.84	-7.903089986991944
210982.143	150	0.845	-7.903089986991944
211631.825	150	0.85	-7.903089986991944
213146.981	150	0.855	-7.903089986991944
214116.514	150	0.86	-7.903089986991944
214724.724	150	0.865	-7.903089986991944
215591.685	150	0.87	-7.903089986991944
216385.482	150	0.875	-7.903089986991944
217575.253	150	0.88	-7.903089986991944
218847.579	150	0.885	-7.903089986991944
219571.696	150	0.89	-7.903089986991944
220540.079	150	0.895	-7.903089986991944
221469.0	150	0.9	-7.903089986991944
222571.931	150	0.905	-7.903089986991944
223552.299	150	0.91	-7.903089986991944
226555.769	150	0.915	-7.903089986991944
227394.806	150	0.92	-7.903089986991944
229445.059	150	0.925	-7.903089986991944
231903.837	150	0.93	-7.903089986991944
233663.662	150	0.935	-7.903089986991944
234686.952	150	0.94	-7.903089986991944
236777.868	150	0.945	-7.903089986991944
240228.357	150	0.95	-7.903089986991944
245536.442	150	0.955	-7.903089986991944
249397.363	150	0.96	-7.903089986991944
251899.993	150	0.965	-7.903089986991944
257858.336	150	0.97	-7.903089986991944
264510.605	150	0.975	-7.903089986991944
270431.257	150	0.98	-7.903089986991944
277624.693	150	0.985	-7.903089986991944
293798.297	150	0.99	-7.903089986991944
309659.543	150	0.995	-7.903089986991944
189755.52	175	0.5	-7.903089986991944
190121.979	175	0.505	-7.903089986991944
190504.103	175	0.51	-7.903089986991944
190981.894	175	0.515	-7.903089986991944
191413.106	175	0.52	-7.903089986991944
191886.277	175	0.525	-7.903089986991944
192257.545	175	0.53	-7.903089986991944
192627.864	175	0.535	-7.903089986991944
192960.391	175	0.54	-7.903089986991944
193434.988	175	0.545	-7.903089986991944
193990.835	175	0.55	-7.903089986991944
194437.754	175	0.555	-7.903089986991944
195109.142	175	0.56	-7.903089986991944
195794.474	175	0.565	-7.903089986991944
196007.5	175	0.57	-7.903089986991944
196383.129	175	0.575	-7.903089986991944
196866.87	175	0.58	-7.903089986991944
197376.822	175	0.585	-7.903089986991944
197705.114	175	0.59	-7.903089986991944
197897.562	175	0.595	-7.903089986991944
198058.571	175	0.6	-7.903089986991944
198416.722	175	0.605	-7.903089986991944
199763.001	175	0.61	-7.903089986991944
200509.911	175	0.615	-7.903089986991944
201179.844	175	0.62	-7.903089986991944
201479.065	175	0.625	-7.903089986991944
201930.243	175	0.63	-7.903089986991944
202674.525	175	0.635	-7.903089986991944
203284.743	175	0.64	-7.903089986991944
203730.047	175	0.645	-7.903089986991944
203917.0	175	0.65	-7.903089986991944
204391.811	175	0.655	-7.903089986991944
204560.686	175	0.66	-7.903089986991944
205042.498	175	0.665	-7.903089986991944
205402.789	175	0.67	-7.903089986991944
205765.273	175	0.675	-7.903089986991944
206193.191	175	0.68	-7.903089986991944
206851.355	175	0.685	-7.903089986991944
207495.547	175	0.69	-7.903089986991944
207957.843	175	0.695	-7.903089986991944
208528.571	175	0.7	-7.903089986991944
208862.693	175	0.705	-7.903089986991944
209243.129	175	0.71	-7.903089986991944
209700.39	175	0.715	-7.903089986991944
209874.82	175	0.72	-7.903089986991944
210174.25	175	0.725	-7.903089986991944
210520.542	175	0.73	-7.903089986991944
210861.643	175	0.735	-7.903089986991944
211183.033	175	0.74	-7.903089986991944
211504.447	175	0.745	-7.903089986991944
212103.232	175	0.75	-7.903089986991944
212815.233	175	0.755	-7.903089986991944
213252.966	175	0.76	-7.903089986991944
213537.621	175	0.765	-7.903089986991944
213967.855	175	0.77	-7.903089986991944
214790.393	175	0.775	-7.903089986991944
215581.66	175	0.78	-7.903089986991944
215918.272	175	0.785	-7.903089986991944
216410.657	175	0.79	-7.903089986991944
216805.072	175	0.795	-7.903089986991944
217361.8	175	0.8	-7.903089986991944
217900.615	175	0.805	-7.903089986991944
218482.372	175	0.81	-7.903089986991944
218997.269	175	0.815	-7.903089986991944
219258.143	175	0.82	-7.903089986991944
219715.016	175	0.825	-7.903089986991944
220700.033	175	0.83	-7.903089986991944
220893.612	175	0.835	-7.903089986991944
221660.869	175	0.84	-7.903089986991944
221936.521	175	0.845	-7.903089986991944
223089.868	175	0.85	-7.903089986991944
223738.066	175	0.855	-7.903089986991944
224462.947	175	0.86	-7.903089986991944
224964.657	175	0.865	-7.903089986991944
225659.905	175	0.87	-7.903089986991944
226543.938	175	0.875	-7.903089986991944
228160.011	175	0.88	-7.903089986991944
229365.371	175	0.885	-7.903089986991944
230597.471	175	0.89	-7.903089986991944
232173.8	175	0.895	-7.903089986991944
232873.007	175	0.9	-7.903089986991944
233825.557	175	0.905	-7.903089986991944
234410.059	175	0.91	-7.903089986991944
235243.719	175	0.915	-7.903089986991944
238400.986	175	0.92	-7.903089986991944
239823.077	175	0.925	-7.903089986991944
243693.929	175	0.93	-7.903089986991944
245839.2	175	0.935	-7.903089986991944
247195.791	175	0.94	-7.903089986991944
248976.278	175	0.945	-7.903089986991944
250834.004	175	0.95	-7.903089986991944
255189.55	175	0.955	-7.903089986991944
259603.306	175	0.96	-7.903089986991944
264154.231	175	0.965	-7.903089986991944
273059.857	175	0.97	-7.903089986991944
279476.0	175	0.975	-7.903089986991944
285997.449	175	0.98	-7.903089986991944
296928.485	175	0.985	-7.903089986991944
322845.833	175	0.99	-7.903089986991944
354657.791	175	0.995	-7.903089986991944
200660.786	200	0.5	-7.903089986991944
201328.67	200	0.505	-7.903089986991944
201693.564	200	0.51	-7.903089986991944
202114.249	200	0.515	-7.903089986991944
202330.7	200	0.52	-7.903089986991944
202601.998	200	0.525	-7.903089986991944
203060.243	200	0.53	-7.903089986991944
203271.352	200	0.535	-7.903089986991944
203577.037	200	0.54	-7.903089986991944
203925.008	200	0.545	-7.903089986991944
204367.136	200	0.55	-7.903089986991944
204793.303	200	0.555	-7.903089986991944
205231.386	200	0.56	-7.903089986991944
205579.298	200	0.565	-7.903089986991944
205853.518	200	0.57	-7.903089986991944
206285.013	200	0.575	-7.903089986991944
206573.63	200	0.58	-7.903089986991944
206967.605	200	0.585	-7.903089986991944
207643.101	200	0.59	-7.903089986991944
208098.851	200	0.595	-7.903089986991944
208734.286	200	0.6	-7.903089986991944
208946.171	200	0.605	-7.903089986991944
209091.114	200	0.61	-7.903089986991944
209560.441	200	0.615	-7.903089986991944
209857.662	200	0.62	-7.903089986991944
210339.31	200	0.625	-7.903089986991944
211225.735	200	0.63	-7.903089986991944
211507.412	200	0.635	-7.903089986991944
211784.451	200	0.64	-7.903089986991944
212517.886	200	0.645	-7.903089986991944
212970.143	200	0.65	-7.903089986991944
213515.714	200	0.655	-7.903089986991944
213866.173	200	0.66	-7.903089986991944
214238.657	200	0.665	-7.903089986991944
214637.906	200	0.67	-7.903089986991944
215205.096	200	0.675	-7.903089986991944
215614.629	200	0.68	-7.903089986991944
216366.48	200	0.685	-7.903089986991944
216865.029	200	0.69	-7.903089986991944
217168.164	200	0.695	-7.903089986991944
217395.807	200	0.7	-7.903089986991944
217977.915	200	0.705	-7.903089986991944
218417.077	200	0.71	-7.903089986991944
218980.2	200	0.715	-7.903089986991944
219478.343	200	0.72	-7.903089986991944
219926.355	200	0.725	-7.903089986991944
220461.491	200	0.73	-7.903089986991944
221034.126	200	0.735	-7.903089986991944
221791.857	200	0.74	-7.903089986991944
222487.725	200	0.745	-7.903089986991944
223054.039	200	0.75	-7.903089986991944
223612.431	200	0.755	-7.903089986991944
224006.969	200	0.76	-7.903089986991944
224454.268	200	0.765	-7.903089986991944
225246.443	200	0.77	-7.903089986991944
225527.464	200	0.775	-7.903089986991944
225991.573	200	0.78	-7.903089986991944
226358.749	200	0.785	-7.903089986991944
227341.473	200	0.79	-7.903089986991944
228201.565	200	0.795	-7.903089986991944
228582.114	200	0.8	-7.903089986991944
229883.621	200	0.805	-7.903089986991944
230790.814	200	0.81	-7.903089986991944
231701.755	200	0.815	-7.903089986991944
232367.984	200	0.82	-7.903089986991944
233823.786	200	0.825	-7.903089986991944
235313.745	200	0.83	-7.903089986991944
235938.931	200	0.835	-7.903089986991944
236658.286	200	0.84	-7.903089986991944
237134.979	200	0.845	-7.903089986991944
238216.746	200	0.85	-7.903089986991944
238468.367	200	0.855	-7.903089986991944
239513.009	200	0.86	-7.903089986991944
239898.743	200	0.865	-7.903089986991944
241112.995	200	0.87	-7.903089986991944
242885.447	200	0.875	-7.903089986991944
243596.549	200	0.88	-7.903089986991944
246260.715	200	0.885	-7.903089986991944
247658.392	200	0.89	-7.903089986991944
247986.593	200	0.895	-7.903089986991944
248484.864	200	0.9	-7.903089986991944
248790.922	200	0.905	-7.903089986991944
249852.455	200	0.91	-7.903089986991944
251767.263	200	0.915	-7.903089986991944
253169.774	200	0.92	-7.903089986991944
254737.261	200	0.925	-7.903089986991944
256156.752	200	0.93	-7.903089986991944
258583.874	200	0.935	-7.903089986991944
259980.486	200	0.94	-7.903089986991944
261501.236	200	0.945	-7.903089986991944
264542.639	200	0.95	-7.903089986991944
268975.721	200	0.955	-7.903089986991944
275214.971	200	0.96	-7.903089986991944
284826.379	200	0.965	-7.903089986991944
291517.357	200	0.97	-7.903089986991944
298442.958	200	0.975	-7.903089986991944
310175.2	200	0.98	-7.903089986991944
328949.685	200	0.985	-7.903089986991944
354491.429	200	0.99	-7.903089986991944
401640.735	200	0.995	-7.903089986991944
207751.179	225	0.5	-7.903089986991944
208080.15	225	0.505	-7.903089986991944
208621.005	225	0.51	-7.903089986991944
209172.419	225	0.515	-7.903089986991944
209444.857	225	0.52	-7.903089986991944
209726.862	225	0.525	-7.903089986991944
210099.794	225	0.53	-7.903089986991944
210478.45	225	0.535	-7.903089986991944
210756.247	225	0.54	-7.903089986991944
210960.379	225	0.545	-7.903089986991944
211673.214	225	0.55	-7.903089986991944
212173.407	225	0.555	-7.903089986991944
212753.851	225	0.56	-7.903089986991944
213187.674	225	0.565	-7.903089986991944
213551.84	225	0.57	-7.903089986991944
214075.918	225	0.575	-7.903089986991944
214899.8	225	0.58	-7.903089986991944
215580.557	225	0.585	-7.903089986991944
216218.444	225	0.59	-7.903089986991944
216532.135	225	0.595	-7.903089986991944
217320.629	225	0.6	-7.903089986991944
217600.307	225	0.605	-7.903089986991944
217901.588	225	0.61	-7.903089986991944
218139.809	225	0.615	-7.903089986991944
218649.501	225	0.62	-7.903089986991944
219248.17	225	0.625	-7.903089986991944
219569.492	225	0.63	-7.903089986991944
220251.993	225	0.635	-7.903089986991944
220554.484	225	0.64	-7.903089986991944
221106.729	225	0.645	-7.903089986991944
221387.761	225	0.65	-7.903089986991944
221642.662	225	0.655	-7.903089986991944
222035.61	225	0.66	-7.903089986991944
222781.451	225	0.665	-7.903089986991944
223511.864	225	0.67	-7.903089986991944
223853.845	225	0.675	-7.903089986991944
224343.371	225	0.68	-7.903089986991944
225002.384	225	0.685	-7.903089986991944
225485.971	225	0.69	-7.903089986991944
226416.15	225	0.695	-7.903089986991944
226809.282	225	0.7	-7.903089986991944
227150.921	225	0.705	-7.903089986991944
227533.406	225	0.71	-7.903089986991944
227915.687	225	0.715	-7.903089986991944
228525.349	225	0.72	-7.903089986991944
229028.913	225	0.725	-7.903089986991944
229933.139	225	0.73	-7.903089986991944
230457.136	225	0.735	-7.903089986991944
230996.816	225	0.74	-7.903089986991944
232226.025	225	0.745	-7.903089986991944
232637.196	225	0.75	-7.903089986991944
233332.293	225	0.755	-7.903089986991944
233757.194	225	0.76	-7.903089986991944
234154.419	225	0.765	-7.903089986991944
234932.546	225	0.77	-7.903089986991944
235608.698	225	0.775	-7.903089986991944
236262.791	225	0.78	-7.903089986991944
236747.861	225	0.785	-7.903089986991944
237116.13	225	0.79	-7.903089986991944
238388.669	225	0.795	-7.903089986991944
239323.271	225	0.8	-7.903089986991944
240141.874	225	0.805	-7.903089986991944
240702.71	225	0.81	-7.903089986991944
241150.064	225	0.815	-7.903089986991944
242765.734	225	0.82	-7.903089986991944
243421.571	225	0.825	-7.903089986991944
243703.4	225	0.83	-7.903089986991944
244352.412	225	0.835	-7.903089986991944
244878.52	225	0.84	-7.903089986991944
246286.365	225	0.845	-7.903089986991944
246752.021	225	0.85	-7.903089986991944
248142.864	225	0.855	-7.903089986991944
249323.321	225	0.86	-7.903089986991944
250764.421	225	0.865	-7.903089986991944
252173.343	225	0.87	-7.903089986991944
252506.527	225	0.875	-7.903089986991944
253384.0	225	0.88	-7.903089986991944
254398.027	225	0.885	-7.903089986991944
255562.629	225	0.89	-7.903089986991944
257031.766	225	0.895	-7.903089986991944
257998.543	225	0.9	-7.903089986991944
260377.079	225	0.905	-7.903089986991944
261963.265	225	0.91	-7.903089986991944
265042.864	225	0.915	-7.903089986991944
266460.857	225	0.92	-7.903089986991944
270097.152	225	0.925	-7.903089986991944
272307.515	225	0.93	-7.903089986991944
274764.191	225	0.935	-7.903089986991944
277848.514	225	0.94	-7.903089986991944
279637.174	225	0.945	-7.903089986991944
283031.496	225	0.95	-7.903089986991944
286389.3	225	0.955	-7.903089986991944
287562.8	225	0.96	-7.903089986991944
290793.912	225	0.965	-7.903089986991944
298780.412	225	0.97	-7.903089986991944
307716.011	225	0.975	-7.903089986991944
313594.771	225	0.98	-7.903089986991944
327035.944	225	0.985	-7.903089986991944
333492.657	225	0.99	-7.903089986991944
365017.347	225	0.995	-7.903089986991944
220124.881	250	0.5	-7.903089986991944
220454.599	250	0.505	-7.903089986991944
221045.313	250	0.51	-7.903089986991944
221377.957	250	0.515	-7.903089986991944
222142.047	250	0.52	-7.903089986991944
222385.0	250	0.525	-7.903089986991944
222791.754	250	0.53	-7.903089986991944
223438.712	250	0.535	-7.903089986991944
224227.99	250	0.54	-7.903089986991944
224408.721	250	0.545	-7.903089986991944
224942.714	250	0.55	-7.903089986991944
225665.329	250	0.555	-7.903089986991944
225829.846	250	0.56	-7.903089986991944
226498.643	250	0.565	-7.903089986991944
226665.971	250	0.57	-7.903089986991944
227061.209	250	0.575	-7.903089986991944
227454.8	250	0.58	-7.903089986991944
227618.326	250	0.585	-7.903089986991944
227901.85	250	0.59	-7.903089986991944
228298.1	250	0.595	-7.903089986991944
228527.786	250	0.6	-7.903089986991944
228992.583	250	0.605	-7.903089986991944
229226.156	250	0.61	-7.903089986991944
229766.772	250	0.615	-7.903089986991944
230170.217	250	0.62	-7.903089986991944
230466.455	250	0.625	-7.903089986991944
230938.886	250	0.63	-7.903089986991944
231328.606	250	0.635	-7.903089986991944
231736.229	250	0.64	-7.903089986991944
232008.238	250	0.645	-7.903089986991944
232498.475	250	0.65	-7.903089986991944
232824.835	250	0.655	-7.903089986991944
233528.586	250	0.66	-7.903089986991944
233763.982	250	0.665	-7.903089986991944
234288.943	250	0.67	-7.903089986991944
234713.345	250	0.675	-7.903089986991944
235015.831	250	0.68	-7.903089986991944
235346.379	250	0.685	-7.903089986991944
235583.508	250	0.69	-7.903089986991944
235984.136	250	0.695	-7.903089986991944
236542.336	250	0.7	-7.903089986991944
236949.157	250	0.705	-7.903089986991944
237297.725	250	0.71	-7.903089986991944
237952.184	250	0.715	-7.903089986991944
238204.743	250	0.72	-7.903089986991944
238762.571	250	0.725	-7.903089986991944
239176.391	250	0.73	-7.903089986991944
239602.39	250	0.735	-7.903089986991944
240492.647	250	0.74	-7.903089986991944
241350.229	250	0.745	-7.903089986991944
241918.25	250	0.75	-7.903089986991944
242569.871	250	0.755	-7.903089986991944
242812.834	250	0.76	-7.903089986991944
243383.938	250	0.765	-7.903089986991944
244079.845	250	0.77	-7.903089986991944
244784.143	250	0.775	-7.903089986991944
245375.33	250	0.78	-7.903089986991944
245671.213	250	0.785	-7.903089986991944
246081.329	250	0.79	-7.903089986991944
246656.464	250	0.795	-7.903089986991944
247408.629	250	0.8	-7.903089986991944
247961.843	250	0.805	-7.903089986991944
248568.971	250	0.81	-7.903089986991944
250090.508	250	0.815	-7.903089986991944
251264.911	250	0.82	-7.903089986991944
251603.679	250	0.825	-7.903089986991944
252343.859	250	0.83	-7.903089986991944
253275.315	250	0.835	-7.903089986991944
254450.794	250	0.84	-7.903089986991944
256624.306	250	0.845	-7.903089986991944
258410.857	250	0.85	-7.903089986991944
261239.04	250	0.855	-7.903089986991944
262293.214	250	0.86	-7.903089986991944
263707.69	250	0.865	-7.903089986991944
264946.814	250	0.87	-7.903089986991944
266840.929	250	0.875	-7.903089986991944
268429.146	250	0.88	-7.903089986991944
268966.32	250	0.885	-7.903089986991944
270630.441	250	0.89	-7.903089986991944
271259.2	250	0.895	-7.903089986991944
273826.75	250	0.9	-7.903089986991944
275814.143	250	0.905	-7.903089986991944
277284.282	250	0.91	-7.903089986991944
280133.778	250	0.915	-7.903089986991944
283364.463	250	0.92	-7.903089986991944
285072.5	250	0.925	-7.903089986991944
288847.886	250	0.93	-7.903089986991944
292086.238	250	0.935	-7.903089986991944
294502.8	250	0.94	-7.903089986991944
297203.344	250	0.945	-7.903089986991944
300246.474	250	0.95	-7.903089986991944
303095.171	250	0.955	-7.903089986991944
307330.882	250	0.96	-7.903089986991944
316850.565	250	0.965	-7.903089986991944
321812.529	250	0.97	-7.903089986991944
328148.97	250	0.975	-7.903089986991944
335121.543	250	0.98	-7.903089986991944
340661.7	250	0.985	-7.903089986991944
374771.056	250	0.99	-7.903089986991944
437005.8	250	0.995	-7.903089986991944
227157.179	275	0.5	-7.903089986991944
227477.995	275	0.505	-7.903089986991944
227769.229	275	0.51	-7.903089986991944
228516.963	275	0.515	-7.903089986991944
228914.411	275	0.52	-7.903089986991944
229103.5	275	0.525	-7.903089986991944
229402.3	275	0.53	-7.903089986991944
229978.245	275	0.535	-7.903089986991944
230388.82	275	0.54	-7.903089986991944
230898.316	275	0.545	-7.903089986991944
231040.825	275	0.55	-7.903089986991944
231342.551	275	0.555	-7.903089986991944
231862.38	275	0.56	-7.903089986991944
232575.429	275	0.565	-7.903089986991944
232868.09	275	0.57	-7.903089986991944
233736.755	275	0.575	-7.903089986991944
234275.231	275	0.58	-7.903089986991944
235014.057	275	0.585	-7.903089986991944
235277.757	275	0.59	-7.903089986991944
235542.74	275	0.595	-7.903089986991944
235916.659	275	0.6	-7.903089986991944
236426.464	275	0.605	-7.903089986991944
236700.556	275	0.61	-7.903089986991944
237417.796	275	0.615	-7.903089986991944
238041.367	275	0.62	-7.903089986991944
238588.054	275	0.625	-7.903089986991944
238897.6	275	0.63	-7.903089986991944
239735.571	275	0.635	-7.903089986991944
240061.371	275	0.64	-7.903089986991944
240479.29	275	0.645	-7.903089986991944
240695.068	275	0.65	-7.903089986991944
241168.652	275	0.655	-7.903089986991944
241648.493	275	0.66	-7.903089986991944
241841.06	275	0.665	-7.903089986991944
242222.354	275	0.67	-7.903089986991944
243025.582	275	0.675	-7.903089986991944
243604.537	275	0.68	-7.903089986991944
243848.406	275	0.685	-7.903089986991944
244695.314	275	0.69	-7.903089986991944
245069.209	275	0.695	-7.903089986991944
245394.621	275	0.7	-7.903089986991944
245887.334	275	0.705	-7.903089986991944
246372.794	275	0.71	-7.903089986991944
246804.694	275	0.715	-7.903089986991944
247288.077	275	0.72	-7.903089986991944
247730.282	275	0.725	-7.903089986991944
248323.229	275	0.73	-7.903089986991944
248739.067	275	0.735	-7.903089986991944
249716.229	275	0.74	-7.903089986991944
250564.732	275	0.745	-7.903089986991944
251002.839	275	0.75	-7.903089986991944
251610.682	275	0.755	-7.903089986991944
252129.389	275	0.76	-7.903089986991944
252719.564	275	0.765	-7.903089986991944
253530.1	275	0.77	-7.903089986991944
254524.286	275	0.775	-7.903089986991944
255686.791	275	0.78	-7.903089986991944
256537.342	275	0.785	-7.903089986991944
257178.227	275	0.79	-7.903089986991944
257893.364	275	0.795	-7.903089986991944
259309.429	275	0.8	-7.903089986991944
260220.06	275	0.805	-7.903089986991944
260660.529	275	0.81	-7.903089986991944
261388.486	275	0.815	-7.903089986991944
261864.471	275	0.82	-7.903089986991944
262746.5	275	0.825	-7.903089986991944
263255.286	275	0.83	-7.903089986991944
263656.481	275	0.835	-7.903089986991944
264421.771	275	0.84	-7.903089986991944
265585.357	275	0.845	-7.903089986991944
266688.846	275	0.85	-7.903089986991944
267344.265	275	0.855	-7.903089986991944
268593.519	275	0.86	-7.903089986991944
271299.129	275	0.865	-7.903089986991944
272092.456	275	0.87	-7.903089986991944
272960.0	275	0.875	-7.903089986991944
273410.146	275	0.88	-7.903089986991944
276260.641	275	0.885	-7.903089986991944
277815.143	275	0.89	-7.903089986991944
278875.686	275	0.895	-7.903089986991944
282339.864	275	0.9	-7.903089986991944
284359.415	275	0.905	-7.903089986991944
286488.627	275	0.91	-7.903089986991944
287742.921	275	0.915	-7.903089986991944
289015.723	275	0.92	-7.903089986991944
291774.891	275	0.925	-7.903089986991944
295006.707	275	0.93	-7.903089986991944
295943.915	275	0.935	-7.903089986991944
299473.629	275	0.94	-7.903089986991944
307272.736	275	0.945	-7.903089986991944
313285.079	275	0.95	-7.903089986991944
317954.829	275	0.955	-7.903089986991944
319407.371	275	0.96	-7.903089986991944
323297.478	275	0.965	-7.903089986991944
328993.914	275	0.97	-7.903089986991944
336749.757	275	0.975	-7.903089986991944
354336.427	275	0.98	-7.903089986991944
412037.314	275	0.985	-7.903089986991944
452026.429	275	0.99	-7.903089986991944
506609.743	275	0.995	-7.903089986991944
235260.643	300	0.5	-7.903089986991944
235545.114	300	0.505	-7.903089986991944
235799.714	300	0.51	-7.903089986991944
236620.694	300	0.515	-7.903089986991944
237074.186	300	0.52	-7.903089986991944
237500.607	300	0.525	-7.903089986991944
237902.442	300	0.53	-7.903089986991944
238232.943	300	0.535	-7.903089986991944
238957.154	300	0.54	-7.903089986991944
239348.194	300	0.545	-7.903089986991944
239552.311	300	0.55	-7.903089986991944
240040.926	300	0.555	-7.903089986991944
240351.314	300	0.56	-7.903089986991944
240654.598	300	0.565	-7.903089986991944
241226.839	300	0.57	-7.903089986991944
241484.857	300	0.575	-7.903089986991944
241908.744	300	0.58	-7.903089986991944
242298.1	300	0.585	-7.903089986991944
242798.529	300	0.59	-7.903089986991944
243379.535	300	0.595	-7.903089986991944
243676.614	300	0.6	-7.903089986991944
243845.679	300	0.605	-7.903089986991944
244320.444	300	0.61	-7.903089986991944
245089.014	300	0.615	-7.903089986991944
245692.501	300	0.62	-7.903089986991944
246120.804	300	0.625	-7.903089986991944
246401.313	300	0.63	-7.903089986991944
246756.084	300	0.635	-7.903089986991944
247129.771	300	0.64	-7.903089986991944
247378.671	300	0.645	-7.903089986991944
247843.0	300	0.65	-7.903089986991944
248466.614	300	0.655	-7.903089986991944
248814.8	300	0.66	-7.903089986991944
249297.7	300	0.665	-7.903089986991944
249836.09	300	0.67	-7.903089986991944
250362.668	300	0.675	-7.903089986991944
250763.746	300	0.68	-7.903089986991944
250971.426	300	0.685	-7.903089986991944
251585.118	300	0.69	-7.903089986991944
251934.702	300	0.695	-7.903089986991944
252647.723	300	0.7	-7.903089986991944
253208.777	300	0.705	-7.903089986991944
253713.314	300	0.71	-7.903089986991944
254004.079	300	0.715	-7.903089986991944
254621.859	300	0.72	-7.903089986991944
255221.25	300	0.725	-7.903089986991944
255919.343	300	0.73	-7.903089986991944
256396.802	300	0.735	-7.903089986991944
256873.224	300	0.74	-7.903089986991944
257557.314	300	0.745	-7.903089986991944
257990.768	300	0.75	-7.903089986991944
258813.902	300	0.755	-7.903089986991944
259249.446	300	0.76	-7.903089986991944
259850.506	300	0.765	-7.903089986991944
261297.771	300	0.77	-7.903089986991944
262283.393	300	0.775	-7.903089986991944
263074.686	300	0.78	-7.903089986991944
263684.737	300	0.785	-7.903089986991944
264781.171	300	0.79	-7.903089986991944
266875.897	300	0.795	-7.903089986991944
267573.429	300	0.8	-7.903089986991944
268321.679	300	0.805	-7.903089986991944
269388.186	300	0.81	-7.903089986991944
270475.314	300	0.815	-7.903089986991944
270993.23	300	0.82	-7.903089986991944
271781.032	300	0.825	-7.903089986991944
272858.657	300	0.83	-7.903089986991944
273455.336	300	0.835	-7.903089986991944
274215.943	300	0.84	-7.903089986991944
275867.01	300	0.845	-7.903089986991944
277276.418	300	0.85	-7.903089986991944
278594.572	300	0.855	-7.903089986991944
280222.343	300	0.86	-7.903089986991944
282183.221	300	0.865	-7.903089986991944
283481.776	300	0.87	-7.903089986991944
286007.5	300	0.875	-7.903089986991944
287866.457	300	0.88	-7.903089986991944
289407.878	300	0.885	-7.903089986991944
291465.091	300	0.89	-7.903089986991944
293424.229	300	0.895	-7.903089986991944
296241.157	300	0.9	-7.903089986991944
297717.743	300	0.905	-7.903089986991944
300336.356	300	0.91	-7.903089986991944
300782.012	300	0.915	-7.903089986991944
302559.457	300	0.92	-7.903089986991944
304369.643	300	0.925	-7.903089986991944
306663.299	300	0.93	-7.903089986991944
312171.116	300	0.935	-7.903089986991944
315792.676	300	0.94	-7.903089986991944
318067.36	300	0.945	-7.903089986991944
321743.836	300	0.95	-7.903089986991944
324327.064	300	0.955	-7.903089986991944
328464.571	300	0.96	-7.903089986991944
332208.615	300	0.965	-7.903089986991944
338400.611	300	0.97	-7.903089986991944
346407.895	300	0.975	-7.903089986991944
360054.314	300	0.98	-7.903089986991944
372704.403	300	0.985	-7.903089986991944
403721.856	300	0.99	-7.903089986991944
429944.907	300	0.995	-7.903089986991944
241679.25	325	0.5	-7.903089986991944
242151.0	325	0.505	-7.903089986991944
242549.422	325	0.51	-7.903089986991944
242925.569	325	0.515	-7.903089986991944
243602.169	325	0.52	-7.903089986991944
243855.071	325	0.525	-7.903089986991944
244395.876	325	0.53	-7.903089986991944
245034.55	325	0.535	-7.903089986991944
245517.391	325	0.54	-7.903089986991944
246124.75	325	0.545	-7.903089986991944
246784.118	325	0.55	-7.903089986991944
247111.757	325	0.555	-7.903089986991944
248117.926	325	0.56	-7.903089986991944
248640.808	325	0.565	-7.903089986991944
248990.896	325	0.57	-7.903089986991944
249402.571	325	0.575	-7.903089986991944
250035.77	325	0.58	-7.903089986991944
250304.365	325	0.585	-7.903089986991944
250403.586	325	0.59	-7.903089986991944
250612.035	325	0.595	-7.903089986991944
251180.657	325	0.6	-7.903089986991944
251682.965	325	0.605	-7.903089986991944
252219.829	325	0.61	-7.903089986991944
252900.344	325	0.615	-7.903089986991944
253193.349	325	0.62	-7.903089986991944
253507.795	325	0.625	-7.903089986991944
253786.776	325	0.63	-7.903089986991944
254403.788	325	0.635	-7.903089986991944
255004.514	325	0.64	-7.903089986991944
255446.511	325	0.645	-7.903089986991944
255750.571	325	0.65	-7.903089986991944
256202.697	325	0.655	-7.903089986991944
257087.61	325	0.66	-7.903089986991944
258302.498	325	0.665	-7.903089986991944
258533.912	325	0.67	-7.903089986991944
258903.918	325	0.675	-7.903089986991944
259233.746	325	0.68	-7.903089986991944
260048.702	325	0.685	-7.903089986991944
260693.9	325	0.69	-7.903089986991944
261256.712	325	0.695	-7.903089986991944
262263.243	325	0.7	-7.903089986991944
263325.544	325	0.705	-7.903089986991944
264225.394	325	0.71	-7.903089986991944
265291.343	325	0.715	-7.903089986991944
265610.571	325	0.72	-7.903089986991944
266084.107	325	0.725	-7.903089986991944
266630.544	325	0.73	-7.903089986991944
267200.957	325	0.735	-7.903089986991944
268213.714	325	0.74	-7.903089986991944
268689.88	325	0.745	-7.903089986991944
269227.143	325	0.75	-7.903089986991944
269717.882	325	0.755	-7.903089986991944
270641.957	325	0.76	-7.903089986991944
271299.883	325	0.765	-7.903089986991944
271951.6	325	0.77	-7.903089986991944
273031.968	325	0.775	-7.903089986991944
273939.033	325	0.78	-7.903089986991944
274819.473	325	0.785	-7.903089986991944
275717.399	325	0.79	-7.903089986991944
276344.263	325	0.795	-7.903089986991944
277321.486	325	0.8	-7.903089986991944
278206.221	325	0.805	-7.903089986991944
278564.288	325	0.81	-7.903089986991944
279021.408	325	0.815	-7.903089986991944
280394.373	325	0.82	-7.903089986991944
280698.687	325	0.825	-7.903089986991944
281540.371	325	0.83	-7.903089986991944
282366.84	325	0.835	-7.903089986991944
283152.806	325	0.84	-7.903089986991944
284225.043	325	0.845	-7.903089986991944
285484.939	325	0.85	-7.903089986991944
286337.653	325	0.855	-7.903089986991944
287058.819	325	0.86	-7.903089986991944
287507.45	325	0.865	-7.903089986991944
289158.924	325	0.87	-7.903089986991944
291040.527	325	0.875	-7.903089986991944
292094.114	325	0.88	-7.903089986991944
294814.522	325	0.885	-7.903089986991944
296447.794	325	0.89	-7.903089986991944
299023.499	325	0.895	-7.903089986991944
299596.179	325	0.9	-7.903089986991944
300818.743	325	0.905	-7.903089986991944
303591.156	325	0.91	-7.903089986991944
305748.336	325	0.915	-7.903089986991944
308843.943	325	0.92	-7.903089986991944
311677.875	325	0.925	-7.903089986991944
315271.555	325	0.93	-7.903089986991944
316814.888	325	0.935	-7.903089986991944
320994.01	325	0.94	-7.903089986991944
324393.96	325	0.945	-7.903089986991944
327534.286	325	0.95	-7.903089986991944
333899.878	325	0.955	-7.903089986991944
339242.057	325	0.96	-7.903089986991944
341622.543	325	0.965	-7.903089986991944
345001.143	325	0.97	-7.903089986991944
360339.893	325	0.975	-7.903089986991944
374217.444	325	0.98	-7.903089986991944
384918.15	325	0.985	-7.903089986991944
400426.643	325	0.99	-7.903089986991944
441409.761	325	0.995	-7.903089986991944
250162.143	350	0.5	-7.903089986991944
250417.957	350	0.505	-7.903089986991944
250943.763	350	0.51	-7.903089986991944
251419.198	350	0.515	-7.903089986991944
251774.471	350	0.52	-7.903089986991944
252319.355	350	0.525	-7.903089986991944
252968.952	350	0.53	-7.903089986991944
253490.461	350	0.535	-7.903089986991944
253742.396	350	0.54	-7.903089986991944
254274.652	350	0.545	-7.903089986991944
254912.95	350	0.55	-7.903089986991944
255516.594	350	0.555	-7.903089986991944
256439.6	350	0.56	-7.903089986991944
256738.862	350	0.565	-7.903089986991944
257019.341	350	0.57	-7.903089986991944
257536.902	350	0.575	-7.903089986991944
258224.926	350	0.58	-7.903089986991944
258882.542	350	0.585	-7.903089986991944
259372.779	350	0.59	-7.903089986991944
259872.858	350	0.595	-7.903089986991944
260290.029	350	0.6	-7.903089986991944
260599.621	350	0.605	-7.903089986991944
261013.6	350	0.61	-7.903089986991944
261487.235	350	0.615	-7.903089986991944
261768.57	350	0.62	-7.903089986991944
262198.304	350	0.625	-7.903089986991944
262645.527	350	0.63	-7.903089986991944
263276.7	350	0.635	-7.903089986991944
263792.914	350	0.64	-7.903089986991944
264211.365	350	0.645	-7.903089986991944
265011.336	350	0.65	-7.903089986991944
265363.236	350	0.655	-7.903089986991944
265821.937	350	0.66	-7.903089986991944
267190.679	350	0.665	-7.903089986991944
267403.666	350	0.67	-7.903089986991944
267803.75	350	0.675	-7.903089986991944
268686.106	350	0.68	-7.903089986991944
270449.673	350	0.685	-7.903089986991944
271047.5	350	0.69	-7.903089986991944
272056.029	350	0.695	-7.903089986991944
272752.314	350	0.7	-7.903089986991944
273211.8	350	0.705	-7.903089986991944
273585.489	350	0.71	-7.903089986991944
274020.492	350	0.715	-7.903089986991944
274978.063	350	0.72	-7.903089986991944
275721.604	350	0.725	-7.903089986991944
276323.029	350	0.73	-7.903089986991944
276909.912	350	0.735	-7.903089986991944
278059.219	350	0.74	-7.903089986991944
279124.604	350	0.745	-7.903089986991944
280225.714	350	0.75	-7.903089986991944
281000.153	350	0.755	-7.903089986991944
281691.234	350	0.76	-7.903089986991944
283880.138	350	0.765	-7.903089986991944
284893.248	350	0.77	-7.903089986991944
285554.036	350	0.775	-7.903089986991944
286322.756	350	0.78	-7.903089986991944
287108.032	350	0.785	-7.903089986991944
288188.79	350	0.79	-7.903089986991944
288764.478	350	0.795	-7.903089986991944
289298.1	350	0.8	-7.903089986991944
290918.593	350	0.805	-7.903089986991944
292121.755	350	0.81	-7.903089986991944
293419.134	350	0.815	-7.903089986991944
293918.203	350	0.82	-7.903089986991944
295812.679	350	0.825	-7.903089986991944
296222.477	350	0.83	-7.903089986991944
297839.136	350	0.835	-7.903089986991944
299052.491	350	0.84	-7.903089986991944
299998.608	350	0.845	-7.903089986991944
300838.989	350	0.85	-7.903089986991944
302678.107	350	0.855	-7.903089986991944
303901.581	350	0.86	-7.903089986991944
305896.007	350	0.865	-7.903089986991944
307226.535	350	0.87	-7.903089986991944
308280.643	350	0.875	-7.903089986991944
309606.229	350	0.88	-7.903089986991944
312232.669	350	0.885	-7.903089986991944
315831.614	350	0.89	-7.903089986991944
319127.867	350	0.895	-7.903089986991944
319708.579	350	0.9	-7.903089986991944
323124.421	350	0.905	-7.903089986991944
327044.284	350	0.91	-7.903089986991944
329253.497	350	0.915	-7.903089986991944
330507.666	350	0.92	-7.903089986991944
332561.393	350	0.925	-7.903089986991944
334251.681	350	0.93	-7.903089986991944
337475.959	350	0.935	-7.903089986991944
344484.19	350	0.94	-7.903089986991944
350080.137	350	0.945	-7.903089986991944
357789.143	350	0.95	-7.903089986991944
365916.175	350	0.955	-7.903089986991944
371973.406	350	0.96	-7.903089986991944
381833.764	350	0.965	-7.903089986991944
387166.055	350	0.97	-7.903089986991944
410300.241	350	0.975	-7.903089986991944
423682.086	350	0.98	-7.903089986991944
459291.406	350	0.985	-7.903089986991944
507062.383	350	0.99	-7.903089986991944
589365.407	350	0.995	-7.903089986991944
256211.429	375	0.5	-7.903089986991944
256535.786	375	0.505	-7.903089986991944
256737.3	375	0.51	-7.903089986991944
256964.775	375	0.515	-7.903089986991944
257158.571	375	0.52	-7.903089986991944
257429.214	375	0.525	-7.903089986991944
257919.918	375	0.53	-7.903089986991944
258161.328	375	0.535	-7.903089986991944
258365.581	375	0.54	-7.903089986991944
259033.21	375	0.545	-7.903089986991944
259642.936	375	0.55	-7.903089986991944
260139.042	375	0.555	-7.903089986991944
260740.211	375	0.56	-7.903089986991944
260973.776	375	0.565	-7.903089986991944
261900.255	375	0.57	-7.903089986991944
262770.316	375	0.575	-7.903089986991944
263000.001	375	0.58	-7.903089986991944
263305.608	375	0.585	-7.903089986991944
263639.5	375	0.59	-7.903089986991944
263984.951	375	0.595	-7.903089986991944
265017.429	375	0.6	-7.903089986991944
265480.55	375	0.605	-7.903089986991944
265762.829	375	0.61	-7.903089986991944
266481.221	375	0.615	-7.903089986991944
267250.429	375	0.62	-7.903089986991944
268332.393	375	0.625	-7.903089986991944
268981.435	375	0.63	-7.903089986991944
269438.952	375	0.635	-7.903089986991944
270058.083	375	0.64	-7.903089986991944
270643.001	375	0.645	-7.903089986991944
271243.896	375	0.65	-7.903089986991944
271486.171	375	0.655	-7.903089986991944
271802.653	375	0.66	-7.903089986991944
272177.329	375	0.665	-7.903089986991944
272995.914	375	0.67	-7.903089986991944
273706.768	375	0.675	-7.903089986991944
274648.603	375	0.68	-7.903089986991944
275047.579	375	0.685	-7.903089986991944
275456.54	375	0.69	-7.903089986991944
276121.908	375	0.695	-7.903089986991944
277267.05	375	0.7	-7.903089986991944
277891.998	375	0.705	-7.903089986991944
278521.105	375	0.71	-7.903089986991944
279173.629	375	0.715	-7.903089986991944
279935.829	375	0.72	-7.903089986991944
281333.718	375	0.725	-7.903089986991944
282262.366	375	0.73	-7.903089986991944
282691.491	375	0.735	-7.903089986991944
283407.476	375	0.74	-7.903089986991944
283995.06	375	0.745	-7.903089986991944
284465.768	375	0.75	-7.903089986991944
285022.818	375	0.755	-7.903089986991944
286006.146	375	0.76	-7.903089986991944
286957.666	375	0.765	-7.903089986991944
287418.761	375	0.77	-7.903089986991944
288752.039	375	0.775	-7.903089986991944
290369.686	375	0.78	-7.903089986991944
291182.271	375	0.785	-7.903089986991944
291613.052	375	0.79	-7.903089986991944
293005.433	375	0.795	-7.903089986991944
293617.043	375	0.8	-7.903089986991944
294340.221	375	0.805	-7.903089986991944
295207.656	375	0.81	-7.903089986991944
296130.734	375	0.815	-7.903089986991944
297630.897	375	0.82	-7.903089986991944
299568.929	375	0.825	-7.903089986991944
300506.469	375	0.83	-7.903089986991944
301854.045	375	0.835	-7.903089986991944
302594.366	375	0.84	-7.903089986991944
304360.261	375	0.845	-7.903089986991944
305557.643	375	0.85	-7.903089986991944
307203.935	375	0.855	-7.903089986991944
309678.543	375	0.86	-7.903089986991944
312701.376	375	0.865	-7.903089986991944
315138.509	375	0.87	-7.903089986991944
316973.357	375	0.875	-7.903089986991944
319627.829	375	0.88	-7.903089986991944
321037.63	375	0.885	-7.903089986991944
324170.1	375	0.89	-7.903089986991944
325935.918	375	0.895	-7.903089986991944
327742.779	375	0.9	-7.903089986991944
331379.221	375	0.905	-7.903089986991944
332450.119	375	0.91	-7.903089986991944
333854.207	375	0.915	-7.903089986991944
337666.057	375	0.92	-7.903089986991944
341932.393	375	0.925	-7.903089986991944
343995.294	375	0.93	-7.903089986991944
346179.362	375	0.935	-7.903089986991944
348283.281	375	0.94	-7.903089986991944
353366.907	375	0.945	-7.903089986991944
357315.286	375	0.95	-7.903089986991944
365543.718	375	0.955	-7.903089986991944
375917.763	375	0.96	-7.903089986991944
387128.77	375	0.965	-7.903089986991944
394783.286	375	0.97	-7.903089986991944
415482.498	375	0.975	-7.903089986991944
425921.489	375	0.98	-7.903089986991944
452611.107	375	0.985	-7.903089986991944
472831.871	375	0.99	-7.903089986991944
592753.043	375	0.995	-7.903089986991944
266792.214	400	0.5	-7.903089986991944
266982.233	400	0.505	-7.903089986991944
267430.05	400	0.51	-7.903089986991944
267640.929	400	0.515	-7.903089986991944
268215.28	400	0.52	-7.903089986991944
268955.18	400	0.525	-7.903089986991944
269423.3	400	0.53	-7.903089986991944
269794.942	400	0.535	-7.903089986991944
270240.771	400	0.54	-7.903089986991944
270680.679	400	0.545	-7.903089986991944
270989.3	400	0.55	-7.903089986991944
271561.514	400	0.555	-7.903089986991944
272266.423	400	0.56	-7.903089986991944
272794.591	400	0.565	-7.903089986991944
273114.515	400	0.57	-7.903089986991944
273662.755	400	0.575	-7.903089986991944
274578.854	400	0.58	-7.903089986991944
275152.676	400	0.585	-7.903089986991944
275714.769	400	0.59	-7.903089986991944
275972.557	400	0.595	-7.903089986991944
276358.843	400	0.6	-7.903089986991944
276824.019	400	0.605	-7.903089986991944
276934.515	400	0.61	-7.903089986991944
277814.879	400	0.615	-7.903089986991944
278144.484	400	0.62	-7.903089986991944
278768.062	400	0.625	-7.903089986991944
279310.861	400	0.63	-7.903089986991944
279906.15	400	0.635	-7.903089986991944
280341.906	400	0.64	-7.903089986991944
280871.871	400	0.645	-7.903089986991944
281546.454	400	0.65	-7.903089986991944
282169.321	400	0.655	-7.903089986991944
282801.681	400	0.66	-7.903089986991944
283264.498	400	0.665	-7.903089986991944
283705.676	400	0.67	-7.903089986991944
284003.214	400	0.675	-7.903089986991944
284710.8	400	0.68	-7.903089986991944
285163.798	400	0.685	-7.903089986991944
286077.384	400	0.69	-7.903089986991944
287285.6	400	0.695	-7.903089986991944
288361.471	400	0.7	-7.903089986991944
289164.09	400	0.705	-7.903089986991944
289727.329	400	0.71	-7.903089986991944
290545.521	400	0.715	-7.903089986991944
291245.183	400	0.72	-7.903089986991944
292154.393	400	0.725	-7.903089986991944
292791.614	400	0.73	-7.903089986991944
293389.024	400	0.735	-7.903089986991944
294788.086	400	0.74	-7.903089986991944
295779.143	400	0.745	-7.903089986991944
297237.786	400	0.75	-7.903089986991944
298325.221	400	0.755	-7.903089986991944
298724.743	400	0.76	-7.903089986991944
299448.712	400	0.765	-7.903089986991944
300668.155	400	0.77	-7.903089986991944
301193.425	400	0.775	-7.903089986991944
302070.086	400	0.78	-7.903089986991944
303812.559	400	0.785	-7.903089986991944
304539.857	400	0.79	-7.903089986991944
306325.615	400	0.795	-7.903089986991944
307340.442	400	0.8	-7.903089986991944
308019.85	400	0.805	-7.903089986991944
308841.461	400	0.81	-7.903089986991944
309985.444	400	0.815	-7.903089986991944
311787.314	400	0.82	-7.903089986991944
313189.668	400	0.825	-7.903089986991944
314498.146	400	0.83	-7.903089986991944
316000.943	400	0.835	-7.903089986991944
317725.177	400	0.84	-7.903089986991944
320831.153	400	0.845	-7.903089986991944
323434.429	400	0.85	-7.903089986991944
325020.803	400	0.855	-7.903089986991944
325773.486	400	0.86	-7.903089986991944
327698.471	400	0.865	-7.903089986991944
329858.057	400	0.87	-7.903089986991944
331871.375	400	0.875	-7.903089986991944
333598.343	400	0.88	-7.903089986991944
336066.297	400	0.885	-7.903089986991944
337739.064	400	0.89	-7.903089986991944
340052.781	400	0.895	-7.903089986991944
345047.479	400	0.9	-7.903089986991944
347794.948	400	0.905	-7.903089986991944
349785.108	400	0.91	-7.903089986991944
350809.979	400	0.915	-7.903089986991944
354974.0	400	0.92	-7.903089986991944
361057.693	400	0.925	-7.903089986991944
363716.171	400	0.93	-7.903089986991944
371072.888	400	0.935	-7.903089986991944
376647.196	400	0.94	-7.903089986991944
379149.329	400	0.945	-7.903089986991944
389087.539	400	0.95	-7.903089986991944
394799.625	400	0.955	-7.903089986991944
405400.857	400	0.96	-7.903089986991944
420998.836	400	0.965	-7.903089986991944
431248.757	400	0.97	-7.903089986991944
441324.93	400	0.975	-7.903089986991944
485544.006	400	0.98	-7.903089986991944
509663.886	400	0.985	-7.903089986991944
568627.971	400	0.99	-7.903089986991944
596473.179	400	0.995	-7.903089986991944
273208.286	425	0.5	-7.903089986991944
274346.407	425	0.505	-7.903089986991944
274633.536	425	0.51	-7.903089986991944
274970.075	425	0.515	-7.903089986991944
275479.429	425	0.52	-7.903089986991944
275836.877	425	0.525	-7.903089986991944
276278.314	425	0.53	-7.903089986991944
276387.636	425	0.535	-7.903089986991944
277311.829	425	0.54	-7.903089986991944
277770.275	425	0.545	-7.903089986991944
278671.104	425	0.55	-7.903089986991944
279024.58	425	0.555	-7.903089986991944
279734.849	425	0.56	-7.903089986991944
280615.414	425	0.565	-7.903089986991944
281408.55	425	0.57	-7.903089986991944
282510.571	425	0.575	-7.903089986991944
282841.356	425	0.58	-7.903089986991944
283507.4	425	0.585	-7.903089986991944
283859.597	425	0.59	-7.903089986991944
284192.121	425	0.595	-7.903089986991944
284702.029	425	0.6	-7.903089986991944
285102.979	425	0.605	-7.903089986991944
285853.902	425	0.61	-7.903089986991944
286216.845	425	0.615	-7.903089986991944
287122.057	425	0.62	-7.903089986991944
287691.875	425	0.625	-7.903089986991944
288480.017	425	0.63	-7.903089986991944
289677.205	425	0.635	-7.903089986991944
290198.114	425	0.64	-7.903089986991944
291180.535	425	0.645	-7.903089986991944
291917.907	425	0.65	-7.903089986991944
292249.325	425	0.655	-7.903089986991944
292834.353	425	0.66	-7.903089986991944
294088.865	425	0.665	-7.903089986991944
294443.727	425	0.67	-7.903089986991944
295125.893	425	0.675	-7.903089986991944
296278.186	425	0.68	-7.903089986991944
296700.657	425	0.685	-7.903089986991944
297576.684	425	0.69	-7.903089986991944
298283.057	425	0.695	-7.903089986991944
299258.929	425	0.7	-7.903089986991944
299616.728	425	0.705	-7.903089986991944
300137.811	425	0.71	-7.903089986991944
300753.592	425	0.715	-7.903089986991944
301675.651	425	0.72	-7.903089986991944
302536.454	425	0.725	-7.903089986991944
303586.3	425	0.73	-7.903089986991944
304293.614	425	0.735	-7.903089986991944
304859.866	425	0.74	-7.903089986991944
306017.88	425	0.745	-7.903089986991944
306438.107	425	0.75	-7.903089986991944
307918.236	425	0.755	-7.903089986991944
308842.823	425	0.76	-7.903089986991944
309281.06	425	0.765	-7.903089986991944
310371.612	425	0.77	-7.903089986991944
310850.591	425	0.775	-7.903089986991944
312093.303	425	0.78	-7.903089986991944
312797.094	425	0.785	-7.903089986991944
313771.601	425	0.79	-7.903089986991944
315871.449	425	0.795	-7.903089986991944
316665.886	425	0.8	-7.903089986991944
317591.879	425	0.805	-7.903089986991944
318448.429	425	0.81	-7.903089986991944
319021.414	425	0.815	-7.903089986991944
321546.089	425	0.82	-7.903089986991944
323856.002	425	0.825	-7.903089986991944
324904.624	425	0.83	-7.903089986991944
326573.917	425	0.835	-7.903089986991944
327693.603	425	0.84	-7.903089986991944
328286.979	425	0.845	-7.903089986991944
330352.429	425	0.85	-7.903089986991944
332354.033	425	0.855	-7.903089986991944
335038.477	425	0.86	-7.903089986991944
336742.676	425	0.865	-7.903089986991944
338796.326	425	0.87	-7.903089986991944
342004.482	425	0.875	-7.903089986991944
345868.294	425	0.88	-7.903089986991944
347860.084	425	0.885	-7.903089986991944
349701.622	425	0.89	-7.903089986991944
353173.934	425	0.895	-7.903089986991944
356463.807	425	0.9	-7.903089986991944
360127.872	425	0.905	-7.903089986991944
362607.576	425	0.91	-7.903089986991944
367466.563	425	0.915	-7.903089986991944
374044.203	425	0.92	-7.903089986991944
377365.845	425	0.925	-7.903089986991944
383991.257	425	0.93	-7.903089986991944
387135.893	425	0.935	-7.903089986991944
395446.104	425	0.94	-7.903089986991944
403200.414	425	0.945	-7.903089986991944
412943.861	425	0.95	-7.903089986991944
416182.907	425	0.955	-7.903089986991944
432332.914	425	0.96	-7.903089986991944
441591.543	425	0.965	-7.903089986991944
456916.61	425	0.97	-7.903089986991944
472025.036	425	0.975	-7.903089986991944
475641.2	425	0.98	-7.903089986991944
493447.937	425	0.985	-7.903089986991944
546366.499	425	0.99	-7.903089986991944
676946.221	425	0.995	-7.903089986991944
282587.964	450	0.5	-7.903089986991944
283221.078	450	0.505	-7.903089986991944
283579.157	450	0.51	-7.903089986991944
284507.516	450	0.515	-7.903089986991944
284805.123	450	0.52	-7.903089986991944
285049.82	450	0.525	-7.903089986991944
285349.919	450	0.53	-7.903089986991944
285925.714	450	0.535	-7.903089986991944
287256.706	450	0.54	-7.903089986991944
287642.9	450	0.545	-7.903089986991944
288156.157	450	0.55	-7.903089986991944
289154.25	450	0.555	-7.903089986991944
289517.289	450	0.56	-7.903089986991944
290312.445	450	0.565	-7.903089986991944
290590.579	450	0.57	-7.903089986991944
290944.602	450	0.575	-7.903089986991944
291355.789	450	0.58	-7.903089986991944
292164.247	450	0.585	-7.903089986991944
292502.044	450	0.59	-7.903089986991944
293520.714	450	0.595	-7.903089986991944
294675.786	450	0.6	-7.903089986991944
295031.586	450	0.605	-7.903089986991944
295299.686	450	0.61	-7.903089986991944
295994.138	450	0.615	-7.903089986991944
296594.883	450	0.62	-7.903089986991944
297472.429	450	0.625	-7.903089986991944
298437.314	450	0.63	-7.903089986991944
299011.254	450	0.635	-7.903089986991944
299377.943	450	0.64	-7.903089986991944
299915.348	450	0.645	-7.903089986991944
300975.811	450	0.65	-7.903089986991944
301588.96	450	0.655	-7.903089986991944
302334.629	450	0.66	-7.903089986991944
303141.007	450	0.665	-7.903089986991944
304582.66	450	0.67	-7.903089986991944
305221.491	450	0.675	-7.903089986991944
305667.726	450	0.68	-7.903089986991944
306710.214	450	0.685	-7.903089986991944
307469.886	450	0.69	-7.903089986991944
307934.536	450	0.695	-7.903089986991944
308525.714	450	0.7	-7.903089986991944
309518.35	450	0.705	-7.903089986991944
309927.321	450	0.71	-7.903089986991944
310719.228	450	0.715	-7.903089986991944
311224.623	450	0.72	-7.903089986991944
311818.341	450	0.725	-7.903089986991944
312838.843	450	0.73	-7.903089986991944
313445.288	450	0.735	-7.903089986991944
313822.493	450	0.74	-7.903089986991944
314263.503	450	0.745	-7.903089986991944
316390.429	450	0.75	-7.903089986991944
317587.918	450	0.755	-7.903089986991944
318503.477	450	0.76	-7.903089986991944
319385.693	450	0.765	-7.903089986991944
321128.124	450	0.77	-7.903089986991944
322284.218	450	0.775	-7.903089986991944
323331.501	450	0.78	-7.903089986991944
324465.603	450	0.785	-7.903089986991944
325551.011	450	0.79	-7.903089986991944
326710.636	450	0.795	-7.903089986991944
327855.943	450	0.8	-7.903089986991944
329208.206	450	0.805	-7.903089986991944
330668.284	450	0.81	-7.903089986991944
331493.734	450	0.815	-7.903089986991944
333047.394	450	0.82	-7.903089986991944
333700.357	450	0.825	-7.903089986991944
335661.2	450	0.83	-7.903089986991944
336923.807	450	0.835	-7.903089986991944
338801.92	450	0.84	-7.903089986991944
340052.507	450	0.845	-7.903089986991944
341540.15	450	0.85	-7.903089986991944
342933.214	450	0.855	-7.903089986991944
344524.201	450	0.86	-7.903089986991944
346483.8	450	0.865	-7.903089986991944
348416.428	450	0.87	-7.903089986991944
353003.063	450	0.875	-7.903089986991944
354947.834	450	0.88	-7.903089986991944
356460.107	450	0.885	-7.903089986991944
358549.516	450	0.89	-7.903089986991944
361962.188	450	0.895	-7.903089986991944
368405.393	450	0.9	-7.903089986991944
372234.214	450	0.905	-7.903089986991944
377071.814	450	0.91	-7.903089986991944
381502.579	450	0.915	-7.903089986991944
383960.286	450	0.92	-7.903089986991944
387985.75	450	0.925	-7.903089986991944
390491.07	450	0.93	-7.903089986991944
393481.781	450	0.935	-7.903089986991944
395030.023	450	0.94	-7.903089986991944
405652.888	450	0.945	-7.903089986991944
411788.071	450	0.95	-7.903089986991944
421351.923	450	0.955	-7.903089986991944
427561.023	450	0.96	-7.903089986991944
438611.005	450	0.965	-7.903089986991944
444449.443	450	0.97	-7.903089986991944
451879.882	450	0.975	-7.903089986991944
476404.499	450	0.98	-7.903089986991944
526307.212	450	0.985	-7.903089986991944
605344.843	450	0.99	-7.903089986991944
714371.25	450	0.995	-7.903089986991944
