S*_score	SNP_num	quantile	log(local_recomb_rate)
115300.0	25	0.5	-7.903089986991944
116036.95	25	0.505	-7.903089986991944
116686.933	25	0.51	-7.903089986991944
117599.494	25	0.515	-7.903089986991944
118052.0	25	0.52	-7.903089986991944
118345.636	25	0.525	-7.903089986991944
118922.867	25	0.53	-7.903089986991944
119455.6	25	0.535	-7.903089986991944
120673.867	25	0.54	-7.903089986991944
121082.04	25	0.545	-7.903089986991944
121583.975	25	0.55	-7.903089986991944
121756.543	25	0.555	-7.903089986991944
122052.533	25	0.56	-7.903089986991944
122384.707	25	0.565	-7.903089986991944
122515.25	25	0.57	-7.903089986991944
123097.4	25	0.575	-7.903089986991944
123864.019	25	0.58	-7.903089986991944
124555.033	25	0.585	-7.903089986991944
124675.877	25	0.59	-7.903089986991944
125098.978	25	0.595	-7.903089986991944
125541.333	25	0.6	-7.903089986991944
125996.08	25	0.605	-7.903089986991944
126452.743	25	0.61	-7.903089986991944
127218.5	25	0.615	-7.903089986991944
128145.818	25	0.62	-7.903089986991944
128244.393	25	0.625	-7.903089986991944
128566.33	25	0.63	-7.903089986991944
128998.52	25	0.635	-7.903089986991944
129602.72	25	0.64	-7.903089986991944
130307.029	25	0.645	-7.903089986991944
131021.0	25	0.65	-7.903089986991944
131538.123	25	0.655	-7.903089986991944
132525.6	25	0.66	-7.903089986991944
133480.608	25	0.665	-7.903089986991944
134241.2	25	0.67	-7.903089986991944
135616.0	25	0.675	-7.903089986991944
135999.2	25	0.68	-7.903089986991944
137517.5	25	0.685	-7.903089986991944
137948.4	25	0.69	-7.903089986991944
138540.2	25	0.695	-7.903089986991944
138993.0	25	0.7	-7.903089986991944
139407.16	25	0.705	-7.903089986991944
139922.64	25	0.71	-7.903089986991944
141103.053	25	0.715	-7.903089986991944
141424.8	25	0.72	-7.903089986991944
142125.561	25	0.725	-7.903089986991944
142812.6	25	0.73	-7.903089986991944
143268.45	25	0.735	-7.903089986991944
143671.051	25	0.74	-7.903089986991944
144144.4	25	0.745	-7.903089986991944
144707.5	25	0.75	-7.903089986991944
146033.53	25	0.755	-7.903089986991944
146495.886	25	0.76	-7.903089986991944
147404.369	25	0.765	-7.903089986991944
147706.885	25	0.77	-7.903089986991944
147984.5	25	0.775	-7.903089986991944
148647.953	25	0.78	-7.903089986991944
148903.0	25	0.785	-7.903089986991944
150750.343	25	0.79	-7.903089986991944
151787.112	25	0.795	-7.903089986991944
153188.571	25	0.8	-7.903089986991944
153535.173	25	0.805	-7.903089986991944
154325.6	25	0.81	-7.903089986991944
155490.025	25	0.815	-7.903089986991944
156636.39	25	0.82	-7.903089986991944
156808.833	25	0.825	-7.903089986991944
157603.74	25	0.83	-7.903089986991944
158467.763	25	0.835	-7.903089986991944
159266.312	25	0.84	-7.903089986991944
159962.793	25	0.845	-7.903089986991944
161166.0	25	0.85	-7.903089986991944
161326.871	25	0.855	-7.903089986991944
162102.4	25	0.86	-7.903089986991944
163242.8	25	0.865	-7.903089986991944
163739.846	25	0.87	-7.903089986991944
165099.5	25	0.875	-7.903089986991944
166604.0	25	0.88	-7.903089986991944
167308.8	25	0.885	-7.903089986991944
168354.633	25	0.89	-7.903089986991944
169024.96	25	0.895	-7.903089986991944
169777.6	25	0.9	-7.903089986991944
170847.501	25	0.905	-7.903089986991944
171516.0	25	0.91	-7.903089986991944
174263.2	25	0.915	-7.903089986991944
175484.8	25	0.92	-7.903089986991944
176724.45	25	0.925	-7.903089986991944
177761.44	25	0.93	-7.903089986991944
178675.2	25	0.935	-7.903089986991944
179633.6	25	0.94	-7.903089986991944
180346.067	25	0.945	-7.903089986991944
181519.0	25	0.95	-7.903089986991944
182314.423	25	0.955	-7.903089986991944
183518.06	25	0.96	-7.903089986991944
185964.986	25	0.965	-7.903089986991944
189006.129	25	0.97	-7.903089986991944
191574.0	25	0.975	-7.903089986991944
192927.04	25	0.98	-7.903089986991944
197987.2	25	0.985	-7.903089986991944
200573.4	25	0.99	-7.903089986991944
204798.2	25	0.995	-7.903089986991944
126487.143	50	0.5	-7.903089986991944
126658.125	50	0.505	-7.903089986991944
127027.917	50	0.51	-7.903089986991944
127467.048	50	0.515	-7.903089986991944
127713.333	50	0.52	-7.903089986991944
128516.385	50	0.525	-7.903089986991944
129359.636	50	0.53	-7.903089986991944
129727.0	50	0.535	-7.903089986991944
130209.643	50	0.54	-7.903089986991944
130710.0	50	0.545	-7.903089986991944
131121.357	50	0.55	-7.903089986991944
131538.056	50	0.555	-7.903089986991944
132186.667	50	0.56	-7.903089986991944
132661.429	50	0.565	-7.903089986991944
133280.361	50	0.57	-7.903089986991944
133537.062	50	0.575	-7.903089986991944
134147.244	50	0.58	-7.903089986991944
134650.714	50	0.585	-7.903089986991944
135660.438	50	0.59	-7.903089986991944
136287.024	50	0.595	-7.903089986991944
136626.667	50	0.6	-7.903089986991944
136991.346	50	0.605	-7.903089986991944
137637.857	50	0.61	-7.903089986991944
138379.913	50	0.615	-7.903089986991944
138953.504	50	0.62	-7.903089986991944
139796.292	50	0.625	-7.903089986991944
140082.5	50	0.63	-7.903089986991944
140551.25	50	0.635	-7.903089986991944
141142.222	50	0.64	-7.903089986991944
141519.286	50	0.645	-7.903089986991944
141732.282	50	0.65	-7.903089986991944
142518.92	50	0.655	-7.903089986991944
143219.422	50	0.66	-7.903089986991944
143724.625	50	0.665	-7.903089986991944
144174.716	50	0.67	-7.903089986991944
144674.637	50	0.675	-7.903089986991944
145246.667	50	0.68	-7.903089986991944
145743.447	50	0.685	-7.903089986991944
145885.0	50	0.69	-7.903089986991944
146187.51	50	0.695	-7.903089986991944
146436.487	50	0.7	-7.903089986991944
147005.962	50	0.705	-7.903089986991944
147337.875	50	0.71	-7.903089986991944
147840.646	50	0.715	-7.903089986991944
148308.571	50	0.72	-7.903089986991944
148704.417	50	0.725	-7.903089986991944
149226.167	50	0.73	-7.903089986991944
149393.625	50	0.735	-7.903089986991944
151173.333	50	0.74	-7.903089986991944
152310.962	50	0.745	-7.903089986991944
152959.286	50	0.75	-7.903089986991944
153446.136	50	0.755	-7.903089986991944
153738.333	50	0.76	-7.903089986991944
154274.792	50	0.765	-7.903089986991944
155069.821	50	0.77	-7.903089986991944
155732.5	50	0.775	-7.903089986991944
156296.717	50	0.78	-7.903089986991944
157064.606	50	0.785	-7.903089986991944
157629.643	50	0.79	-7.903089986991944
158377.5	50	0.795	-7.903089986991944
159406.0	50	0.8	-7.903089986991944
160023.125	50	0.805	-7.903089986991944
160415.833	50	0.81	-7.903089986991944
161765.625	50	0.815	-7.903089986991944
162394.567	50	0.82	-7.903089986991944
163223.0	50	0.825	-7.903089986991944
164419.0	50	0.83	-7.903089986991944
165112.5	50	0.835	-7.903089986991944
166040.143	50	0.84	-7.903089986991944
167077.214	50	0.845	-7.903089986991944
168318.104	50	0.85	-7.903089986991944
169373.327	50	0.855	-7.903089986991944
170144.5	50	0.86	-7.903089986991944
170977.778	50	0.865	-7.903089986991944
171746.395	50	0.87	-7.903089986991944
172371.166	50	0.875	-7.903089986991944
172980.0	50	0.88	-7.903089986991944
174146.136	50	0.885	-7.903089986991944
176300.893	50	0.89	-7.903089986991944
176612.875	50	0.895	-7.903089986991944
177779.071	50	0.9	-7.903089986991944
178852.708	50	0.905	-7.903089986991944
180048.758	50	0.91	-7.903089986991944
180903.896	50	0.915	-7.903089986991944
182940.0	50	0.92	-7.903089986991944
184287.727	50	0.925	-7.903089986991944
186161.446	50	0.93	-7.903089986991944
186775.833	50	0.935	-7.903089986991944
187452.104	50	0.94	-7.903089986991944
189515.0	50	0.945	-7.903089986991944
190335.769	50	0.95	-7.903089986991944
192512.723	50	0.955	-7.903089986991944
193991.429	50	0.96	-7.903089986991944
195711.964	50	0.965	-7.903089986991944
199637.5	50	0.97	-7.903089986991944
201473.875	50	0.975	-7.903089986991944
203268.462	50	0.98	-7.903089986991944
208855.0	50	0.985	-7.903089986991944
213685.244	50	0.99	-7.903089986991944
225592.212	50	0.995	-7.903089986991944
138714.286	75	0.5	-7.903089986991944
139143.675	75	0.505	-7.903089986991944
139540.468	75	0.51	-7.903089986991944
140037.679	75	0.515	-7.903089986991944
140718.96	75	0.52	-7.903089986991944
141278.259	75	0.525	-7.903089986991944
141840.464	75	0.53	-7.903089986991944
141966.993	75	0.535	-7.903089986991944
142505.4	75	0.54	-7.903089986991944
142756.714	75	0.545	-7.903089986991944
143643.018	75	0.55	-7.903089986991944
144143.013	75	0.555	-7.903089986991944
144457.585	75	0.56	-7.903089986991944
145299.03	75	0.565	-7.903089986991944
145908.429	75	0.57	-7.903089986991944
146208.693	75	0.575	-7.903089986991944
146767.95	75	0.58	-7.903089986991944
147286.767	75	0.585	-7.903089986991944
147899.768	75	0.59	-7.903089986991944
148547.327	75	0.595	-7.903089986991944
148649.231	75	0.6	-7.903089986991944
149134.525	75	0.605	-7.903089986991944
149660.618	75	0.61	-7.903089986991944
150273.535	75	0.615	-7.903089986991944
150596.977	75	0.62	-7.903089986991944
150755.357	75	0.625	-7.903089986991944
151084.422	75	0.63	-7.903089986991944
151713.117	75	0.635	-7.903089986991944
152439.143	75	0.64	-7.903089986991944
153445.357	75	0.645	-7.903089986991944
153968.485	75	0.65	-7.903089986991944
154522.32	75	0.655	-7.903089986991944
155138.381	75	0.66	-7.903089986991944
155839.815	75	0.665	-7.903089986991944
156232.396	75	0.67	-7.903089986991944
156891.856	75	0.675	-7.903089986991944
157793.231	75	0.68	-7.903089986991944
158102.929	75	0.685	-7.903089986991944
158400.424	75	0.69	-7.903089986991944
158615.018	75	0.695	-7.903089986991944
159130.192	75	0.7	-7.903089986991944
159960.923	75	0.705	-7.903089986991944
160334.286	75	0.71	-7.903089986991944
160513.777	75	0.715	-7.903089986991944
161192.793	75	0.72	-7.903089986991944
161945.848	75	0.725	-7.903089986991944
162507.361	75	0.73	-7.903089986991944
163230.143	75	0.735	-7.903089986991944
163873.486	75	0.74	-7.903089986991944
164487.002	75	0.745	-7.903089986991944
165065.577	75	0.75	-7.903089986991944
165612.005	75	0.755	-7.903089986991944
166364.538	75	0.76	-7.903089986991944
166877.479	75	0.765	-7.903089986991944
167418.132	75	0.77	-7.903089986991944
168679.731	75	0.775	-7.903089986991944
169067.538	75	0.78	-7.903089986991944
169522.424	75	0.785	-7.903089986991944
169812.0	75	0.79	-7.903089986991944
170285.425	75	0.795	-7.903089986991944
170961.429	75	0.8	-7.903089986991944
171238.72	75	0.805	-7.903089986991944
171744.143	75	0.81	-7.903089986991944
172006.482	75	0.815	-7.903089986991944
172733.221	75	0.82	-7.903089986991944
173082.0	75	0.825	-7.903089986991944
173965.881	75	0.83	-7.903089986991944
174464.523	75	0.835	-7.903089986991944
175517.857	75	0.84	-7.903089986991944
176330.659	75	0.845	-7.903089986991944
176993.327	75	0.85	-7.903089986991944
178059.273	75	0.855	-7.903089986991944
178609.0	75	0.86	-7.903089986991944
179657.0	75	0.865	-7.903089986991944
180476.036	75	0.87	-7.903089986991944
182003.363	75	0.875	-7.903089986991944
182514.523	75	0.88	-7.903089986991944
183953.909	75	0.885	-7.903089986991944
185328.836	75	0.89	-7.903089986991944
186312.413	75	0.895	-7.903089986991944
186811.667	75	0.9	-7.903089986991944
188106.25	75	0.905	-7.903089986991944
188814.538	75	0.91	-7.903089986991944
189720.049	75	0.915	-7.903089986991944
190798.814	75	0.92	-7.903089986991944
191350.089	75	0.925	-7.903089986991944
192707.675	75	0.93	-7.903089986991944
194133.381	75	0.935	-7.903089986991944
194898.396	75	0.94	-7.903089986991944
196614.935	75	0.945	-7.903089986991944
198306.896	75	0.95	-7.903089986991944
200754.039	75	0.955	-7.903089986991944
204148.108	75	0.96	-7.903089986991944
206716.964	75	0.965	-7.903089986991944
210932.357	75	0.97	-7.903089986991944
213041.731	75	0.975	-7.903089986991944
220814.619	75	0.98	-7.903089986991944
224742.214	75	0.985	-7.903089986991944
238902.714	75	0.99	-7.903089986991944
272489.571	75	0.995	-7.903089986991944
154369.0	100	0.5	-7.903089986991944
154758.64	100	0.505	-7.903089986991944
154946.342	100	0.51	-7.903089986991944
155251.077	100	0.515	-7.903089986991944
155506.968	100	0.52	-7.903089986991944
155789.083	100	0.525	-7.903089986991944
156487.067	100	0.53	-7.903089986991944
156731.693	100	0.535	-7.903089986991944
157113.909	100	0.54	-7.903089986991944
157517.648	100	0.545	-7.903089986991944
157991.714	100	0.55	-7.903089986991944
158498.257	100	0.555	-7.903089986991944
158984.468	100	0.56	-7.903089986991944
159244.143	100	0.565	-7.903089986991944
159986.533	100	0.57	-7.903089986991944
160389.571	100	0.575	-7.903089986991944
161181.53	100	0.58	-7.903089986991944
161968.562	100	0.585	-7.903089986991944
162262.46	100	0.59	-7.903089986991944
162629.323	100	0.595	-7.903089986991944
162708.985	100	0.6	-7.903089986991944
163328.124	100	0.605	-7.903089986991944
163680.438	100	0.61	-7.903089986991944
164100.229	100	0.615	-7.903089986991944
164575.56	100	0.62	-7.903089986991944
165319.754	100	0.625	-7.903089986991944
165806.557	100	0.63	-7.903089986991944
166125.164	100	0.635	-7.903089986991944
166525.44	100	0.64	-7.903089986991944
166954.803	100	0.645	-7.903089986991944
167677.986	100	0.65	-7.903089986991944
168353.585	100	0.655	-7.903089986991944
168549.594	100	0.66	-7.903089986991944
168844.031	100	0.665	-7.903089986991944
169357.509	100	0.67	-7.903089986991944
169758.833	100	0.675	-7.903089986991944
170348.976	100	0.68	-7.903089986991944
171173.933	100	0.685	-7.903089986991944
171595.376	100	0.69	-7.903089986991944
172157.255	100	0.695	-7.903089986991944
173137.231	100	0.7	-7.903089986991944
173385.751	100	0.705	-7.903089986991944
174045.287	100	0.71	-7.903089986991944
174519.387	100	0.715	-7.903089986991944
175119.52	100	0.72	-7.903089986991944
176071.742	100	0.725	-7.903089986991944
176625.754	100	0.73	-7.903089986991944
176806.414	100	0.735	-7.903089986991944
177337.987	100	0.74	-7.903089986991944
177528.738	100	0.745	-7.903089986991944
178305.0	100	0.75	-7.903089986991944
179215.329	100	0.755	-7.903089986991944
179749.269	100	0.76	-7.903089986991944
180513.364	100	0.765	-7.903089986991944
180970.417	100	0.77	-7.903089986991944
181773.744	100	0.775	-7.903089986991944
182251.287	100	0.78	-7.903089986991944
183119.438	100	0.785	-7.903089986991944
183676.571	100	0.79	-7.903089986991944
184396.573	100	0.795	-7.903089986991944
185042.286	100	0.8	-7.903089986991944
185677.076	100	0.805	-7.903089986991944
186158.717	100	0.81	-7.903089986991944
186476.543	100	0.815	-7.903089986991944
187311.967	100	0.82	-7.903089986991944
188386.247	100	0.825	-7.903089986991944
189016.053	100	0.83	-7.903089986991944
189822.277	100	0.835	-7.903089986991944
190706.914	100	0.84	-7.903089986991944
191526.733	100	0.845	-7.903089986991944
192332.222	100	0.85	-7.903089986991944
193023.403	100	0.855	-7.903089986991944
193806.686	100	0.86	-7.903089986991944
194983.34	100	0.865	-7.903089986991944
195452.695	100	0.87	-7.903089986991944
196344.926	100	0.875	-7.903089986991944
198071.263	100	0.88	-7.903089986991944
199197.807	100	0.885	-7.903089986991944
200471.063	100	0.89	-7.903089986991944
201301.397	100	0.895	-7.903089986991944
202652.923	100	0.9	-7.903089986991944
204323.05	100	0.905	-7.903089986991944
205043.314	100	0.91	-7.903089986991944
205684.8	100	0.915	-7.903089986991944
208208.196	100	0.92	-7.903089986991944
209215.65	100	0.925	-7.903089986991944
210302.88	100	0.93	-7.903089986991944
213521.029	100	0.935	-7.903089986991944
215180.38	100	0.94	-7.903089986991944
217712.797	100	0.945	-7.903089986991944
218992.484	100	0.95	-7.903089986991944
220033.69	100	0.955	-7.903089986991944
223192.057	100	0.96	-7.903089986991944
225381.8	100	0.965	-7.903089986991944
228933.334	100	0.97	-7.903089986991944
236410.355	100	0.975	-7.903089986991944
242972.413	100	0.98	-7.903089986991944
256988.776	100	0.985	-7.903089986991944
272383.666	100	0.99	-7.903089986991944
288437.677	100	0.995	-7.903089986991944
166696.357	125	0.5	-7.903089986991944
167297.989	125	0.505	-7.903089986991944
167924.429	125	0.51	-7.903089986991944
168187.881	125	0.515	-7.903089986991944
168434.436	125	0.52	-7.903089986991944
169098.8	125	0.525	-7.903089986991944
169854.729	125	0.53	-7.903089986991944
170170.38	125	0.535	-7.903089986991944
170747.828	125	0.54	-7.903089986991944
171290.377	125	0.545	-7.903089986991944
171950.492	125	0.55	-7.903089986991944
172370.914	125	0.555	-7.903089986991944
172712.514	125	0.56	-7.903089986991944
172945.925	125	0.565	-7.903089986991944
173402.44	125	0.57	-7.903089986991944
173693.714	125	0.575	-7.903089986991944
174155.965	125	0.58	-7.903089986991944
174899.531	125	0.585	-7.903089986991944
175419.598	125	0.59	-7.903089986991944
175937.071	125	0.595	-7.903089986991944
176772.871	125	0.6	-7.903089986991944
177222.329	125	0.605	-7.903089986991944
177924.444	125	0.61	-7.903089986991944
178512.628	125	0.615	-7.903089986991944
178860.218	125	0.62	-7.903089986991944
179680.385	125	0.625	-7.903089986991944
179944.571	125	0.63	-7.903089986991944
180326.84	125	0.635	-7.903089986991944
180827.848	125	0.64	-7.903089986991944
181208.511	125	0.645	-7.903089986991944
181623.238	125	0.65	-7.903089986991944
182249.156	125	0.655	-7.903089986991944
182748.246	125	0.66	-7.903089986991944
183046.571	125	0.665	-7.903089986991944
183278.857	125	0.67	-7.903089986991944
183715.429	125	0.675	-7.903089986991944
184244.8	125	0.68	-7.903089986991944
184755.069	125	0.685	-7.903089986991944
185239.6	125	0.69	-7.903089986991944
185522.774	125	0.695	-7.903089986991944
185895.943	125	0.7	-7.903089986991944
186171.626	125	0.705	-7.903089986991944
186702.957	125	0.71	-7.903089986991944
187382.514	125	0.715	-7.903089986991944
188205.171	125	0.72	-7.903089986991944
188752.4	125	0.725	-7.903089986991944
189368.035	125	0.73	-7.903089986991944
190039.736	125	0.735	-7.903089986991944
190884.217	125	0.74	-7.903089986991944
191930.743	125	0.745	-7.903089986991944
192297.286	125	0.75	-7.903089986991944
193056.834	125	0.755	-7.903089986991944
193967.064	125	0.76	-7.903089986991944
195144.114	125	0.765	-7.903089986991944
195719.623	125	0.77	-7.903089986991944
196270.49	125	0.775	-7.903089986991944
196581.594	125	0.78	-7.903089986991944
197193.134	125	0.785	-7.903089986991944
198018.303	125	0.79	-7.903089986991944
198757.586	125	0.795	-7.903089986991944
199329.925	125	0.8	-7.903089986991944
199895.886	125	0.805	-7.903089986991944
200263.2	125	0.81	-7.903089986991944
200906.4	125	0.815	-7.903089986991944
201601.728	125	0.82	-7.903089986991944
202766.857	125	0.825	-7.903089986991944
203245.657	125	0.83	-7.903089986991944
203984.366	125	0.835	-7.903089986991944
205736.057	125	0.84	-7.903089986991944
206497.083	125	0.845	-7.903089986991944
207742.286	125	0.85	-7.903089986991944
208450.259	125	0.855	-7.903089986991944
209838.338	125	0.86	-7.903089986991944
211329.486	125	0.865	-7.903089986991944
212625.211	125	0.87	-7.903089986991944
213770.0	125	0.875	-7.903089986991944
214767.523	125	0.88	-7.903089986991944
216719.006	125	0.885	-7.903089986991944
217602.114	125	0.89	-7.903089986991944
219051.369	125	0.895	-7.903089986991944
220207.714	125	0.9	-7.903089986991944
221038.794	125	0.905	-7.903089986991944
221821.6	125	0.91	-7.903089986991944
223173.029	125	0.915	-7.903089986991944
224437.749	125	0.92	-7.903089986991944
225520.667	125	0.925	-7.903089986991944
227875.465	125	0.93	-7.903089986991944
229835.486	125	0.935	-7.903089986991944
232038.071	125	0.94	-7.903089986991944
235618.8	125	0.945	-7.903089986991944
238130.571	125	0.95	-7.903089986991944
241139.314	125	0.955	-7.903089986991944
242363.086	125	0.96	-7.903089986991944
244872.114	125	0.965	-7.903089986991944
247785.872	125	0.97	-7.903089986991944
254289.714	125	0.975	-7.903089986991944
262477.16	125	0.98	-7.903089986991944
282948.897	125	0.985	-7.903089986991944
302134.171	125	0.99	-7.903089986991944
343140.846	125	0.995	-7.903089986991944
181835.714	150	0.5	-7.903089986991944
181985.692	150	0.505	-7.903089986991944
182437.523	150	0.51	-7.903089986991944
182805.571	150	0.515	-7.903089986991944
183061.486	150	0.52	-7.903089986991944
183579.619	150	0.525	-7.903089986991944
183869.235	150	0.53	-7.903089986991944
184318.637	150	0.535	-7.903089986991944
184721.603	150	0.54	-7.903089986991944
185181.3	150	0.545	-7.903089986991944
185795.875	150	0.55	-7.903089986991944
186416.114	150	0.555	-7.903089986991944
186704.014	150	0.56	-7.903089986991944
187053.171	150	0.565	-7.903089986991944
187453.6	150	0.57	-7.903089986991944
187621.562	150	0.575	-7.903089986991944
187795.737	150	0.58	-7.903089986991944
188170.11	150	0.585	-7.903089986991944
188597.754	150	0.59	-7.903089986991944
189071.267	150	0.595	-7.903089986991944
189647.371	150	0.6	-7.903089986991944
190135.32	150	0.605	-7.903089986991944
190684.931	150	0.61	-7.903089986991944
190934.566	150	0.615	-7.903089986991944
191677.811	150	0.62	-7.903089986991944
192295.386	150	0.625	-7.903089986991944
192802.47	150	0.63	-7.903089986991944
193625.486	150	0.635	-7.903089986991944
193824.112	150	0.64	-7.903089986991944
194165.114	150	0.645	-7.903089986991944
194619.886	150	0.65	-7.903089986991944
194883.684	150	0.655	-7.903089986991944
195456.243	150	0.66	-7.903089986991944
196057.176	150	0.665	-7.903089986991944
196342.655	150	0.67	-7.903089986991944
197114.358	150	0.675	-7.903089986991944
197310.84	150	0.68	-7.903089986991944
197709.987	150	0.685	-7.903089986991944
197986.277	150	0.69	-7.903089986991944
198365.832	150	0.695	-7.903089986991944
198692.071	150	0.7	-7.903089986991944
198981.613	150	0.705	-7.903089986991944
199429.949	150	0.71	-7.903089986991944
200085.108	150	0.715	-7.903089986991944
200644.914	150	0.72	-7.903089986991944
201462.143	150	0.725	-7.903089986991944
202473.029	150	0.73	-7.903089986991944
203033.706	150	0.735	-7.903089986991944
203565.92	150	0.74	-7.903089986991944
203938.87	150	0.745	-7.903089986991944
204932.857	150	0.75	-7.903089986991944
205375.547	150	0.755	-7.903089986991944
205895.938	150	0.76	-7.903089986991944
206294.086	150	0.765	-7.903089986991944
206881.203	150	0.77	-7.903089986991944
207817.857	150	0.775	-7.903089986991944
208018.909	150	0.78	-7.903089986991944
208272.281	150	0.785	-7.903089986991944
208860.8	150	0.79	-7.903089986991944
209508.886	150	0.795	-7.903089986991944
210018.769	150	0.8	-7.903089986991944
210747.171	150	0.805	-7.903089986991944
211219.837	150	0.81	-7.903089986991944
211834.38	150	0.815	-7.903089986991944
212441.637	150	0.82	-7.903089986991944
212963.571	150	0.825	-7.903089986991944
214127.886	150	0.83	-7.903089986991944
214838.484	150	0.835	-7.903089986991944
215903.143	150	0.84	-7.903089986991944
216669.597	150	0.845	-7.903089986991944
217222.99	150	0.85	-7.903089986991944
218659.968	150	0.855	-7.903089986991944
219281.802	150	0.86	-7.903089986991944
219661.915	150	0.865	-7.903089986991944
220236.374	150	0.87	-7.903089986991944
221609.762	150	0.875	-7.903089986991944
222683.497	150	0.88	-7.903089986991944
224178.829	150	0.885	-7.903089986991944
225686.733	150	0.89	-7.903089986991944
226841.886	150	0.895	-7.903089986991944
227918.646	150	0.9	-7.903089986991944
230397.263	150	0.905	-7.903089986991944
231832.686	150	0.91	-7.903089986991944
234418.982	150	0.915	-7.903089986991944
235577.543	150	0.92	-7.903089986991944
237957.692	150	0.925	-7.903089986991944
240918.701	150	0.93	-7.903089986991944
243489.181	150	0.935	-7.903089986991944
245855.543	150	0.94	-7.903089986991944
248060.769	150	0.945	-7.903089986991944
250956.957	150	0.95	-7.903089986991944
254582.82	150	0.955	-7.903089986991944
256398.8	150	0.96	-7.903089986991944
260980.4	150	0.965	-7.903089986991944
267378.642	150	0.97	-7.903089986991944
273468.857	150	0.975	-7.903089986991944
280124.914	150	0.98	-7.903089986991944
293159.499	150	0.985	-7.903089986991944
303505.029	150	0.99	-7.903089986991944
324813.891	150	0.995	-7.903089986991944
192682.5	175	0.5	-7.903089986991944
193081.06	175	0.505	-7.903089986991944
193238.839	175	0.51	-7.903089986991944
193474.455	175	0.515	-7.903089986991944
193787.019	175	0.52	-7.903089986991944
194133.857	175	0.525	-7.903089986991944
194738.926	175	0.53	-7.903089986991944
195159.495	175	0.535	-7.903089986991944
195442.629	175	0.54	-7.903089986991944
196094.585	175	0.545	-7.903089986991944
196456.436	175	0.55	-7.903089986991944
196790.179	175	0.555	-7.903089986991944
197106.52	175	0.56	-7.903089986991944
197639.134	175	0.565	-7.903089986991944
198194.21	175	0.57	-7.903089986991944
198495.504	175	0.575	-7.903089986991944
198787.197	175	0.58	-7.903089986991944
199241.0	175	0.585	-7.903089986991944
200040.571	175	0.59	-7.903089986991944
200410.443	175	0.595	-7.903089986991944
200937.829	175	0.6	-7.903089986991944
201251.679	175	0.605	-7.903089986991944
202368.814	175	0.61	-7.903089986991944
202701.786	175	0.615	-7.903089986991944
203036.68	175	0.62	-7.903089986991944
203591.071	175	0.625	-7.903089986991944
203846.822	175	0.63	-7.903089986991944
204175.544	175	0.635	-7.903089986991944
204759.431	175	0.64	-7.903089986991944
205185.7	175	0.645	-7.903089986991944
205831.907	175	0.65	-7.903089986991944
206268.615	175	0.655	-7.903089986991944
206545.662	175	0.66	-7.903089986991944
207636.921	175	0.665	-7.903089986991944
207848.4	175	0.67	-7.903089986991944
208323.643	175	0.675	-7.903089986991944
209064.4	175	0.68	-7.903089986991944
209738.505	175	0.685	-7.903089986991944
210544.268	175	0.69	-7.903089986991944
210888.701	175	0.695	-7.903089986991944
211512.829	175	0.7	-7.903089986991944
212572.866	175	0.705	-7.903089986991944
213521.229	175	0.71	-7.903089986991944
214055.557	175	0.715	-7.903089986991944
214402.4	175	0.72	-7.903089986991944
214927.7	175	0.725	-7.903089986991944
215933.205	175	0.73	-7.903089986991944
216349.048	175	0.735	-7.903089986991944
216878.663	175	0.74	-7.903089986991944
217579.029	175	0.745	-7.903089986991944
218552.214	175	0.75	-7.903089986991944
219488.201	175	0.755	-7.903089986991944
220573.351	175	0.76	-7.903089986991944
221074.558	175	0.765	-7.903089986991944
221572.429	175	0.77	-7.903089986991944
222182.929	175	0.775	-7.903089986991944
222897.2	175	0.78	-7.903089986991944
223800.244	175	0.785	-7.903089986991944
224357.571	175	0.79	-7.903089986991944
224675.455	175	0.795	-7.903089986991944
225076.371	175	0.8	-7.903089986991944
225860.8	175	0.805	-7.903089986991944
226339.44	175	0.81	-7.903089986991944
227044.657	175	0.815	-7.903089986991944
227886.523	175	0.82	-7.903089986991944
229027.0	175	0.825	-7.903089986991944
229977.914	175	0.83	-7.903089986991944
230265.391	175	0.835	-7.903089986991944
231281.618	175	0.84	-7.903089986991944
232247.532	175	0.845	-7.903089986991944
233316.571	175	0.85	-7.903089986991944
233992.201	175	0.855	-7.903089986991944
234499.66	175	0.86	-7.903089986991944
235210.652	175	0.865	-7.903089986991944
235599.543	175	0.87	-7.903089986991944
236591.768	175	0.875	-7.903089986991944
237825.213	175	0.88	-7.903089986991944
238874.329	175	0.885	-7.903089986991944
239762.286	175	0.89	-7.903089986991944
243425.343	175	0.895	-7.903089986991944
244809.157	175	0.9	-7.903089986991944
246556.128	175	0.905	-7.903089986991944
248839.171	175	0.91	-7.903089986991944
250603.026	175	0.915	-7.903089986991944
253753.926	175	0.92	-7.903089986991944
256805.389	175	0.925	-7.903089986991944
260638.533	175	0.93	-7.903089986991944
263266.257	175	0.935	-7.903089986991944
266459.27	175	0.94	-7.903089986991944
269965.576	175	0.945	-7.903089986991944
271413.843	175	0.95	-7.903089986991944
274725.264	175	0.955	-7.903089986991944
279377.6	175	0.96	-7.903089986991944
283117.467	175	0.965	-7.903089986991944
288393.007	175	0.97	-7.903089986991944
293946.346	175	0.975	-7.903089986991944
301934.78	175	0.98	-7.903089986991944
306079.6	175	0.985	-7.903089986991944
316659.119	175	0.99	-7.903089986991944
337423.817	175	0.995	-7.903089986991944
204103.893	200	0.5	-7.903089986991944
204391.979	200	0.505	-7.903089986991944
204715.484	200	0.51	-7.903089986991944
205134.447	200	0.515	-7.903089986991944
205731.022	200	0.52	-7.903089986991944
205969.321	200	0.525	-7.903089986991944
206318.427	200	0.53	-7.903089986991944
206617.821	200	0.535	-7.903089986991944
206810.556	200	0.54	-7.903089986991944
207264.436	200	0.545	-7.903089986991944
207808.996	200	0.55	-7.903089986991944
208071.349	200	0.555	-7.903089986991944
208354.8	200	0.56	-7.903089986991944
209020.064	200	0.565	-7.903089986991944
209236.936	200	0.57	-7.903089986991944
209871.179	200	0.575	-7.903089986991944
210387.229	200	0.58	-7.903089986991944
210599.331	200	0.585	-7.903089986991944
211260.684	200	0.59	-7.903089986991944
211833.706	200	0.595	-7.903089986991944
212453.662	200	0.6	-7.903089986991944
212753.092	200	0.605	-7.903089986991944
213195.828	200	0.61	-7.903089986991944
214053.829	200	0.615	-7.903089986991944
214405.263	200	0.62	-7.903089986991944
214763.723	200	0.625	-7.903089986991944
215227.052	200	0.63	-7.903089986991944
215638.747	200	0.635	-7.903089986991944
216049.2	200	0.64	-7.903089986991944
216410.479	200	0.645	-7.903089986991944
217087.071	200	0.65	-7.903089986991944
217626.579	200	0.655	-7.903089986991944
218003.564	200	0.66	-7.903089986991944
218355.856	200	0.665	-7.903089986991944
219973.848	200	0.67	-7.903089986991944
220248.125	200	0.675	-7.903089986991944
220901.543	200	0.68	-7.903089986991944
221325.693	200	0.685	-7.903089986991944
221817.871	200	0.69	-7.903089986991944
222473.936	200	0.695	-7.903089986991944
223196.143	200	0.7	-7.903089986991944
223840.5	200	0.705	-7.903089986991944
224313.021	200	0.71	-7.903089986991944
224718.529	200	0.715	-7.903089986991944
225464.514	200	0.72	-7.903089986991944
226041.786	200	0.725	-7.903089986991944
226736.581	200	0.73	-7.903089986991944
227068.736	200	0.735	-7.903089986991944
228041.196	200	0.74	-7.903089986991944
228507.757	200	0.745	-7.903089986991944
229370.357	200	0.75	-7.903089986991944
229985.662	200	0.755	-7.903089986991944
230300.552	200	0.76	-7.903089986991944
231809.15	200	0.765	-7.903089986991944
232345.533	200	0.77	-7.903089986991944
232756.448	200	0.775	-7.903089986991944
233681.314	200	0.78	-7.903089986991944
234382.213	200	0.785	-7.903089986991944
234817.444	200	0.79	-7.903089986991944
235493.279	200	0.795	-7.903089986991944
236493.714	200	0.8	-7.903089986991944
236902.079	200	0.805	-7.903089986991944
237706.701	200	0.81	-7.903089986991944
238625.379	200	0.815	-7.903089986991944
239391.286	200	0.82	-7.903089986991944
239879.668	200	0.825	-7.903089986991944
240497.629	200	0.83	-7.903089986991944
240938.438	200	0.835	-7.903089986991944
242040.217	200	0.84	-7.903089986991944
243066.611	200	0.845	-7.903089986991944
244131.304	200	0.85	-7.903089986991944
245283.879	200	0.855	-7.903089986991944
246240.41	200	0.86	-7.903089986991944
247521.112	200	0.865	-7.903089986991944
247957.503	200	0.87	-7.903089986991944
248854.107	200	0.875	-7.903089986991944
249829.526	200	0.88	-7.903089986991944
250917.36	200	0.885	-7.903089986991944
252288.436	200	0.89	-7.903089986991944
253173.143	200	0.895	-7.903089986991944
254476.05	200	0.9	-7.903089986991944
255884.014	200	0.905	-7.903089986991944
256772.562	200	0.91	-7.903089986991944
259362.657	200	0.915	-7.903089986991944
263270.629	200	0.92	-7.903089986991944
265211.152	200	0.925	-7.903089986991944
269933.073	200	0.93	-7.903089986991944
271863.321	200	0.935	-7.903089986991944
273080.413	200	0.94	-7.903089986991944
279249.339	200	0.945	-7.903089986991944
281659.218	200	0.95	-7.903089986991944
287836.9	200	0.955	-7.903089986991944
297015.928	200	0.96	-7.903089986991944
302844.784	200	0.965	-7.903089986991944
306962.059	200	0.97	-7.903089986991944
313911.929	200	0.975	-7.903089986991944
317795.743	200	0.98	-7.903089986991944
331352.857	200	0.985	-7.903089986991944
340902.726	200	0.99	-7.903089986991944
384136.443	200	0.995	-7.903089986991944
217230.148	225	0.5	-7.903089986991944
217718.0	225	0.505	-7.903089986991944
218204.714	225	0.51	-7.903089986991944
218809.545	225	0.515	-7.903089986991944
219119.334	225	0.52	-7.903089986991944
219427.023	225	0.525	-7.903089986991944
219954.371	225	0.53	-7.903089986991944
220546.426	225	0.535	-7.903089986991944
221047.2	225	0.54	-7.903089986991944
221141.228	225	0.545	-7.903089986991944
221584.071	225	0.55	-7.903089986991944
221905.832	225	0.555	-7.903089986991944
222326.057	225	0.56	-7.903089986991944
222592.698	225	0.565	-7.903089986991944
223099.743	225	0.57	-7.903089986991944
223891.827	225	0.575	-7.903089986991944
224343.385	225	0.58	-7.903089986991944
224786.971	225	0.585	-7.903089986991944
225245.014	225	0.59	-7.903089986991944
225508.867	225	0.595	-7.903089986991944
226025.714	225	0.6	-7.903089986991944
226691.1	225	0.605	-7.903089986991944
227044.376	225	0.61	-7.903089986991944
227416.498	225	0.615	-7.903089986991944
227943.295	225	0.62	-7.903089986991944
228416.319	225	0.625	-7.903089986991944
228749.891	225	0.63	-7.903089986991944
229173.145	225	0.635	-7.903089986991944
229647.068	225	0.64	-7.903089986991944
230044.529	225	0.645	-7.903089986991944
230753.596	225	0.65	-7.903089986991944
231233.315	225	0.655	-7.903089986991944
231480.948	225	0.66	-7.903089986991944
231999.131	225	0.665	-7.903089986991944
232648.376	225	0.67	-7.903089986991944
233339.345	225	0.675	-7.903089986991944
233691.383	225	0.68	-7.903089986991944
234198.405	225	0.685	-7.903089986991944
235178.223	225	0.69	-7.903089986991944
236261.781	225	0.695	-7.903089986991944
236833.436	225	0.7	-7.903089986991944
237039.507	225	0.705	-7.903089986991944
237590.086	225	0.71	-7.903089986991944
237912.571	225	0.715	-7.903089986991944
238651.994	225	0.72	-7.903089986991944
238963.786	225	0.725	-7.903089986991944
239930.09	225	0.73	-7.903089986991944
240674.903	225	0.735	-7.903089986991944
242002.853	225	0.74	-7.903089986991944
242939.417	225	0.745	-7.903089986991944
243861.393	225	0.75	-7.903089986991944
244082.0	225	0.755	-7.903089986991944
244594.391	225	0.76	-7.903089986991944
244833.929	225	0.765	-7.903089986991944
245251.717	225	0.77	-7.903089986991944
246095.088	225	0.775	-7.903089986991944
246712.143	225	0.78	-7.903089986991944
247236.343	225	0.785	-7.903089986991944
247842.171	225	0.79	-7.903089986991944
248316.079	225	0.795	-7.903089986991944
248765.143	225	0.8	-7.903089986991944
250103.832	225	0.805	-7.903089986991944
251491.271	225	0.81	-7.903089986991944
252341.235	225	0.815	-7.903089986991944
252710.429	225	0.82	-7.903089986991944
253264.03	225	0.825	-7.903089986991944
254081.414	225	0.83	-7.903089986991944
254986.795	225	0.835	-7.903089986991944
256029.257	225	0.84	-7.903089986991944
256902.104	225	0.845	-7.903089986991944
259298.839	225	0.85	-7.903089986991944
260511.129	225	0.855	-7.903089986991944
261769.696	225	0.86	-7.903089986991944
263126.093	225	0.865	-7.903089986991944
264553.086	225	0.87	-7.903089986991944
265993.321	225	0.875	-7.903089986991944
266785.591	225	0.88	-7.903089986991944
268208.667	225	0.885	-7.903089986991944
269356.729	225	0.89	-7.903089986991944
271479.071	225	0.895	-7.903089986991944
274026.764	225	0.9	-7.903089986991944
275916.885	225	0.905	-7.903089986991944
277783.042	225	0.91	-7.903089986991944
278440.533	225	0.915	-7.903089986991944
280905.359	225	0.92	-7.903089986991944
283583.898	225	0.925	-7.903089986991944
286784.852	225	0.93	-7.903089986991944
287724.412	225	0.935	-7.903089986991944
291169.229	225	0.94	-7.903089986991944
293180.425	225	0.945	-7.903089986991944
297916.714	225	0.95	-7.903089986991944
305334.806	225	0.955	-7.903089986991944
309244.4	225	0.96	-7.903089986991944
312898.108	225	0.965	-7.903089986991944
321961.914	225	0.97	-7.903089986991944
325653.289	225	0.975	-7.903089986991944
332698.971	225	0.98	-7.903089986991944
343366.679	225	0.985	-7.903089986991944
351296.979	225	0.99	-7.903089986991944
408758.607	225	0.995	-7.903089986991944
222238.462	250	0.5	-7.903089986991944
222499.685	250	0.505	-7.903089986991944
222825.11	250	0.51	-7.903089986991944
223159.529	250	0.515	-7.903089986991944
223679.449	250	0.52	-7.903089986991944
224023.504	250	0.525	-7.903089986991944
224479.914	250	0.53	-7.903089986991944
225088.929	250	0.535	-7.903089986991944
225397.672	250	0.54	-7.903089986991944
226160.199	250	0.545	-7.903089986991944
226544.786	250	0.55	-7.903089986991944
227008.973	250	0.555	-7.903089986991944
227684.45	250	0.56	-7.903089986991944
228204.531	250	0.565	-7.903089986991944
228550.764	250	0.57	-7.903089986991944
228835.064	250	0.575	-7.903089986991944
229792.526	250	0.58	-7.903089986991944
230221.739	250	0.585	-7.903089986991944
230871.257	250	0.59	-7.903089986991944
231336.026	250	0.595	-7.903089986991944
232129.457	250	0.6	-7.903089986991944
232481.9	250	0.605	-7.903089986991944
233011.96	250	0.61	-7.903089986991944
233346.561	250	0.615	-7.903089986991944
234201.271	250	0.62	-7.903089986991944
234989.196	250	0.625	-7.903089986991944
235444.224	250	0.63	-7.903089986991944
236144.943	250	0.635	-7.903089986991944
237130.971	250	0.64	-7.903089986991944
238207.229	250	0.645	-7.903089986991944
238555.683	250	0.65	-7.903089986991944
239226.749	250	0.655	-7.903089986991944
240262.906	250	0.66	-7.903089986991944
240526.795	250	0.665	-7.903089986991944
240670.029	250	0.67	-7.903089986991944
241029.118	250	0.675	-7.903089986991944
241690.286	250	0.68	-7.903089986991944
242233.224	250	0.685	-7.903089986991944
242818.083	250	0.69	-7.903089986991944
243586.429	250	0.695	-7.903089986991944
244266.6	250	0.7	-7.903089986991944
244436.571	250	0.705	-7.903089986991944
245446.971	250	0.71	-7.903089986991944
245936.467	250	0.715	-7.903089986991944
246751.569	250	0.72	-7.903089986991944
247475.136	250	0.725	-7.903089986991944
247836.053	250	0.73	-7.903089986991944
248204.105	250	0.735	-7.903089986991944
248623.534	250	0.74	-7.903089986991944
249607.757	250	0.745	-7.903089986991944
250035.107	250	0.75	-7.903089986991944
251440.321	250	0.755	-7.903089986991944
252168.494	250	0.76	-7.903089986991944
253290.038	250	0.765	-7.903089986991944
253714.6	250	0.77	-7.903089986991944
254545.314	250	0.775	-7.903089986991944
255556.44	250	0.78	-7.903089986991944
257228.459	250	0.785	-7.903089986991944
258269.93	250	0.79	-7.903089986991944
258814.178	250	0.795	-7.903089986991944
259536.857	250	0.8	-7.903089986991944
260641.786	250	0.805	-7.903089986991944
261642.257	250	0.81	-7.903089986991944
262415.9	250	0.815	-7.903089986991944
263017.497	250	0.82	-7.903089986991944
264013.146	250	0.825	-7.903089986991944
264730.143	250	0.83	-7.903089986991944
265429.1	250	0.835	-7.903089986991944
267663.667	250	0.84	-7.903089986991944
268279.055	250	0.845	-7.903089986991944
269173.886	250	0.85	-7.903089986991944
270007.506	250	0.855	-7.903089986991944
271580.534	250	0.86	-7.903089986991944
273654.281	250	0.865	-7.903089986991944
275865.771	250	0.87	-7.903089986991944
278385.75	250	0.875	-7.903089986991944
279655.211	250	0.88	-7.903089986991944
280545.996	250	0.885	-7.903089986991944
282295.231	250	0.89	-7.903089986991944
284149.829	250	0.895	-7.903089986991944
285502.242	250	0.9	-7.903089986991944
288406.684	250	0.905	-7.903089986991944
290840.0	250	0.91	-7.903089986991944
292111.729	250	0.915	-7.903089986991944
295022.743	250	0.92	-7.903089986991944
297070.989	250	0.925	-7.903089986991944
299519.134	250	0.93	-7.903089986991944
301065.907	250	0.935	-7.903089986991944
301912.4	250	0.94	-7.903089986991944
306527.022	250	0.945	-7.903089986991944
310904.143	250	0.95	-7.903089986991944
315575.254	250	0.955	-7.903089986991944
321459.197	250	0.96	-7.903089986991944
325833.367	250	0.965	-7.903089986991944
333544.971	250	0.97	-7.903089986991944
346146.064	250	0.975	-7.903089986991944
360393.029	250	0.98	-7.903089986991944
387183.423	250	0.985	-7.903089986991944
404828.714	250	0.99	-7.903089986991944
435183.114	250	0.995	-7.903089986991944
232145.714	275	0.5	-7.903089986991944
232452.471	275	0.505	-7.903089986991944
232884.057	275	0.51	-7.903089986991944
233310.029	275	0.515	-7.903089986991944
233691.206	275	0.52	-7.903089986991944
234202.22	275	0.525	-7.903089986991944
234959.424	275	0.53	-7.903089986991944
235449.529	275	0.535	-7.903089986991944
236264.793	275	0.54	-7.903089986991944
236997.07	275	0.545	-7.903089986991944
237544.429	275	0.55	-7.903089986991944
238039.789	275	0.555	-7.903089986991944
239799.829	275	0.56	-7.903089986991944
240361.87	275	0.565	-7.903089986991944
240710.641	275	0.57	-7.903089986991944
241165.597	275	0.575	-7.903089986991944
241789.543	275	0.58	-7.903089986991944
242189.888	275	0.585	-7.903089986991944
242456.386	275	0.59	-7.903089986991944
242911.171	275	0.595	-7.903089986991944
243629.229	275	0.6	-7.903089986991944
243868.965	275	0.605	-7.903089986991944
244569.771	275	0.61	-7.903089986991944
245114.198	275	0.615	-7.903089986991944
245683.934	275	0.62	-7.903089986991944
246106.786	275	0.625	-7.903089986991944
246533.039	275	0.63	-7.903089986991944
247212.85	275	0.635	-7.903089986991944
247808.937	275	0.64	-7.903089986991944
248279.204	275	0.645	-7.903089986991944
249309.557	275	0.65	-7.903089986991944
249627.886	275	0.655	-7.903089986991944
250046.871	275	0.66	-7.903089986991944
250481.557	275	0.665	-7.903089986991944
250848.5	275	0.67	-7.903089986991944
251259.0	275	0.675	-7.903089986991944
251650.8	275	0.68	-7.903089986991944
251901.525	275	0.685	-7.903089986991944
252147.452	275	0.69	-7.903089986991944
252440.435	275	0.695	-7.903089986991944
252812.017	275	0.7	-7.903089986991944
253329.086	275	0.705	-7.903089986991944
253668.873	275	0.71	-7.903089986991944
253802.221	275	0.715	-7.903089986991944
254471.143	275	0.72	-7.903089986991944
254978.095	275	0.725	-7.903089986991944
255790.771	275	0.73	-7.903089986991944
256071.347	275	0.735	-7.903089986991944
256437.437	275	0.74	-7.903089986991944
257089.49	275	0.745	-7.903089986991944
258116.821	275	0.75	-7.903089986991944
259665.682	275	0.755	-7.903089986991944
260416.514	275	0.76	-7.903089986991944
261237.109	275	0.765	-7.903089986991944
262527.557	275	0.77	-7.903089986991944
263278.577	275	0.775	-7.903089986991944
263826.859	275	0.78	-7.903089986991944
264905.035	275	0.785	-7.903089986991944
265492.157	275	0.79	-7.903089986991944
266460.934	275	0.795	-7.903089986991944
266847.729	275	0.8	-7.903089986991944
267783.634	275	0.805	-7.903089986991944
268213.914	275	0.81	-7.903089986991944
268570.261	275	0.815	-7.903089986991944
269869.714	275	0.82	-7.903089986991944
270917.202	275	0.825	-7.903089986991944
271732.012	275	0.83	-7.903089986991944
272993.534	275	0.835	-7.903089986991944
274936.857	275	0.84	-7.903089986991944
276233.694	275	0.845	-7.903089986991944
277233.429	275	0.85	-7.903089986991944
279565.593	275	0.855	-7.903089986991944
280653.421	275	0.86	-7.903089986991944
281160.221	275	0.865	-7.903089986991944
282071.143	275	0.87	-7.903089986991944
283122.341	275	0.875	-7.903089986991944
283681.829	275	0.88	-7.903089986991944
285692.069	275	0.885	-7.903089986991944
287734.371	275	0.89	-7.903089986991944
289447.428	275	0.895	-7.903089986991944
290667.714	275	0.9	-7.903089986991944
292978.595	275	0.905	-7.903089986991944
295348.921	275	0.91	-7.903089986991944
297252.579	275	0.915	-7.903089986991944
302198.523	275	0.92	-7.903089986991944
304632.179	275	0.925	-7.903089986991944
309382.189	275	0.93	-7.903089986991944
312076.554	275	0.935	-7.903089986991944
315488.094	275	0.94	-7.903089986991944
318027.569	275	0.945	-7.903089986991944
324488.786	275	0.95	-7.903089986991944
330109.806	275	0.955	-7.903089986991944
334632.114	275	0.96	-7.903089986991944
341933.171	275	0.965	-7.903089986991944
352758.629	275	0.97	-7.903089986991944
360500.875	275	0.975	-7.903089986991944
376670.137	275	0.98	-7.903089986991944
398889.043	275	0.985	-7.903089986991944
435954.386	275	0.99	-7.903089986991944
470316.2	275	0.995	-7.903089986991944
240372.143	300	0.5	-7.903089986991944
240966.417	300	0.505	-7.903089986991944
241823.63	300	0.51	-7.903089986991944
242325.371	300	0.515	-7.903089986991944
242780.286	300	0.52	-7.903089986991944
243053.762	300	0.525	-7.903089986991944
243559.494	300	0.53	-7.903089986991944
244177.655	300	0.535	-7.903089986991944
244721.204	300	0.54	-7.903089986991944
245281.314	300	0.545	-7.903089986991944
245769.157	300	0.55	-7.903089986991944
246226.032	300	0.555	-7.903089986991944
246556.286	300	0.56	-7.903089986991944
247104.343	300	0.565	-7.903089986991944
247509.08	300	0.57	-7.903089986991944
247945.0	300	0.575	-7.903089986991944
248338.423	300	0.58	-7.903089986991944
248723.799	300	0.585	-7.903089986991944
249039.307	300	0.59	-7.903089986991944
249657.358	300	0.595	-7.903089986991944
250023.571	300	0.6	-7.903089986991944
251040.736	300	0.605	-7.903089986991944
251431.043	300	0.61	-7.903089986991944
251751.422	300	0.615	-7.903089986991944
252080.527	300	0.62	-7.903089986991944
252888.214	300	0.625	-7.903089986991944
253377.343	300	0.63	-7.903089986991944
254291.502	300	0.635	-7.903089986991944
255384.669	300	0.64	-7.903089986991944
255986.703	300	0.645	-7.903089986991944
256432.379	300	0.65	-7.903089986991944
256967.3	300	0.655	-7.903089986991944
257396.607	300	0.66	-7.903089986991944
257764.69	300	0.665	-7.903089986991944
258424.949	300	0.67	-7.903089986991944
259044.107	300	0.675	-7.903089986991944
259840.391	300	0.68	-7.903089986991944
260403.786	300	0.685	-7.903089986991944
260922.649	300	0.69	-7.903089986991944
261875.693	300	0.695	-7.903089986991944
262753.05	300	0.7	-7.903089986991944
263028.657	300	0.705	-7.903089986991944
263549.9	300	0.71	-7.903089986991944
264020.248	300	0.715	-7.903089986991944
265177.543	300	0.72	-7.903089986991944
265927.036	300	0.725	-7.903089986991944
266542.781	300	0.73	-7.903089986991944
268169.586	300	0.735	-7.903089986991944
268984.143	300	0.74	-7.903089986991944
269703.001	300	0.745	-7.903089986991944
270382.911	300	0.75	-7.903089986991944
271098.498	300	0.755	-7.903089986991944
271731.657	300	0.76	-7.903089986991944
272245.461	300	0.765	-7.903089986991944
273814.202	300	0.77	-7.903089986991944
274911.036	300	0.775	-7.903089986991944
275756.783	300	0.78	-7.903089986991944
277394.314	300	0.785	-7.903089986991944
277934.804	300	0.79	-7.903089986991944
279652.3	300	0.795	-7.903089986991944
280159.143	300	0.8	-7.903089986991944
281612.336	300	0.805	-7.903089986991944
282634.527	300	0.81	-7.903089986991944
282988.815	300	0.815	-7.903089986991944
283706.314	300	0.82	-7.903089986991944
284387.773	300	0.825	-7.903089986991944
286436.014	300	0.83	-7.903089986991944
287080.702	300	0.835	-7.903089986991944
288434.689	300	0.84	-7.903089986991944
289947.871	300	0.845	-7.903089986991944
291968.229	300	0.85	-7.903089986991944
292918.468	300	0.855	-7.903089986991944
294522.713	300	0.86	-7.903089986991944
295612.568	300	0.865	-7.903089986991944
296863.577	300	0.87	-7.903089986991944
299919.063	300	0.875	-7.903089986991944
300390.571	300	0.88	-7.903089986991944
302488.564	300	0.885	-7.903089986991944
305966.692	300	0.89	-7.903089986991944
307695.684	300	0.895	-7.903089986991944
310194.443	300	0.9	-7.903089986991944
315294.721	300	0.905	-7.903089986991944
317471.316	300	0.91	-7.903089986991944
320299.564	300	0.915	-7.903089986991944
321935.886	300	0.92	-7.903089986991944
325039.088	300	0.925	-7.903089986991944
327919.556	300	0.93	-7.903089986991944
330277.671	300	0.935	-7.903089986991944
334425.351	300	0.94	-7.903089986991944
341542.8	300	0.945	-7.903089986991944
344847.654	300	0.95	-7.903089986991944
349179.757	300	0.955	-7.903089986991944
358010.811	300	0.96	-7.903089986991944
361818.845	300	0.965	-7.903089986991944
366998.056	300	0.97	-7.903089986991944
379293.464	300	0.975	-7.903089986991944
385763.457	300	0.98	-7.903089986991944
407130.179	300	0.985	-7.903089986991944
440746.514	300	0.99	-7.903089986991944
477357.493	300	0.995	-7.903089986991944
250007.214	325	0.5	-7.903089986991944
250692.079	325	0.505	-7.903089986991944
251385.5	325	0.51	-7.903089986991944
251768.25	325	0.515	-7.903089986991944
252276.8	325	0.52	-7.903089986991944
252682.357	325	0.525	-7.903089986991944
252925.243	325	0.53	-7.903089986991944
253141.124	325	0.535	-7.903089986991944
253587.084	325	0.54	-7.903089986991944
253935.528	325	0.545	-7.903089986991944
254623.825	325	0.55	-7.903089986991944
255298.298	325	0.555	-7.903089986991944
256201.883	325	0.56	-7.903089986991944
257106.768	325	0.565	-7.903089986991944
257368.257	325	0.57	-7.903089986991944
257955.947	325	0.575	-7.903089986991944
258511.749	325	0.58	-7.903089986991944
258965.71	325	0.585	-7.903089986991944
259181.099	325	0.59	-7.903089986991944
259652.507	325	0.595	-7.903089986991944
260322.029	325	0.6	-7.903089986991944
260898.786	325	0.605	-7.903089986991944
262045.414	325	0.61	-7.903089986991944
263158.956	325	0.615	-7.903089986991944
263909.051	325	0.62	-7.903089986991944
264625.259	325	0.625	-7.903089986991944
265028.959	325	0.63	-7.903089986991944
265624.245	325	0.635	-7.903089986991944
266326.471	325	0.64	-7.903089986991944
266817.669	325	0.645	-7.903089986991944
267441.404	325	0.65	-7.903089986991944
268177.657	325	0.655	-7.903089986991944
268725.89	325	0.66	-7.903089986991944
269058.512	325	0.665	-7.903089986991944
269636.714	325	0.67	-7.903089986991944
270620.512	325	0.675	-7.903089986991944
270941.023	325	0.68	-7.903089986991944
271383.17	325	0.685	-7.903089986991944
272483.121	325	0.69	-7.903089986991944
273880.241	325	0.695	-7.903089986991944
274093.571	325	0.7	-7.903089986991944
274673.482	325	0.705	-7.903089986991944
275332.995	325	0.71	-7.903089986991944
275751.485	325	0.715	-7.903089986991944
277431.986	325	0.72	-7.903089986991944
278161.343	325	0.725	-7.903089986991944
278753.748	325	0.73	-7.903089986991944
279452.626	325	0.735	-7.903089986991944
280118.191	325	0.74	-7.903089986991944
280686.929	325	0.745	-7.903089986991944
281057.839	325	0.75	-7.903089986991944
281457.843	325	0.755	-7.903089986991944
282036.771	325	0.76	-7.903089986991944
282898.034	325	0.765	-7.903089986991944
283531.743	325	0.77	-7.903089986991944
284724.195	325	0.775	-7.903089986991944
285763.827	325	0.78	-7.903089986991944
286933.018	325	0.785	-7.903089986991944
288391.383	325	0.79	-7.903089986991944
289799.467	325	0.795	-7.903089986991944
290612.571	325	0.8	-7.903089986991944
291252.964	325	0.805	-7.903089986991944
294078.876	325	0.81	-7.903089986991944
294817.014	325	0.815	-7.903089986991944
296463.686	325	0.82	-7.903089986991944
297970.913	325	0.825	-7.903089986991944
299976.481	325	0.83	-7.903089986991944
300632.394	325	0.835	-7.903089986991944
301634.857	325	0.84	-7.903089986991944
302609.088	325	0.845	-7.903089986991944
304506.429	325	0.85	-7.903089986991944
305245.816	325	0.855	-7.903089986991944
306944.433	325	0.86	-7.903089986991944
309524.564	325	0.865	-7.903089986991944
311572.238	325	0.87	-7.903089986991944
313178.214	325	0.875	-7.903089986991944
314102.514	325	0.88	-7.903089986991944
315383.593	325	0.885	-7.903089986991944
316463.341	325	0.89	-7.903089986991944
322135.021	325	0.895	-7.903089986991944
323580.736	325	0.9	-7.903089986991944
325766.85	325	0.905	-7.903089986991944
332371.493	325	0.91	-7.903089986991944
334322.657	325	0.915	-7.903089986991944
337599.486	325	0.92	-7.903089986991944
340135.148	325	0.925	-7.903089986991944
342657.996	325	0.93	-7.903089986991944
347310.607	325	0.935	-7.903089986991944
351173.414	325	0.94	-7.903089986991944
356929.771	325	0.945	-7.903089986991944
361780.279	325	0.95	-7.903089986991944
366887.079	325	0.955	-7.903089986991944
374955.369	325	0.96	-7.903089986991944
378693.393	325	0.965	-7.903089986991944
391966.514	325	0.97	-7.903089986991944
415072.43	325	0.975	-7.903089986991944
439115.101	325	0.98	-7.903089986991944
450475.811	325	0.985	-7.903089986991944
477951.442	325	0.99	-7.903089986991944
521974.635	325	0.995	-7.903089986991944
258741.393	350	0.5	-7.903089986991944
259471.371	350	0.505	-7.903089986991944
260159.075	350	0.51	-7.903089986991944
260612.284	350	0.515	-7.903089986991944
261313.329	350	0.52	-7.903089986991944
261748.141	350	0.525	-7.903089986991944
262080.091	350	0.53	-7.903089986991944
262705.416	350	0.535	-7.903089986991944
263266.324	350	0.54	-7.903089986991944
263695.758	350	0.545	-7.903089986991944
264196.8	350	0.55	-7.903089986991944
264669.379	350	0.555	-7.903089986991944
265164.777	350	0.56	-7.903089986991944
266233.029	350	0.565	-7.903089986991944
266606.479	350	0.57	-7.903089986991944
266972.0	350	0.575	-7.903089986991944
267939.77	350	0.58	-7.903089986991944
268885.64	350	0.585	-7.903089986991944
269513.629	350	0.59	-7.903089986991944
270288.314	350	0.595	-7.903089986991944
270808.2	350	0.6	-7.903089986991944
271027.248	350	0.605	-7.903089986991944
271691.273	350	0.61	-7.903089986991944
272438.607	350	0.615	-7.903089986991944
273239.616	350	0.62	-7.903089986991944
274222.982	350	0.625	-7.903089986991944
274520.134	350	0.63	-7.903089986991944
274921.01	350	0.635	-7.903089986991944
275443.589	350	0.64	-7.903089986991944
275915.325	350	0.645	-7.903089986991944
276507.332	350	0.65	-7.903089986991944
277938.815	350	0.655	-7.903089986991944
278295.21	350	0.66	-7.903089986991944
278924.3	350	0.665	-7.903089986991944
279726.753	350	0.67	-7.903089986991944
280252.038	350	0.675	-7.903089986991944
281153.257	350	0.68	-7.903089986991944
281820.787	350	0.685	-7.903089986991944
282659.099	350	0.69	-7.903089986991944
283138.385	350	0.695	-7.903089986991944
283825.243	350	0.7	-7.903089986991944
284340.0	350	0.705	-7.903089986991944
285008.97	350	0.71	-7.903089986991944
285602.174	350	0.715	-7.903089986991944
286298.606	350	0.72	-7.903089986991944
286707.0	350	0.725	-7.903089986991944
287323.7	350	0.73	-7.903089986991944
287627.414	350	0.735	-7.903089986991944
289214.681	350	0.74	-7.903089986991944
289940.675	350	0.745	-7.903089986991944
290625.0	350	0.75	-7.903089986991944
290905.616	350	0.755	-7.903089986991944
291576.229	350	0.76	-7.903089986991944
292541.953	350	0.765	-7.903089986991944
292980.514	350	0.77	-7.903089986991944
293411.75	350	0.775	-7.903089986991944
294492.303	350	0.78	-7.903089986991944
295042.459	350	0.785	-7.903089986991944
295533.358	350	0.79	-7.903089986991944
296731.45	350	0.795	-7.903089986991944
297647.127	350	0.8	-7.903089986991944
298263.687	350	0.805	-7.903089986991944
298811.827	350	0.81	-7.903089986991944
300078.877	350	0.815	-7.903089986991944
302176.999	350	0.82	-7.903089986991944
303366.738	350	0.825	-7.903089986991944
304106.229	350	0.83	-7.903089986991944
305130.316	350	0.835	-7.903089986991944
306552.411	350	0.84	-7.903089986991944
307777.254	350	0.845	-7.903089986991944
309655.0	350	0.85	-7.903089986991944
312245.586	350	0.855	-7.903089986991944
313114.11	350	0.86	-7.903089986991944
314720.618	350	0.865	-7.903089986991944
317037.629	350	0.87	-7.903089986991944
318688.259	350	0.875	-7.903089986991944
320603.191	350	0.88	-7.903089986991944
323518.114	350	0.885	-7.903089986991944
324531.929	350	0.89	-7.903089986991944
326738.021	350	0.895	-7.903089986991944
327855.0	350	0.9	-7.903089986991944
331118.771	350	0.905	-7.903089986991944
334748.579	350	0.91	-7.903089986991944
338899.941	350	0.915	-7.903089986991944
341822.514	350	0.92	-7.903089986991944
344917.964	350	0.925	-7.903089986991944
351084.875	350	0.93	-7.903089986991944
354516.426	350	0.935	-7.903089986991944
357668.859	350	0.94	-7.903089986991944
360215.978	350	0.945	-7.903089986991944
368805.071	350	0.95	-7.903089986991944
374850.675	350	0.955	-7.903089986991944
381403.849	350	0.96	-7.903089986991944
393696.486	350	0.965	-7.903089986991944
406048.98	350	0.97	-7.903089986991944
410888.893	350	0.975	-7.903089986991944
423310.003	350	0.98	-7.903089986991944
439800.793	350	0.985	-7.903089986991944
458135.144	350	0.99	-7.903089986991944
534860.364	350	0.995	-7.903089986991944
267757.143	375	0.5	-7.903089986991944
268357.749	375	0.505	-7.903089986991944
268782.043	375	0.51	-7.903089986991944
269097.636	375	0.515	-7.903089986991944
269634.229	375	0.52	-7.903089986991944
270113.561	375	0.525	-7.903089986991944
270549.195	375	0.53	-7.903089986991944
271235.6	375	0.535	-7.903089986991944
271695.866	375	0.54	-7.903089986991944
272277.904	375	0.545	-7.903089986991944
272681.643	375	0.55	-7.903089986991944
273228.964	375	0.555	-7.903089986991944
274389.517	375	0.56	-7.903089986991944
274693.055	375	0.565	-7.903089986991944
275040.939	375	0.57	-7.903089986991944
275460.8	375	0.575	-7.903089986991944
275884.316	375	0.58	-7.903089986991944
276419.971	375	0.585	-7.903089986991944
276854.785	375	0.59	-7.903089986991944
277245.65	375	0.595	-7.903089986991944
277770.614	375	0.6	-7.903089986991944
278089.702	375	0.605	-7.903089986991944
279106.028	375	0.61	-7.903089986991944
280380.67	375	0.615	-7.903089986991944
281050.654	375	0.62	-7.903089986991944
281514.643	375	0.625	-7.903089986991944
282211.971	375	0.63	-7.903089986991944
282887.457	375	0.635	-7.903089986991944
283261.143	375	0.64	-7.903089986991944
283796.754	375	0.645	-7.903089986991944
284253.546	375	0.65	-7.903089986991944
284389.711	375	0.655	-7.903089986991944
284943.449	375	0.66	-7.903089986991944
285315.988	375	0.665	-7.903089986991944
285785.647	375	0.67	-7.903089986991944
286744.011	375	0.675	-7.903089986991944
287029.011	375	0.68	-7.903089986991944
287429.059	375	0.685	-7.903089986991944
288320.878	375	0.69	-7.903089986991944
288947.393	375	0.695	-7.903089986991944
289758.1	375	0.7	-7.903089986991944
290641.557	375	0.705	-7.903089986991944
293056.301	375	0.71	-7.903089986991944
294063.021	375	0.715	-7.903089986991944
294914.483	375	0.72	-7.903089986991944
295476.25	375	0.725	-7.903089986991944
296365.943	375	0.73	-7.903089986991944
297524.695	375	0.735	-7.903089986991944
298042.61	375	0.74	-7.903089986991944
298747.471	375	0.745	-7.903089986991944
299753.929	375	0.75	-7.903089986991944
300690.709	375	0.755	-7.903089986991944
301143.12	375	0.76	-7.903089986991944
302370.811	375	0.765	-7.903089986991944
303278.612	375	0.77	-7.903089986991944
304834.75	375	0.775	-7.903089986991944
305786.787	375	0.78	-7.903089986991944
306790.729	375	0.785	-7.903089986991944
307889.481	375	0.79	-7.903089986991944
308982.649	375	0.795	-7.903089986991944
310981.429	375	0.8	-7.903089986991944
312281.043	375	0.805	-7.903089986991944
314135.87	375	0.81	-7.903089986991944
314730.785	375	0.815	-7.903089986991944
315943.001	375	0.82	-7.903089986991944
316928.464	375	0.825	-7.903089986991944
317541.741	375	0.83	-7.903089986991944
318226.836	375	0.835	-7.903089986991944
319955.029	375	0.84	-7.903089986991944
321199.832	375	0.845	-7.903089986991944
323139.857	375	0.85	-7.903089986991944
325048.743	375	0.855	-7.903089986991944
328621.243	375	0.86	-7.903089986991944
329790.041	375	0.865	-7.903089986991944
331797.686	375	0.87	-7.903089986991944
334177.982	375	0.875	-7.903089986991944
335989.714	375	0.88	-7.903089986991944
337251.607	375	0.885	-7.903089986991944
342421.499	375	0.89	-7.903089986991944
343232.671	375	0.895	-7.903089986991944
346999.571	375	0.9	-7.903089986991944
348753.31	375	0.905	-7.903089986991944
350546.546	375	0.91	-7.903089986991944
351131.756	375	0.915	-7.903089986991944
355224.614	375	0.92	-7.903089986991944
359773.32	375	0.925	-7.903089986991944
364163.209	375	0.93	-7.903089986991944
370764.47	375	0.935	-7.903089986991944
375512.523	375	0.94	-7.903089986991944
378143.418	375	0.945	-7.903089986991944
382645.335	375	0.95	-7.903089986991944
388507.194	375	0.955	-7.903089986991944
400811.6	375	0.96	-7.903089986991944
408997.493	375	0.965	-7.903089986991944
415568.441	375	0.97	-7.903089986991944
426917.57	375	0.975	-7.903089986991944
433755.429	375	0.98	-7.903089986991944
468175.294	375	0.985	-7.903089986991944
520551.7	375	0.99	-7.903089986991944
571122.936	375	0.995	-7.903089986991944
273303.107	400	0.5	-7.903089986991944
273732.561	400	0.505	-7.903089986991944
273986.517	400	0.51	-7.903089986991944
274722.002	400	0.515	-7.903089986991944
275370.86	400	0.52	-7.903089986991944
275608.038	400	0.525	-7.903089986991944
276055.499	400	0.53	-7.903089986991944
276713.612	400	0.535	-7.903089986991944
277296.229	400	0.54	-7.903089986991944
277690.709	400	0.545	-7.903089986991944
278152.286	400	0.55	-7.903089986991944
279186.829	400	0.555	-7.903089986991944
279475.737	400	0.56	-7.903089986991944
280576.772	400	0.565	-7.903089986991944
280939.2	400	0.57	-7.903089986991944
281423.929	400	0.575	-7.903089986991944
281785.514	400	0.58	-7.903089986991944
282205.221	400	0.585	-7.903089986991944
282523.367	400	0.59	-7.903089986991944
283125.671	400	0.595	-7.903089986991944
283633.514	400	0.6	-7.903089986991944
284136.672	400	0.605	-7.903089986991944
284499.542	400	0.61	-7.903089986991944
285346.678	400	0.615	-7.903089986991944
285744.513	400	0.62	-7.903089986991944
286562.571	400	0.625	-7.903089986991944
287033.976	400	0.63	-7.903089986991944
288020.021	400	0.635	-7.903089986991944
288682.734	400	0.64	-7.903089986991944
289408.132	400	0.645	-7.903089986991944
290211.786	400	0.65	-7.903089986991944
291626.421	400	0.655	-7.903089986991944
292415.156	400	0.66	-7.903089986991944
293145.207	400	0.665	-7.903089986991944
293598.803	400	0.67	-7.903089986991944
294117.752	400	0.675	-7.903089986991944
294667.6	400	0.68	-7.903089986991944
295319.908	400	0.685	-7.903089986991944
296374.421	400	0.69	-7.903089986991944
296755.107	400	0.695	-7.903089986991944
297558.971	400	0.7	-7.903089986991944
298320.122	400	0.705	-7.903089986991944
299030.739	400	0.71	-7.903089986991944
300188.168	400	0.715	-7.903089986991944
300953.029	400	0.72	-7.903089986991944
301174.945	400	0.725	-7.903089986991944
301967.613	400	0.73	-7.903089986991944
302228.307	400	0.735	-7.903089986991944
303110.684	400	0.74	-7.903089986991944
304017.175	400	0.745	-7.903089986991944
305456.018	400	0.75	-7.903089986991944
306460.413	400	0.755	-7.903089986991944
307425.389	400	0.76	-7.903089986991944
308007.902	400	0.765	-7.903089986991944
309342.647	400	0.77	-7.903089986991944
309952.604	400	0.775	-7.903089986991944
310691.389	400	0.78	-7.903089986991944
311262.586	400	0.785	-7.903089986991944
313392.922	400	0.79	-7.903089986991944
314176.652	400	0.795	-7.903089986991944
314699.771	400	0.8	-7.903089986991944
315479.29	400	0.805	-7.903089986991944
316055.113	400	0.81	-7.903089986991944
316827.243	400	0.815	-7.903089986991944
317941.031	400	0.82	-7.903089986991944
318571.346	400	0.825	-7.903089986991944
319716.208	400	0.83	-7.903089986991944
320989.126	400	0.835	-7.903089986991944
322939.769	400	0.84	-7.903089986991944
324689.861	400	0.845	-7.903089986991944
326054.929	400	0.85	-7.903089986991944
327401.936	400	0.855	-7.903089986991944
328715.661	400	0.86	-7.903089986991944
330571.407	400	0.865	-7.903089986991944
331444.4	400	0.87	-7.903089986991944
332981.152	400	0.875	-7.903089986991944
335210.58	400	0.88	-7.903089986991944
337027.888	400	0.885	-7.903089986991944
339153.308	400	0.89	-7.903089986991944
341420.75	400	0.895	-7.903089986991944
343906.286	400	0.9	-7.903089986991944
348829.736	400	0.905	-7.903089986991944
350434.543	400	0.91	-7.903089986991944
354119.871	400	0.915	-7.903089986991944
358935.863	400	0.92	-7.903089986991944
360378.191	400	0.925	-7.903089986991944
364056.109	400	0.93	-7.903089986991944
371401.586	400	0.935	-7.903089986991944
377412.32	400	0.94	-7.903089986991944
383912.814	400	0.945	-7.903089986991944
391843.311	400	0.95	-7.903089986991944
399510.582	400	0.955	-7.903089986991944
403890.514	400	0.96	-7.903089986991944
420326.2	400	0.965	-7.903089986991944
424612.967	400	0.97	-7.903089986991944
430316.282	400	0.975	-7.903089986991944
442822.6	400	0.98	-7.903089986991944
465943.805	400	0.985	-7.903089986991944
485329.929	400	0.99	-7.903089986991944
512020.0	400	0.995	-7.903089986991944
282273.571	425	0.5	-7.903089986991944
283543.528	425	0.505	-7.903089986991944
284211.878	425	0.51	-7.903089986991944
284789.792	425	0.515	-7.903089986991944
285145.383	425	0.52	-7.903089986991944
285577.993	425	0.525	-7.903089986991944
285979.229	425	0.53	-7.903089986991944
286778.979	425	0.535	-7.903089986991944
287186.786	425	0.54	-7.903089986991944
287332.055	425	0.545	-7.903089986991944
287624.286	425	0.55	-7.903089986991944
288480.16	425	0.555	-7.903089986991944
288813.771	425	0.56	-7.903089986991944
288999.136	425	0.565	-7.903089986991944
289530.444	425	0.57	-7.903089986991944
289930.146	425	0.575	-7.903089986991944
290524.856	425	0.58	-7.903089986991944
290752.152	425	0.585	-7.903089986991944
291512.873	425	0.59	-7.903089986991944
291734.321	425	0.595	-7.903089986991944
292069.671	425	0.6	-7.903089986991944
292559.75	425	0.605	-7.903089986991944
293473.785	425	0.61	-7.903089986991944
294377.421	425	0.615	-7.903089986991944
294876.593	425	0.62	-7.903089986991944
295312.5	425	0.625	-7.903089986991944
296782.857	425	0.63	-7.903089986991944
297211.741	425	0.635	-7.903089986991944
297646.629	425	0.64	-7.903089986991944
298643.309	425	0.645	-7.903089986991944
299585.901	425	0.65	-7.903089986991944
300045.086	425	0.655	-7.903089986991944
300909.057	425	0.66	-7.903089986991944
301224.45	425	0.665	-7.903089986991944
301732.482	425	0.67	-7.903089986991944
302547.9	425	0.675	-7.903089986991944
303222.0	425	0.68	-7.903089986991944
303638.661	425	0.685	-7.903089986991944
304684.757	425	0.69	-7.903089986991944
305726.464	425	0.695	-7.903089986991944
306137.507	425	0.7	-7.903089986991944
306736.819	425	0.705	-7.903089986991944
308118.692	425	0.71	-7.903089986991944
309470.2	425	0.715	-7.903089986991944
310496.726	425	0.72	-7.903089986991944
311257.232	425	0.725	-7.903089986991944
312156.434	425	0.73	-7.903089986991944
313196.177	425	0.735	-7.903089986991944
314040.214	425	0.74	-7.903089986991944
314843.151	425	0.745	-7.903089986991944
316776.446	425	0.75	-7.903089986991944
317667.221	425	0.755	-7.903089986991944
318478.611	425	0.76	-7.903089986991944
319081.907	425	0.765	-7.903089986991944
320515.967	425	0.77	-7.903089986991944
321269.893	425	0.775	-7.903089986991944
322624.67	425	0.78	-7.903089986991944
323342.371	425	0.785	-7.903089986991944
324581.059	425	0.79	-7.903089986991944
326218.496	425	0.795	-7.903089986991944
327375.086	425	0.8	-7.903089986991944
329134.069	425	0.805	-7.903089986991944
331446.603	425	0.81	-7.903089986991944
332835.17	425	0.815	-7.903089986991944
335524.26	425	0.82	-7.903089986991944
336610.716	425	0.825	-7.903089986991944
337562.134	425	0.83	-7.903089986991944
338973.931	425	0.835	-7.903089986991944
340985.76	425	0.84	-7.903089986991944
342707.593	425	0.845	-7.903089986991944
344070.571	425	0.85	-7.903089986991944
344565.264	425	0.855	-7.903089986991944
346513.534	425	0.86	-7.903089986991944
348417.366	425	0.865	-7.903089986991944
350945.501	425	0.87	-7.903089986991944
352707.321	425	0.875	-7.903089986991944
353613.746	425	0.88	-7.903089986991944
356204.281	425	0.885	-7.903089986991944
357748.991	425	0.89	-7.903089986991944
360645.714	425	0.895	-7.903089986991944
365505.929	425	0.9	-7.903089986991944
368120.6	425	0.905	-7.903089986991944
371914.996	425	0.91	-7.903089986991944
374040.913	425	0.915	-7.903089986991944
377431.257	425	0.92	-7.903089986991944
380997.032	425	0.925	-7.903089986991944
385446.995	425	0.93	-7.903089986991944
388951.369	425	0.935	-7.903089986991944
390231.286	425	0.94	-7.903089986991944
395143.7	425	0.945	-7.903089986991944
403575.418	425	0.95	-7.903089986991944
408013.064	425	0.955	-7.903089986991944
417899.611	425	0.96	-7.903089986991944
424678.1	425	0.965	-7.903089986991944
431634.721	425	0.97	-7.903089986991944
448600.005	425	0.975	-7.903089986991944
463057.859	425	0.98	-7.903089986991944
494836.564	425	0.985	-7.903089986991944
514458.585	425	0.99	-7.903089986991944
592745.171	425	0.995	-7.903089986991944
292849.286	450	0.5	-7.903089986991944
293157.821	450	0.505	-7.903089986991944
293373.272	450	0.51	-7.903089986991944
294376.536	450	0.515	-7.903089986991944
294875.597	450	0.52	-7.903089986991944
295366.18	450	0.525	-7.903089986991944
295731.829	450	0.53	-7.903089986991944
296035.643	450	0.535	-7.903089986991944
296359.99	450	0.54	-7.903089986991944
296979.128	450	0.545	-7.903089986991944
297348.071	450	0.55	-7.903089986991944
298542.564	450	0.555	-7.903089986991944
299037.983	450	0.56	-7.903089986991944
299454.235	450	0.565	-7.903089986991944
300143.431	450	0.57	-7.903089986991944
301140.436	450	0.575	-7.903089986991944
301508.65	450	0.58	-7.903089986991944
302184.25	450	0.585	-7.903089986991944
302938.772	450	0.59	-7.903089986991944
303257.945	450	0.595	-7.903089986991944
304086.0	450	0.6	-7.903089986991944
305321.207	450	0.605	-7.903089986991944
306189.329	450	0.61	-7.903089986991944
307049.252	450	0.615	-7.903089986991944
308028.679	450	0.62	-7.903089986991944
308731.741	450	0.625	-7.903089986991944
309502.166	450	0.63	-7.903089986991944
310558.214	450	0.635	-7.903089986991944
311103.24	450	0.64	-7.903089986991944
312407.329	450	0.645	-7.903089986991944
313231.643	450	0.65	-7.903089986991944
314323.64	450	0.655	-7.903089986991944
315138.0	450	0.66	-7.903089986991944
315780.324	450	0.665	-7.903089986991944
316227.837	450	0.67	-7.903089986991944
316970.612	450	0.675	-7.903089986991944
317865.743	450	0.68	-7.903089986991944
318802.419	450	0.685	-7.903089986991944
320210.908	450	0.69	-7.903089986991944
320688.201	450	0.695	-7.903089986991944
321409.429	450	0.7	-7.903089986991944
322765.609	450	0.705	-7.903089986991944
323461.527	450	0.71	-7.903089986991944
323789.994	450	0.715	-7.903089986991944
324497.771	450	0.72	-7.903089986991944
325007.854	450	0.725	-7.903089986991944
325678.086	450	0.73	-7.903089986991944
326766.9	450	0.735	-7.903089986991944
328650.753	450	0.74	-7.903089986991944
329727.184	450	0.745	-7.903089986991944
331302.857	450	0.75	-7.903089986991944
332545.779	450	0.755	-7.903089986991944
333785.086	450	0.76	-7.903089986991944
335079.209	450	0.765	-7.903089986991944
336256.2	450	0.77	-7.903089986991944
338492.198	450	0.775	-7.903089986991944
339290.301	450	0.78	-7.903089986991944
340856.515	450	0.785	-7.903089986991944
341709.041	450	0.79	-7.903089986991944
343197.685	450	0.795	-7.903089986991944
346710.986	450	0.8	-7.903089986991944
347680.326	450	0.805	-7.903089986991944
349498.343	450	0.81	-7.903089986991944
351886.621	450	0.815	-7.903089986991944
352731.601	450	0.82	-7.903089986991944
353918.821	450	0.825	-7.903089986991944
355311.99	450	0.83	-7.903089986991944
357269.062	450	0.835	-7.903089986991944
359528.743	450	0.84	-7.903089986991944
359940.275	450	0.845	-7.903089986991944
361241.879	450	0.85	-7.903089986991944
364005.757	450	0.855	-7.903089986991944
366285.206	450	0.86	-7.903089986991944
369116.136	450	0.865	-7.903089986991944
370306.271	450	0.87	-7.903089986991944
373595.357	450	0.875	-7.903089986991944
375552.629	450	0.88	-7.903089986991944
378080.55	450	0.885	-7.903089986991944
380647.205	450	0.89	-7.903089986991944
387091.732	450	0.895	-7.903089986991944
390841.079	450	0.9	-7.903089986991944
392657.356	450	0.905	-7.903089986991944
399810.371	450	0.91	-7.903089986991944
407918.215	450	0.915	-7.903089986991944
413665.154	450	0.92	-7.903089986991944
419651.157	450	0.925	-7.903089986991944
422609.733	450	0.93	-7.903089986991944
429080.398	450	0.935	-7.903089986991944
436195.141	450	0.94	-7.903089986991944
451001.713	450	0.945	-7.903089986991944
464974.643	450	0.95	-7.903089986991944
480648.428	450	0.955	-7.903089986991944
484255.623	450	0.96	-7.903089986991944
488922.531	450	0.965	-7.903089986991944
498172.644	450	0.97	-7.903089986991944
522028.714	450	0.975	-7.903089986991944
546679.334	450	0.98	-7.903089986991944
565298.243	450	0.985	-7.903089986991944
593990.971	450	0.99	-7.903089986991944
660191.836	450	0.995	-7.903089986991944
