S*_score	SNP_num	quantile	log(local_recomb_rate)
120236.071	25	0.5	-7.903089986991944
120660.976	25	0.505	-7.903089986991944
121407.96	25	0.51	-7.903089986991944
122390.45	25	0.515	-7.903089986991944
122869.9	25	0.52	-7.903089986991944
123949.14	25	0.525	-7.903089986991944
124387.543	25	0.53	-7.903089986991944
124764.475	25	0.535	-7.903089986991944
125075.269	25	0.54	-7.903089986991944
125973.25	25	0.545	-7.903089986991944
126867.375	25	0.55	-7.903089986991944
127783.648	25	0.555	-7.903089986991944
128049.657	25	0.56	-7.903089986991944
128355.762	25	0.565	-7.903089986991944
128568.669	25	0.57	-7.903089986991944
129433.242	25	0.575	-7.903089986991944
130155.486	25	0.58	-7.903089986991944
130468.114	25	0.585	-7.903089986991944
131207.743	25	0.59	-7.903089986991944
131881.386	25	0.595	-7.903089986991944
132430.286	25	0.6	-7.903089986991944
132832.99	25	0.605	-7.903089986991944
133531.195	25	0.61	-7.903089986991944
134037.627	25	0.615	-7.903089986991944
134734.343	25	0.62	-7.903089986991944
135284.74	25	0.625	-7.903089986991944
135790.271	25	0.63	-7.903089986991944
136140.708	25	0.635	-7.903089986991944
136569.826	25	0.64	-7.903089986991944
136959.85	25	0.645	-7.903089986991944
137157.0	25	0.65	-7.903089986991944
137541.2	25	0.655	-7.903089986991944
138042.09	25	0.66	-7.903089986991944
138561.316	25	0.665	-7.903089986991944
138853.893	25	0.67	-7.903089986991944
139668.657	25	0.675	-7.903089986991944
140107.943	25	0.68	-7.903089986991944
140465.314	25	0.685	-7.903089986991944
140835.676	25	0.69	-7.903089986991944
141818.267	25	0.695	-7.903089986991944
142491.0	25	0.7	-7.903089986991944
142947.164	25	0.705	-7.903089986991944
143520.843	25	0.71	-7.903089986991944
143948.348	25	0.715	-7.903089986991944
144964.041	25	0.72	-7.903089986991944
145602.25	25	0.725	-7.903089986991944
145811.823	25	0.73	-7.903089986991944
146361.85	25	0.735	-7.903089986991944
146753.4	25	0.74	-7.903089986991944
147156.76	25	0.745	-7.903089986991944
148007.114	25	0.75	-7.903089986991944
148892.391	25	0.755	-7.903089986991944
149533.371	25	0.76	-7.903089986991944
149933.7	25	0.765	-7.903089986991944
150109.6	25	0.77	-7.903089986991944
150768.5	25	0.775	-7.903089986991944
151044.713	25	0.78	-7.903089986991944
151553.072	25	0.785	-7.903089986991944
152580.606	25	0.79	-7.903089986991944
153498.526	25	0.795	-7.903089986991944
154629.618	25	0.8	-7.903089986991944
155248.847	25	0.805	-7.903089986991944
156014.162	25	0.81	-7.903089986991944
157941.925	25	0.815	-7.903089986991944
158398.413	25	0.82	-7.903089986991944
159129.625	25	0.825	-7.903089986991944
159542.35	25	0.83	-7.903089986991944
160153.902	25	0.835	-7.903089986991944
161027.37	25	0.84	-7.903089986991944
161533.3	25	0.845	-7.903089986991944
162387.882	25	0.85	-7.903089986991944
163223.821	25	0.855	-7.903089986991944
164107.0	25	0.86	-7.903089986991944
164767.541	25	0.865	-7.903089986991944
165093.4	25	0.87	-7.903089986991944
166362.938	25	0.875	-7.903089986991944
167395.1	25	0.88	-7.903089986991944
168115.652	25	0.885	-7.903089986991944
168431.516	25	0.89	-7.903089986991944
169574.0	25	0.895	-7.903089986991944
170812.304	25	0.9	-7.903089986991944
173299.687	25	0.905	-7.903089986991944
174094.452	25	0.91	-7.903089986991944
175486.3	25	0.915	-7.903089986991944
176138.514	25	0.92	-7.903089986991944
176955.75	25	0.925	-7.903089986991944
178263.25	25	0.93	-7.903089986991944
178805.717	25	0.935	-7.903089986991944
179656.127	25	0.94	-7.903089986991944
180314.446	25	0.945	-7.903089986991944
182296.464	25	0.95	-7.903089986991944
184073.2	25	0.955	-7.903089986991944
185312.457	25	0.96	-7.903089986991944
188153.279	25	0.965	-7.903089986991944
189961.5	25	0.97	-7.903089986991944
191426.25	25	0.975	-7.903089986991944
193753.282	25	0.98	-7.903089986991944
198375.861	25	0.985	-7.903089986991944
205574.314	25	0.99	-7.903089986991944
218225.314	25	0.995	-7.903089986991944
151552.05	50	0.5	-7.903089986991944
152022.192	50	0.505	-7.903089986991944
152247.78	50	0.51	-7.903089986991944
152595.357	50	0.515	-7.903089986991944
153134.004	50	0.52	-7.903089986991944
153384.396	50	0.525	-7.903089986991944
154241.704	50	0.53	-7.903089986991944
154483.972	50	0.535	-7.903089986991944
154891.285	50	0.54	-7.903089986991944
155351.162	50	0.545	-7.903089986991944
155631.929	50	0.55	-7.903089986991944
156043.458	50	0.555	-7.903089986991944
156889.889	50	0.56	-7.903089986991944
157068.421	50	0.565	-7.903089986991944
157789.086	50	0.57	-7.903089986991944
158062.302	50	0.575	-7.903089986991944
158408.371	50	0.58	-7.903089986991944
158601.645	50	0.585	-7.903089986991944
158889.186	50	0.59	-7.903089986991944
159175.993	50	0.595	-7.903089986991944
159719.533	50	0.6	-7.903089986991944
160200.693	50	0.605	-7.903089986991944
160477.315	50	0.61	-7.903089986991944
160979.719	50	0.615	-7.903089986991944
161389.391	50	0.62	-7.903089986991944
162351.591	50	0.625	-7.903089986991944
162982.726	50	0.63	-7.903089986991944
163430.01	50	0.635	-7.903089986991944
163824.4	50	0.64	-7.903089986991944
164477.857	50	0.645	-7.903089986991944
165121.0	50	0.65	-7.903089986991944
165549.649	50	0.655	-7.903089986991944
166136.514	50	0.66	-7.903089986991944
166625.579	50	0.665	-7.903089986991944
167134.974	50	0.67	-7.903089986991944
168144.421	50	0.675	-7.903089986991944
168571.98	50	0.68	-7.903089986991944
169015.193	50	0.685	-7.903089986991944
169984.221	50	0.69	-7.903089986991944
170478.085	50	0.695	-7.903089986991944
170877.936	50	0.7	-7.903089986991944
171405.54	50	0.705	-7.903089986991944
171888.386	50	0.71	-7.903089986991944
172202.483	50	0.715	-7.903089986991944
172546.733	50	0.72	-7.903089986991944
172800.995	50	0.725	-7.903089986991944
173103.232	50	0.73	-7.903089986991944
174283.069	50	0.735	-7.903089986991944
175307.594	50	0.74	-7.903089986991944
175866.452	50	0.745	-7.903089986991944
176106.545	50	0.75	-7.903089986991944
176519.841	50	0.755	-7.903089986991944
176812.057	50	0.76	-7.903089986991944
177155.01	50	0.765	-7.903089986991944
178289.109	50	0.77	-7.903089986991944
178647.803	50	0.775	-7.903089986991944
178888.376	50	0.78	-7.903089986991944
179646.514	50	0.785	-7.903089986991944
180032.122	50	0.79	-7.903089986991944
180410.536	50	0.795	-7.903089986991944
180824.585	50	0.8	-7.903089986991944
182037.99	50	0.805	-7.903089986991944
182565.369	50	0.81	-7.903089986991944
183080.349	50	0.815	-7.903089986991944
184520.829	50	0.82	-7.903089986991944
185979.575	50	0.825	-7.903089986991944
187435.998	50	0.83	-7.903089986991944
188298.557	50	0.835	-7.903089986991944
188679.138	50	0.84	-7.903089986991944
189109.544	50	0.845	-7.903089986991944
189498.154	50	0.85	-7.903089986991944
190072.045	50	0.855	-7.903089986991944
190426.877	50	0.86	-7.903089986991944
191884.679	50	0.865	-7.903089986991944
192651.114	50	0.87	-7.903089986991944
193220.366	50	0.875	-7.903089986991944
193868.4	50	0.88	-7.903089986991944
195227.543	50	0.885	-7.903089986991944
196112.229	50	0.89	-7.903089986991944
196415.75	50	0.895	-7.903089986991944
197180.0	50	0.9	-7.903089986991944
197631.407	50	0.905	-7.903089986991944
198746.947	50	0.91	-7.903089986991944
200354.475	50	0.915	-7.903089986991944
201642.629	50	0.92	-7.903089986991944
203661.107	50	0.925	-7.903089986991944
205148.586	50	0.93	-7.903089986991944
206751.575	50	0.935	-7.903089986991944
209103.0	50	0.94	-7.903089986991944
210948.264	50	0.945	-7.903089986991944
213366.856	50	0.95	-7.903089986991944
215222.535	50	0.955	-7.903089986991944
216684.629	50	0.96	-7.903089986991944
218526.679	50	0.965	-7.903089986991944
220271.98	50	0.97	-7.903089986991944
222544.036	50	0.975	-7.903089986991944
225764.76	50	0.98	-7.903089986991944
227401.707	50	0.985	-7.903089986991944
237981.114	50	0.99	-7.903089986991944
255426.072	50	0.995	-7.903089986991944
179480.923	75	0.5	-7.903089986991944
180013.642	75	0.505	-7.903089986991944
180590.492	75	0.51	-7.903089986991944
180897.729	75	0.515	-7.903089986991944
181068.415	75	0.52	-7.903089986991944
181249.5	75	0.525	-7.903089986991944
181639.096	75	0.53	-7.903089986991944
182014.519	75	0.535	-7.903089986991944
182437.714	75	0.54	-7.903089986991944
183096.629	75	0.545	-7.903089986991944
183889.253	75	0.55	-7.903089986991944
184141.98	75	0.555	-7.903089986991944
184661.429	75	0.56	-7.903089986991944
185211.257	75	0.565	-7.903089986991944
185667.966	75	0.57	-7.903089986991944
186046.418	75	0.575	-7.903089986991944
186441.6	75	0.58	-7.903089986991944
187125.819	75	0.585	-7.903089986991944
187416.424	75	0.59	-7.903089986991944
187683.171	75	0.595	-7.903089986991944
187978.571	75	0.6	-7.903089986991944
188671.145	75	0.605	-7.903089986991944
189208.909	75	0.61	-7.903089986991944
189455.669	75	0.615	-7.903089986991944
189808.514	75	0.62	-7.903089986991944
190000.357	75	0.625	-7.903089986991944
190287.052	75	0.63	-7.903089986991944
190824.814	75	0.635	-7.903089986991944
190978.937	75	0.64	-7.903089986991944
191406.681	75	0.645	-7.903089986991944
191668.407	75	0.65	-7.903089986991944
191920.552	75	0.655	-7.903089986991944
192378.743	75	0.66	-7.903089986991944
192698.544	75	0.665	-7.903089986991944
193449.971	75	0.67	-7.903089986991944
193558.596	75	0.675	-7.903089986991944
194100.193	75	0.68	-7.903089986991944
194763.157	75	0.685	-7.903089986991944
195237.316	75	0.69	-7.903089986991944
195663.129	75	0.695	-7.903089986991944
196122.418	75	0.7	-7.903089986991944
196694.217	75	0.705	-7.903089986991944
197213.4	75	0.71	-7.903089986991944
197873.643	75	0.715	-7.903089986991944
197994.629	75	0.72	-7.903089986991944
198434.825	75	0.725	-7.903089986991944
198759.45	75	0.73	-7.903089986991944
199239.057	75	0.735	-7.903089986991944
199662.646	75	0.74	-7.903089986991944
200417.685	75	0.745	-7.903089986991944
200742.607	75	0.75	-7.903089986991944
201073.514	75	0.755	-7.903089986991944
201428.206	75	0.76	-7.903089986991944
201650.544	75	0.765	-7.903089986991944
202255.846	75	0.77	-7.903089986991944
203230.273	75	0.775	-7.903089986991944
204072.486	75	0.78	-7.903089986991944
204668.394	75	0.785	-7.903089986991944
205194.571	75	0.79	-7.903089986991944
205598.9	75	0.795	-7.903089986991944
205913.714	75	0.8	-7.903089986991944
206204.386	75	0.805	-7.903089986991944
206728.641	75	0.81	-7.903089986991944
207547.971	75	0.815	-7.903089986991944
208162.514	75	0.82	-7.903089986991944
208761.429	75	0.825	-7.903089986991944
209928.323	75	0.83	-7.903089986991944
210845.057	75	0.835	-7.903089986991944
211325.143	75	0.84	-7.903089986991944
212731.414	75	0.845	-7.903089986991944
212938.286	75	0.85	-7.903089986991944
213865.175	75	0.855	-7.903089986991944
214266.503	75	0.86	-7.903089986991944
214678.479	75	0.865	-7.903089986991944
215764.629	75	0.87	-7.903089986991944
217111.482	75	0.875	-7.903089986991944
217386.394	75	0.88	-7.903089986991944
218813.779	75	0.885	-7.903089986991944
219767.587	75	0.89	-7.903089986991944
221442.445	75	0.895	-7.903089986991944
222057.143	75	0.9	-7.903089986991944
223645.675	75	0.905	-7.903089986991944
224675.561	75	0.91	-7.903089986991944
225866.843	75	0.915	-7.903089986991944
227112.4	75	0.92	-7.903089986991944
229251.214	75	0.925	-7.903089986991944
229969.354	75	0.93	-7.903089986991944
231161.086	75	0.935	-7.903089986991944
232113.383	75	0.94	-7.903089986991944
233713.434	75	0.945	-7.903089986991944
236245.493	75	0.95	-7.903089986991944
238821.202	75	0.955	-7.903089986991944
241438.083	75	0.96	-7.903089986991944
245759.286	75	0.965	-7.903089986991944
247990.857	75	0.97	-7.903089986991944
252125.207	75	0.975	-7.903089986991944
254691.523	75	0.98	-7.903089986991944
261788.771	75	0.985	-7.903089986991944
271167.864	75	0.99	-7.903089986991944
284905.893	75	0.995	-7.903089986991944
200915.821	100	0.5	-7.903089986991944
201630.971	100	0.505	-7.903089986991944
201934.82	100	0.51	-7.903089986991944
202267.916	100	0.515	-7.903089986991944
202590.457	100	0.52	-7.903089986991944
203190.921	100	0.525	-7.903089986991944
203584.2	100	0.53	-7.903089986991944
204100.177	100	0.535	-7.903089986991944
204370.026	100	0.54	-7.903089986991944
204817.582	100	0.545	-7.903089986991944
205297.643	100	0.55	-7.903089986991944
205657.77	100	0.555	-7.903089986991944
206232.4	100	0.56	-7.903089986991944
206621.11	100	0.565	-7.903089986991944
207105.286	100	0.57	-7.903089986991944
207324.861	100	0.575	-7.903089986991944
207739.657	100	0.58	-7.903089986991944
208147.38	100	0.585	-7.903089986991944
208685.386	100	0.59	-7.903089986991944
208963.476	100	0.595	-7.903089986991944
209553.714	100	0.6	-7.903089986991944
210377.914	100	0.605	-7.903089986991944
210757.901	100	0.61	-7.903089986991944
211126.524	100	0.615	-7.903089986991944
211542.571	100	0.62	-7.903089986991944
211749.107	100	0.625	-7.903089986991944
211878.247	100	0.63	-7.903089986991944
212222.2	100	0.635	-7.903089986991944
212652.114	100	0.64	-7.903089986991944
213468.804	100	0.645	-7.903089986991944
213933.279	100	0.65	-7.903089986991944
214374.14	100	0.655	-7.903089986991944
214817.371	100	0.66	-7.903089986991944
215500.99	100	0.665	-7.903089986991944
216041.279	100	0.67	-7.903089986991944
216561.012	100	0.675	-7.903089986991944
217050.849	100	0.68	-7.903089986991944
217748.921	100	0.685	-7.903089986991944
218143.121	100	0.69	-7.903089986991944
218663.414	100	0.695	-7.903089986991944
218904.621	100	0.7	-7.903089986991944
219363.114	100	0.705	-7.903089986991944
219736.394	100	0.71	-7.903089986991944
219988.101	100	0.715	-7.903089986991944
220432.02	100	0.72	-7.903089986991944
221199.12	100	0.725	-7.903089986991944
221448.314	100	0.73	-7.903089986991944
221722.821	100	0.735	-7.903089986991944
222018.803	100	0.74	-7.903089986991944
222575.246	100	0.745	-7.903089986991944
222896.232	100	0.75	-7.903089986991944
223463.178	100	0.755	-7.903089986991944
223873.429	100	0.76	-7.903089986991944
224192.46	100	0.765	-7.903089986991944
224707.443	100	0.77	-7.903089986991944
225310.968	100	0.775	-7.903089986991944
225982.187	100	0.78	-7.903089986991944
226471.271	100	0.785	-7.903089986991944
227619.631	100	0.79	-7.903089986991944
228258.936	100	0.795	-7.903089986991944
228618.0	100	0.8	-7.903089986991944
229352.15	100	0.805	-7.903089986991944
229783.049	100	0.81	-7.903089986991944
230302.785	100	0.815	-7.903089986991944
231014.859	100	0.82	-7.903089986991944
231692.893	100	0.825	-7.903089986991944
231991.379	100	0.83	-7.903089986991944
232525.879	100	0.835	-7.903089986991944
233447.12	100	0.84	-7.903089986991944
234358.914	100	0.845	-7.903089986991944
234710.879	100	0.85	-7.903089986991944
235638.514	100	0.855	-7.903089986991944
236141.781	100	0.86	-7.903089986991944
236636.1	100	0.865	-7.903089986991944
237804.699	100	0.87	-7.903089986991944
238320.964	100	0.875	-7.903089986991944
238981.314	100	0.88	-7.903089986991944
239833.643	100	0.885	-7.903089986991944
240777.443	100	0.89	-7.903089986991944
243219.321	100	0.895	-7.903089986991944
245113.636	100	0.9	-7.903089986991944
246260.945	100	0.905	-7.903089986991944
246908.608	100	0.91	-7.903089986991944
247405.442	100	0.915	-7.903089986991944
249560.694	100	0.92	-7.903089986991944
250014.825	100	0.925	-7.903089986991944
251496.371	100	0.93	-7.903089986991944
251837.321	100	0.935	-7.903089986991944
255529.17	100	0.94	-7.903089986991944
259084.944	100	0.945	-7.903089986991944
260306.075	100	0.95	-7.903089986991944
262809.225	100	0.955	-7.903089986991944
265062.054	100	0.96	-7.903089986991944
267808.3	100	0.965	-7.903089986991944
273996.704	100	0.97	-7.903089986991944
284304.486	100	0.975	-7.903089986991944
289728.229	100	0.98	-7.903089986991944
302712.271	100	0.985	-7.903089986991944
312498.943	100	0.99	-7.903089986991944
342154.186	100	0.995	-7.903089986991944
220420.679	125	0.5	-7.903089986991944
220816.479	125	0.505	-7.903089986991944
221000.331	125	0.51	-7.903089986991944
221435.142	125	0.515	-7.903089986991944
222015.086	125	0.52	-7.903089986991944
222377.788	125	0.525	-7.903089986991944
222922.158	125	0.53	-7.903089986991944
223045.281	125	0.535	-7.903089986991944
223301.069	125	0.54	-7.903089986991944
223594.049	125	0.545	-7.903089986991944
223920.864	125	0.55	-7.903089986991944
224352.593	125	0.555	-7.903089986991944
224640.64	125	0.56	-7.903089986991944
224928.021	125	0.565	-7.903089986991944
225120.171	125	0.57	-7.903089986991944
225354.638	125	0.575	-7.903089986991944
225805.371	125	0.58	-7.903089986991944
226322.218	125	0.585	-7.903089986991944
226770.293	125	0.59	-7.903089986991944
226957.472	125	0.595	-7.903089986991944
227559.457	125	0.6	-7.903089986991944
227932.292	125	0.605	-7.903089986991944
228205.629	125	0.61	-7.903089986991944
228512.044	125	0.615	-7.903089986991944
228829.084	125	0.62	-7.903089986991944
229161.607	125	0.625	-7.903089986991944
229897.674	125	0.63	-7.903089986991944
230319.922	125	0.635	-7.903089986991944
230655.6	125	0.64	-7.903089986991944
230979.911	125	0.645	-7.903089986991944
231293.429	125	0.65	-7.903089986991944
231770.418	125	0.655	-7.903089986991944
232234.571	125	0.66	-7.903089986991944
232514.464	125	0.665	-7.903089986991944
232801.924	125	0.67	-7.903089986991944
233804.882	125	0.675	-7.903089986991944
234438.814	125	0.68	-7.903089986991944
234791.522	125	0.685	-7.903089986991944
235782.557	125	0.69	-7.903089986991944
236188.565	125	0.695	-7.903089986991944
237238.921	125	0.7	-7.903089986991944
237804.379	125	0.705	-7.903089986991944
238373.754	125	0.71	-7.903089986991944
238832.85	125	0.715	-7.903089986991944
239004.457	125	0.72	-7.903089986991944
239436.53	125	0.725	-7.903089986991944
240162.929	125	0.73	-7.903089986991944
240839.998	125	0.735	-7.903089986991944
241933.263	125	0.74	-7.903089986991944
242474.636	125	0.745	-7.903089986991944
242814.25	125	0.75	-7.903089986991944
243548.514	125	0.755	-7.903089986991944
243797.029	125	0.76	-7.903089986991944
244369.514	125	0.765	-7.903089986991944
245187.7	125	0.77	-7.903089986991944
245863.898	125	0.775	-7.903089986991944
246165.616	125	0.78	-7.903089986991944
246914.699	125	0.785	-7.903089986991944
247553.258	125	0.79	-7.903089986991944
248382.41	125	0.795	-7.903089986991944
249260.057	125	0.8	-7.903089986991944
249753.357	125	0.805	-7.903089986991944
250730.385	125	0.81	-7.903089986991944
251184.12	125	0.815	-7.903089986991944
251685.376	125	0.82	-7.903089986991944
253029.036	125	0.825	-7.903089986991944
253621.186	125	0.83	-7.903089986991944
254443.283	125	0.835	-7.903089986991944
255178.806	125	0.84	-7.903089986991944
256134.189	125	0.845	-7.903089986991944
256790.154	125	0.85	-7.903089986991944
257555.0	125	0.855	-7.903089986991944
258021.057	125	0.86	-7.903089986991944
258988.582	125	0.865	-7.903089986991944
259681.129	125	0.87	-7.903089986991944
260355.107	125	0.875	-7.903089986991944
261671.886	125	0.88	-7.903089986991944
262230.537	125	0.885	-7.903089986991944
263719.857	125	0.89	-7.903089986991944
264722.515	125	0.895	-7.903089986991944
265797.286	125	0.9	-7.903089986991944
267663.328	125	0.905	-7.903089986991944
270659.814	125	0.91	-7.903089986991944
272510.611	125	0.915	-7.903089986991944
274482.629	125	0.92	-7.903089986991944
276180.804	125	0.925	-7.903089986991944
279045.886	125	0.93	-7.903089986991944
280895.018	125	0.935	-7.903089986991944
282876.567	125	0.94	-7.903089986991944
285440.794	125	0.945	-7.903089986991944
290293.668	125	0.95	-7.903089986991944
300485.164	125	0.955	-7.903089986991944
305294.514	125	0.96	-7.903089986991944
312987.386	125	0.965	-7.903089986991944
315046.243	125	0.97	-7.903089986991944
321016.668	125	0.975	-7.903089986991944
326886.857	125	0.98	-7.903089986991944
334067.221	125	0.985	-7.903089986991944
354044.014	125	0.99	-7.903089986991944
362691.1	125	0.995	-7.903089986991944
234847.179	150	0.5	-7.903089986991944
235018.842	150	0.505	-7.903089986991944
235454.187	150	0.51	-7.903089986991944
235660.515	150	0.515	-7.903089986991944
235882.634	150	0.52	-7.903089986991944
236239.767	150	0.525	-7.903089986991944
236560.257	150	0.53	-7.903089986991944
236959.3	150	0.535	-7.903089986991944
237268.681	150	0.54	-7.903089986991944
237639.782	150	0.545	-7.903089986991944
237913.071	150	0.55	-7.903089986991944
238180.586	150	0.555	-7.903089986991944
238609.077	150	0.56	-7.903089986991944
238908.107	150	0.565	-7.903089986991944
239193.271	150	0.57	-7.903089986991944
239288.321	150	0.575	-7.903089986991944
239771.029	150	0.58	-7.903089986991944
240093.421	150	0.585	-7.903089986991944
240421.726	150	0.59	-7.903089986991944
241094.179	150	0.595	-7.903089986991944
241339.686	150	0.6	-7.903089986991944
241680.757	150	0.605	-7.903089986991944
242240.229	150	0.61	-7.903089986991944
242793.306	150	0.615	-7.903089986991944
243019.341	150	0.62	-7.903089986991944
243312.857	150	0.625	-7.903089986991944
243605.686	150	0.63	-7.903089986991944
243838.834	150	0.635	-7.903089986991944
244105.034	150	0.64	-7.903089986991944
244455.035	150	0.645	-7.903089986991944
244769.45	150	0.65	-7.903089986991944
245102.429	150	0.655	-7.903089986991944
245483.967	150	0.66	-7.903089986991944
246361.266	150	0.665	-7.903089986991944
246611.304	150	0.67	-7.903089986991944
246990.188	150	0.675	-7.903089986991944
247267.806	150	0.68	-7.903089986991944
247647.099	150	0.685	-7.903089986991944
248000.457	150	0.69	-7.903089986991944
248220.703	150	0.695	-7.903089986991944
248851.3	150	0.7	-7.903089986991944
249623.321	150	0.705	-7.903089986991944
249910.35	150	0.71	-7.903089986991944
250351.109	150	0.715	-7.903089986991944
250855.86	150	0.72	-7.903089986991944
251320.209	150	0.725	-7.903089986991944
252536.795	150	0.73	-7.903089986991944
253291.664	150	0.735	-7.903089986991944
253728.069	150	0.74	-7.903089986991944
254169.375	150	0.745	-7.903089986991944
254934.696	150	0.75	-7.903089986991944
255223.907	150	0.755	-7.903089986991944
255596.514	150	0.76	-7.903089986991944
256587.693	150	0.765	-7.903089986991944
256950.124	150	0.77	-7.903089986991944
257728.445	150	0.775	-7.903089986991944
258810.103	150	0.78	-7.903089986991944
259500.15	150	0.785	-7.903089986991944
260130.401	150	0.79	-7.903089986991944
261214.621	150	0.795	-7.903089986991944
262252.0	150	0.8	-7.903089986991944
262664.999	150	0.805	-7.903089986991944
263949.329	150	0.81	-7.903089986991944
264987.564	150	0.815	-7.903089986991944
266245.556	150	0.82	-7.903089986991944
267348.82	150	0.825	-7.903089986991944
268575.239	150	0.83	-7.903089986991944
269056.679	150	0.835	-7.903089986991944
269753.84	150	0.84	-7.903089986991944
270198.107	150	0.845	-7.903089986991944
271171.582	150	0.85	-7.903089986991944
272176.945	150	0.855	-7.903089986991944
273455.8	150	0.86	-7.903089986991944
274153.911	150	0.865	-7.903089986991944
275437.671	150	0.87	-7.903089986991944
276353.277	150	0.875	-7.903089986991944
277588.131	150	0.88	-7.903089986991944
280015.978	150	0.885	-7.903089986991944
280867.806	150	0.89	-7.903089986991944
281358.007	150	0.895	-7.903089986991944
283636.471	150	0.9	-7.903089986991944
285316.721	150	0.905	-7.903089986991944
288025.3	150	0.91	-7.903089986991944
289048.086	150	0.915	-7.903089986991944
292142.616	150	0.92	-7.903089986991944
294377.75	150	0.925	-7.903089986991944
296254.443	150	0.93	-7.903089986991944
298579.498	150	0.935	-7.903089986991944
301176.139	150	0.94	-7.903089986991944
303618.079	150	0.945	-7.903089986991944
306897.057	150	0.95	-7.903089986991944
312380.275	150	0.955	-7.903089986991944
317835.783	150	0.96	-7.903089986991944
324869.664	150	0.965	-7.903089986991944
333900.3	150	0.97	-7.903089986991944
340261.071	150	0.975	-7.903089986991944
355320.743	150	0.98	-7.903089986991944
369289.177	150	0.985	-7.903089986991944
380496.086	150	0.99	-7.903089986991944
401366.319	150	0.995	-7.903089986991944
249206.607	175	0.5	-7.903089986991944
249565.244	175	0.505	-7.903089986991944
250215.348	175	0.51	-7.903089986991944
250770.934	175	0.515	-7.903089986991944
251220.46	175	0.52	-7.903089986991944
251916.68	175	0.525	-7.903089986991944
252469.585	175	0.53	-7.903089986991944
252927.986	175	0.535	-7.903089986991944
253234.36	175	0.54	-7.903089986991944
253716.436	175	0.545	-7.903089986991944
254083.714	175	0.55	-7.903089986991944
254423.914	175	0.555	-7.903089986991944
254634.311	175	0.56	-7.903089986991944
255156.186	175	0.565	-7.903089986991944
255790.086	175	0.57	-7.903089986991944
256335.6	175	0.575	-7.903089986991944
256884.429	175	0.58	-7.903089986991944
257351.274	175	0.585	-7.903089986991944
257580.63	175	0.59	-7.903089986991944
258038.079	175	0.595	-7.903089986991944
258330.9	175	0.6	-7.903089986991944
258877.494	175	0.605	-7.903089986991944
259253.471	175	0.61	-7.903089986991944
259795.973	175	0.615	-7.903089986991944
260235.563	175	0.62	-7.903089986991944
260793.438	175	0.625	-7.903089986991944
261283.778	175	0.63	-7.903089986991944
261612.593	175	0.635	-7.903089986991944
262551.414	175	0.64	-7.903089986991944
263205.33	175	0.645	-7.903089986991944
263634.357	175	0.65	-7.903089986991944
264438.514	175	0.655	-7.903089986991944
265471.317	175	0.66	-7.903089986991944
266314.629	175	0.665	-7.903089986991944
267305.553	175	0.67	-7.903089986991944
267619.859	175	0.675	-7.903089986991944
268231.143	175	0.68	-7.903089986991944
268416.424	175	0.685	-7.903089986991944
269058.071	175	0.69	-7.903089986991944
269887.923	175	0.695	-7.903089986991944
270624.286	175	0.7	-7.903089986991944
271146.014	175	0.705	-7.903089986991944
271861.5	175	0.71	-7.903089986991944
272081.462	175	0.715	-7.903089986991944
272478.794	175	0.72	-7.903089986991944
272912.627	175	0.725	-7.903089986991944
273300.571	175	0.73	-7.903089986991944
274394.057	175	0.735	-7.903089986991944
275034.786	175	0.74	-7.903089986991944
275254.879	175	0.745	-7.903089986991944
275748.214	175	0.75	-7.903089986991944
276199.615	175	0.755	-7.903089986991944
276493.709	175	0.76	-7.903089986991944
276959.297	175	0.765	-7.903089986991944
277838.214	175	0.77	-7.903089986991944
278534.464	175	0.775	-7.903089986991944
279552.07	175	0.78	-7.903089986991944
280504.291	175	0.785	-7.903089986991944
281536.571	175	0.79	-7.903089986991944
282841.257	175	0.795	-7.903089986991944
283337.414	175	0.8	-7.903089986991944
284307.157	175	0.805	-7.903089986991944
285362.071	175	0.81	-7.903089986991944
286490.555	175	0.815	-7.903089986991944
287025.827	175	0.82	-7.903089986991944
288263.709	175	0.825	-7.903089986991944
289805.776	175	0.83	-7.903089986991944
291494.501	175	0.835	-7.903089986991944
292729.994	175	0.84	-7.903089986991944
294009.618	175	0.845	-7.903089986991944
295589.104	175	0.85	-7.903089986991944
297304.445	175	0.855	-7.903089986991944
298167.496	175	0.86	-7.903089986991944
299652.69	175	0.865	-7.903089986991944
301665.571	175	0.87	-7.903089986991944
303361.589	175	0.875	-7.903089986991944
306713.257	175	0.88	-7.903089986991944
309485.245	175	0.885	-7.903089986991944
311547.843	175	0.89	-7.903089986991944
315268.869	175	0.895	-7.903089986991944
316042.907	175	0.9	-7.903089986991944
318756.158	175	0.905	-7.903089986991944
323543.264	175	0.91	-7.903089986991944
327137.249	175	0.915	-7.903089986991944
328665.429	175	0.92	-7.903089986991944
330960.607	175	0.925	-7.903089986991944
335652.614	175	0.93	-7.903089986991944
336567.881	175	0.935	-7.903089986991944
339276.724	175	0.94	-7.903089986991944
345007.607	175	0.945	-7.903089986991944
347028.429	175	0.95	-7.903089986991944
354237.642	175	0.955	-7.903089986991944
357320.743	175	0.96	-7.903089986991944
361818.876	175	0.965	-7.903089986991944
370489.586	175	0.97	-7.903089986991944
378945.961	175	0.975	-7.903089986991944
395050.487	175	0.98	-7.903089986991944
405463.25	175	0.985	-7.903089986991944
415301.199	175	0.99	-7.903089986991944
460672.8	175	0.995	-7.903089986991944
261420.0	200	0.5	-7.903089986991944
262138.443	200	0.505	-7.903089986991944
262385.692	200	0.51	-7.903089986991944
263066.334	200	0.515	-7.903089986991944
263561.509	200	0.52	-7.903089986991944
263779.507	200	0.525	-7.903089986991944
264241.766	200	0.53	-7.903089986991944
264755.352	200	0.535	-7.903089986991944
265088.117	200	0.54	-7.903089986991944
265924.318	200	0.545	-7.903089986991944
266402.857	200	0.55	-7.903089986991944
267045.19	200	0.555	-7.903089986991944
267398.177	200	0.56	-7.903089986991944
268266.9	200	0.565	-7.903089986991944
268725.664	200	0.57	-7.903089986991944
269519.571	200	0.575	-7.903089986991944
269835.43	200	0.58	-7.903089986991944
270615.311	200	0.585	-7.903089986991944
271189.327	200	0.59	-7.903089986991944
271887.751	200	0.595	-7.903089986991944
272261.186	200	0.6	-7.903089986991944
272794.173	200	0.605	-7.903089986991944
273065.429	200	0.61	-7.903089986991944
273428.364	200	0.615	-7.903089986991944
274405.666	200	0.62	-7.903089986991944
274996.161	200	0.625	-7.903089986991944
275258.114	200	0.63	-7.903089986991944
275562.846	200	0.635	-7.903089986991944
276743.771	200	0.64	-7.903089986991944
277192.657	200	0.645	-7.903089986991944
277575.579	200	0.65	-7.903089986991944
277835.429	200	0.655	-7.903089986991944
278351.551	200	0.66	-7.903089986991944
278751.919	200	0.665	-7.903089986991944
279334.358	200	0.67	-7.903089986991944
279679.025	200	0.675	-7.903089986991944
280348.009	200	0.68	-7.903089986991944
281224.458	200	0.685	-7.903089986991944
281496.259	200	0.69	-7.903089986991944
282437.571	200	0.695	-7.903089986991944
283270.314	200	0.7	-7.903089986991944
283888.693	200	0.705	-7.903089986991944
284562.751	200	0.71	-7.903089986991944
285298.992	200	0.715	-7.903089986991944
285897.317	200	0.72	-7.903089986991944
286530.02	200	0.725	-7.903089986991944
286897.466	200	0.73	-7.903089986991944
287251.467	200	0.735	-7.903089986991944
287816.686	200	0.74	-7.903089986991944
288769.838	200	0.745	-7.903089986991944
289192.214	200	0.75	-7.903089986991944
289729.729	200	0.755	-7.903089986991944
290382.76	200	0.76	-7.903089986991944
291162.071	200	0.765	-7.903089986991944
291511.914	200	0.77	-7.903089986991944
291709.011	200	0.775	-7.903089986991944
292594.556	200	0.78	-7.903089986991944
292990.179	200	0.785	-7.903089986991944
294080.525	200	0.79	-7.903089986991944
294752.386	200	0.795	-7.903089986991944
295356.329	200	0.8	-7.903089986991944
296097.636	200	0.805	-7.903089986991944
296697.556	200	0.81	-7.903089986991944
297002.613	200	0.815	-7.903089986991944
297748.937	200	0.82	-7.903089986991944
298252.761	200	0.825	-7.903089986991944
299655.555	200	0.83	-7.903089986991944
301608.25	200	0.835	-7.903089986991944
302322.971	200	0.84	-7.903089986991944
303732.392	200	0.845	-7.903089986991944
305289.429	200	0.85	-7.903089986991944
306821.805	200	0.855	-7.903089986991944
308825.059	200	0.86	-7.903089986991944
309962.07	200	0.865	-7.903089986991944
312715.77	200	0.87	-7.903089986991944
314352.866	200	0.875	-7.903089986991944
316767.451	200	0.88	-7.903089986991944
318785.099	200	0.885	-7.903089986991944
320362.089	200	0.89	-7.903089986991944
324352.087	200	0.895	-7.903089986991944
326895.673	200	0.9	-7.903089986991944
329519.057	200	0.905	-7.903089986991944
332881.552	200	0.91	-7.903089986991944
337523.79	200	0.915	-7.903089986991944
343139.191	200	0.92	-7.903089986991944
344531.675	200	0.925	-7.903089986991944
349764.038	200	0.93	-7.903089986991944
351943.538	200	0.935	-7.903089986991944
357377.176	200	0.94	-7.903089986991944
364029.779	200	0.945	-7.903089986991944
368880.632	200	0.95	-7.903089986991944
373908.55	200	0.955	-7.903089986991944
376886.851	200	0.96	-7.903089986991944
384243.526	200	0.965	-7.903089986991944
386538.257	200	0.97	-7.903089986991944
394803.805	200	0.975	-7.903089986991944
405087.029	200	0.98	-7.903089986991944
418599.679	200	0.985	-7.903089986991944
429849.986	200	0.99	-7.903089986991944
457375.729	200	0.995	-7.903089986991944
273845.071	225	0.5	-7.903089986991944
274569.258	225	0.505	-7.903089986991944
275093.254	225	0.51	-7.903089986991944
275683.242	225	0.515	-7.903089986991944
276340.549	225	0.52	-7.903089986991944
277159.112	225	0.525	-7.903089986991944
277720.781	225	0.53	-7.903089986991944
278326.309	225	0.535	-7.903089986991944
278884.629	225	0.54	-7.903089986991944
279548.364	225	0.545	-7.903089986991944
280364.279	225	0.55	-7.903089986991944
280738.564	225	0.555	-7.903089986991944
281122.351	225	0.56	-7.903089986991944
281891.402	225	0.565	-7.903089986991944
282235.234	225	0.57	-7.903089986991944
282978.929	225	0.575	-7.903089986991944
283462.443	225	0.58	-7.903089986991944
283647.867	225	0.585	-7.903089986991944
284055.229	225	0.59	-7.903089986991944
284367.729	225	0.595	-7.903089986991944
284512.514	225	0.6	-7.903089986991944
285358.414	225	0.605	-7.903089986991944
285767.604	225	0.61	-7.903089986991944
286363.17	225	0.615	-7.903089986991944
286993.724	225	0.62	-7.903089986991944
287369.741	225	0.625	-7.903089986991944
287793.99	225	0.63	-7.903089986991944
288124.055	225	0.635	-7.903089986991944
288746.08	225	0.64	-7.903089986991944
289072.692	225	0.645	-7.903089986991944
289604.164	225	0.65	-7.903089986991944
290524.437	225	0.655	-7.903089986991944
291138.547	225	0.66	-7.903089986991944
291585.714	225	0.665	-7.903089986991944
292194.928	225	0.67	-7.903089986991944
292607.548	225	0.675	-7.903089986991944
293336.189	225	0.68	-7.903089986991944
294019.775	225	0.685	-7.903089986991944
295380.114	225	0.69	-7.903089986991944
296092.62	225	0.695	-7.903089986991944
296476.671	225	0.7	-7.903089986991944
297005.393	225	0.705	-7.903089986991944
297901.294	225	0.71	-7.903089986991944
298710.464	225	0.715	-7.903089986991944
300030.977	225	0.72	-7.903089986991944
301697.338	225	0.725	-7.903089986991944
302616.881	225	0.73	-7.903089986991944
303449.63	225	0.735	-7.903089986991944
304753.484	225	0.74	-7.903089986991944
305549.67	225	0.745	-7.903089986991944
305969.857	225	0.75	-7.903089986991944
306812.586	225	0.755	-7.903089986991944
307578.971	225	0.76	-7.903089986991944
308076.614	225	0.765	-7.903089986991944
308924.006	225	0.77	-7.903089986991944
310185.493	225	0.775	-7.903089986991944
312048.497	225	0.78	-7.903089986991944
312726.804	225	0.785	-7.903089986991944
313601.929	225	0.79	-7.903089986991944
314669.0	225	0.795	-7.903089986991944
315792.871	225	0.8	-7.903089986991944
316666.279	225	0.805	-7.903089986991944
318307.82	225	0.81	-7.903089986991944
319627.398	225	0.815	-7.903089986991944
320549.036	225	0.82	-7.903089986991944
321231.5	225	0.825	-7.903089986991944
322400.861	225	0.83	-7.903089986991944
323587.363	225	0.835	-7.903089986991944
324166.286	225	0.84	-7.903089986991944
326086.877	225	0.845	-7.903089986991944
329655.468	225	0.85	-7.903089986991944
330560.761	225	0.855	-7.903089986991944
331996.774	225	0.86	-7.903089986991944
333613.341	225	0.865	-7.903089986991944
335896.678	225	0.87	-7.903089986991944
336806.438	225	0.875	-7.903089986991944
338608.531	225	0.88	-7.903089986991944
339789.661	225	0.885	-7.903089986991944
343853.651	225	0.89	-7.903089986991944
345396.072	225	0.895	-7.903089986991944
350793.493	225	0.9	-7.903089986991944
355105.15	225	0.905	-7.903089986991944
357155.629	225	0.91	-7.903089986991944
363371.495	225	0.915	-7.903089986991944
368204.311	225	0.92	-7.903089986991944
370691.995	225	0.925	-7.903089986991944
375629.957	225	0.93	-7.903089986991944
380039.045	225	0.935	-7.903089986991944
384995.943	225	0.94	-7.903089986991944
388177.543	225	0.945	-7.903089986991944
397345.929	225	0.95	-7.903089986991944
403397.153	225	0.955	-7.903089986991944
409486.171	225	0.96	-7.903089986991944
423411.636	225	0.965	-7.903089986991944
436711.157	225	0.97	-7.903089986991944
448545.466	225	0.975	-7.903089986991944
463974.8	225	0.98	-7.903089986991944
475763.143	225	0.985	-7.903089986991944
491336.114	225	0.99	-7.903089986991944
516564.314	225	0.995	-7.903089986991944
290164.286	250	0.5	-7.903089986991944
290458.129	250	0.505	-7.903089986991944
290799.742	250	0.51	-7.903089986991944
291072.637	250	0.515	-7.903089986991944
291445.497	250	0.52	-7.903089986991944
292081.609	250	0.525	-7.903089986991944
292596.138	250	0.53	-7.903089986991944
292983.534	250	0.535	-7.903089986991944
293546.723	250	0.54	-7.903089986991944
294278.328	250	0.545	-7.903089986991944
294595.039	250	0.55	-7.903089986991944
295087.469	250	0.555	-7.903089986991944
295534.794	250	0.56	-7.903089986991944
296059.512	250	0.565	-7.903089986991944
296931.137	250	0.57	-7.903089986991944
297818.898	250	0.575	-7.903089986991944
298249.321	250	0.58	-7.903089986991944
298474.689	250	0.585	-7.903089986991944
299216.372	250	0.59	-7.903089986991944
299897.565	250	0.595	-7.903089986991944
300573.757	250	0.6	-7.903089986991944
300897.365	250	0.605	-7.903089986991944
301626.015	250	0.61	-7.903089986991944
302399.793	250	0.615	-7.903089986991944
303264.56	250	0.62	-7.903089986991944
303841.411	250	0.625	-7.903089986991944
304619.239	250	0.63	-7.903089986991944
305255.392	250	0.635	-7.903089986991944
305702.089	250	0.64	-7.903089986991944
306284.771	250	0.645	-7.903089986991944
306655.118	250	0.65	-7.903089986991944
307364.53	250	0.655	-7.903089986991944
307953.17	250	0.66	-7.903089986991944
308376.787	250	0.665	-7.903089986991944
309452.054	250	0.67	-7.903089986991944
309778.916	250	0.675	-7.903089986991944
310057.854	250	0.68	-7.903089986991944
311042.544	250	0.685	-7.903089986991944
312030.514	250	0.69	-7.903089986991944
312234.799	250	0.695	-7.903089986991944
313333.4	250	0.7	-7.903089986991944
313808.635	250	0.705	-7.903089986991944
314058.443	250	0.71	-7.903089986991944
314379.304	250	0.715	-7.903089986991944
314924.486	250	0.72	-7.903089986991944
315707.893	250	0.725	-7.903089986991944
316060.129	250	0.73	-7.903089986991944
317174.041	250	0.735	-7.903089986991944
318403.934	250	0.74	-7.903089986991944
319086.57	250	0.745	-7.903089986991944
319724.375	250	0.75	-7.903089986991944
320337.793	250	0.755	-7.903089986991944
321193.943	250	0.76	-7.903089986991944
322145.393	250	0.765	-7.903089986991944
323615.331	250	0.77	-7.903089986991944
323943.546	250	0.775	-7.903089986991944
324985.429	250	0.78	-7.903089986991944
325791.179	250	0.785	-7.903089986991944
327250.656	250	0.79	-7.903089986991944
329466.645	250	0.795	-7.903089986991944
330459.714	250	0.8	-7.903089986991944
331243.136	250	0.805	-7.903089986991944
332362.158	250	0.81	-7.903089986991944
333927.594	250	0.815	-7.903089986991944
335959.187	250	0.82	-7.903089986991944
336194.773	250	0.825	-7.903089986991944
338521.679	250	0.83	-7.903089986991944
340723.272	250	0.835	-7.903089986991944
341982.857	250	0.84	-7.903089986991944
343311.47	250	0.845	-7.903089986991944
344980.693	250	0.85	-7.903089986991944
348399.868	250	0.855	-7.903089986991944
350416.899	250	0.86	-7.903089986991944
351606.912	250	0.865	-7.903089986991944
354499.066	250	0.87	-7.903089986991944
358083.929	250	0.875	-7.903089986991944
360780.914	250	0.88	-7.903089986991944
363515.95	250	0.885	-7.903089986991944
366808.943	250	0.89	-7.903089986991944
368986.66	250	0.895	-7.903089986991944
373146.079	250	0.9	-7.903089986991944
375483.729	250	0.905	-7.903089986991944
379708.043	250	0.91	-7.903089986991944
382965.466	250	0.915	-7.903089986991944
387774.686	250	0.92	-7.903089986991944
390758.739	250	0.925	-7.903089986991944
397585.671	250	0.93	-7.903089986991944
402046.314	250	0.935	-7.903089986991944
408703.89	250	0.94	-7.903089986991944
415848.732	250	0.945	-7.903089986991944
421306.961	250	0.95	-7.903089986991944
427577.559	250	0.955	-7.903089986991944
435498.92	250	0.96	-7.903089986991944
450615.25	250	0.965	-7.903089986991944
459074.153	250	0.97	-7.903089986991944
470748.75	250	0.975	-7.903089986991944
480716.714	250	0.98	-7.903089986991944
490197.448	250	0.985	-7.903089986991944
504735.671	250	0.99	-7.903089986991944
575729.634	250	0.995	-7.903089986991944
302475.75	275	0.5	-7.903089986991944
302721.307	275	0.505	-7.903089986991944
303221.836	275	0.51	-7.903089986991944
303745.382	275	0.515	-7.903089986991944
304542.931	275	0.52	-7.903089986991944
304854.0	275	0.525	-7.903089986991944
305479.905	275	0.53	-7.903089986991944
305996.467	275	0.535	-7.903089986991944
306827.343	275	0.54	-7.903089986991944
307756.821	275	0.545	-7.903089986991944
308320.318	275	0.55	-7.903089986991944
308658.243	275	0.555	-7.903089986991944
309293.486	275	0.56	-7.903089986991944
309806.729	275	0.565	-7.903089986991944
310261.086	275	0.57	-7.903089986991944
310719.109	275	0.575	-7.903089986991944
311229.111	275	0.58	-7.903089986991944
311873.003	275	0.585	-7.903089986991944
312776.157	275	0.59	-7.903089986991944
313631.674	275	0.595	-7.903089986991944
314412.6	275	0.6	-7.903089986991944
314778.564	275	0.605	-7.903089986991944
315368.028	275	0.61	-7.903089986991944
316046.729	275	0.615	-7.903089986991944
316714.666	275	0.62	-7.903089986991944
317627.545	275	0.625	-7.903089986991944
318034.134	275	0.63	-7.903089986991944
318958.299	275	0.635	-7.903089986991944
319320.583	275	0.64	-7.903089986991944
320065.165	275	0.645	-7.903089986991944
320444.836	275	0.65	-7.903089986991944
321745.182	275	0.655	-7.903089986991944
322263.861	275	0.66	-7.903089986991944
323089.158	275	0.665	-7.903089986991944
323985.096	275	0.67	-7.903089986991944
324266.216	275	0.675	-7.903089986991944
325696.743	275	0.68	-7.903089986991944
327053.744	275	0.685	-7.903089986991944
329117.092	275	0.69	-7.903089986991944
329588.8	275	0.695	-7.903089986991944
330437.343	275	0.7	-7.903089986991944
332158.995	275	0.705	-7.903089986991944
333260.029	275	0.71	-7.903089986991944
334617.483	275	0.715	-7.903089986991944
336014.329	275	0.72	-7.903089986991944
337461.886	275	0.725	-7.903089986991944
338177.647	275	0.73	-7.903089986991944
339587.349	275	0.735	-7.903089986991944
342149.603	275	0.74	-7.903089986991944
342733.549	275	0.745	-7.903089986991944
343152.839	275	0.75	-7.903089986991944
343376.44	275	0.755	-7.903089986991944
344880.451	275	0.76	-7.903089986991944
345638.529	275	0.765	-7.903089986991944
347149.369	275	0.77	-7.903089986991944
348547.786	275	0.775	-7.903089986991944
349323.6	275	0.78	-7.903089986991944
351082.886	275	0.785	-7.903089986991944
353024.883	275	0.79	-7.903089986991944
354157.035	275	0.795	-7.903089986991944
355005.771	275	0.8	-7.903089986991944
357455.134	275	0.805	-7.903089986991944
359693.615	275	0.81	-7.903089986991944
360386.158	275	0.815	-7.903089986991944
360955.873	275	0.82	-7.903089986991944
362391.514	275	0.825	-7.903089986991944
363717.039	275	0.83	-7.903089986991944
365438.534	275	0.835	-7.903089986991944
367570.823	275	0.84	-7.903089986991944
369232.496	275	0.845	-7.903089986991944
370516.35	275	0.85	-7.903089986991944
374182.225	275	0.855	-7.903089986991944
376999.717	275	0.86	-7.903089986991944
378745.207	275	0.865	-7.903089986991944
380895.154	275	0.87	-7.903089986991944
382850.429	275	0.875	-7.903089986991944
386205.314	275	0.88	-7.903089986991944
388932.585	275	0.885	-7.903089986991944
394089.629	275	0.89	-7.903089986991944
399652.028	275	0.895	-7.903089986991944
403805.857	275	0.9	-7.903089986991944
405717.693	275	0.905	-7.903089986991944
407759.251	275	0.91	-7.903089986991944
411919.321	275	0.915	-7.903089986991944
413718.449	275	0.92	-7.903089986991944
417750.346	275	0.925	-7.903089986991944
425870.709	275	0.93	-7.903089986991944
432317.114	275	0.935	-7.903089986991944
437385.597	275	0.94	-7.903089986991944
441040.427	275	0.945	-7.903089986991944
445968.282	275	0.95	-7.903089986991944
453721.793	275	0.955	-7.903089986991944
458941.014	275	0.96	-7.903089986991944
463819.964	275	0.965	-7.903089986991944
473210.774	275	0.97	-7.903089986991944
485065.464	275	0.975	-7.903089986991944
502711.057	275	0.98	-7.903089986991944
507393.15	275	0.985	-7.903089986991944
533907.805	275	0.99	-7.903089986991944
565225.664	275	0.995	-7.903089986991944
316421.286	300	0.5	-7.903089986991944
317054.107	300	0.505	-7.903089986991944
317517.394	300	0.51	-7.903089986991944
317729.786	300	0.515	-7.903089986991944
318475.943	300	0.52	-7.903089986991944
318643.929	300	0.525	-7.903089986991944
319801.909	300	0.53	-7.903089986991944
320736.415	300	0.535	-7.903089986991944
321200.41	300	0.54	-7.903089986991944
321838.795	300	0.545	-7.903089986991944
322472.35	300	0.55	-7.903089986991944
323040.222	300	0.555	-7.903089986991944
323744.046	300	0.56	-7.903089986991944
324125.319	300	0.565	-7.903089986991944
324617.777	300	0.57	-7.903089986991944
325305.791	300	0.575	-7.903089986991944
326168.943	300	0.58	-7.903089986991944
326295.665	300	0.585	-7.903089986991944
327401.728	300	0.59	-7.903089986991944
328037.357	300	0.595	-7.903089986991944
328342.614	300	0.6	-7.903089986991944
328785.556	300	0.605	-7.903089986991944
329340.872	300	0.61	-7.903089986991944
329937.069	300	0.615	-7.903089986991944
330541.889	300	0.62	-7.903089986991944
331494.938	300	0.625	-7.903089986991944
331961.58	300	0.63	-7.903089986991944
332627.958	300	0.635	-7.903089986991944
333851.466	300	0.64	-7.903089986991944
334801.199	300	0.645	-7.903089986991944
335235.557	300	0.65	-7.903089986991944
336229.904	300	0.655	-7.903089986991944
336640.154	300	0.66	-7.903089986991944
337647.628	300	0.665	-7.903089986991944
338671.357	300	0.67	-7.903089986991944
340156.214	300	0.675	-7.903089986991944
340580.203	300	0.68	-7.903089986991944
340909.399	300	0.685	-7.903089986991944
341675.657	300	0.69	-7.903089986991944
343236.464	300	0.695	-7.903089986991944
343603.393	300	0.7	-7.903089986991944
344087.49	300	0.705	-7.903089986991944
344606.149	300	0.71	-7.903089986991944
345306.8	300	0.715	-7.903089986991944
346606.309	300	0.72	-7.903089986991944
347445.23	300	0.725	-7.903089986991944
348659.461	300	0.73	-7.903089986991944
349598.99	300	0.735	-7.903089986991944
351707.347	300	0.74	-7.903089986991944
353028.764	300	0.745	-7.903089986991944
355394.804	300	0.75	-7.903089986991944
357730.246	300	0.755	-7.903089986991944
359390.583	300	0.76	-7.903089986991944
361738.516	300	0.765	-7.903089986991944
363047.102	300	0.77	-7.903089986991944
364512.016	300	0.775	-7.903089986991944
364853.914	300	0.78	-7.903089986991944
367458.514	300	0.785	-7.903089986991944
368715.644	300	0.79	-7.903089986991944
369948.312	300	0.795	-7.903089986991944
370705.771	300	0.8	-7.903089986991944
372081.0	300	0.805	-7.903089986991944
373494.057	300	0.81	-7.903089986991944
374174.308	300	0.815	-7.903089986991944
375782.803	300	0.82	-7.903089986991944
376745.627	300	0.825	-7.903089986991944
379433.237	300	0.83	-7.903089986991944
381517.167	300	0.835	-7.903089986991944
384044.64	300	0.84	-7.903089986991944
386399.764	300	0.845	-7.903089986991944
389535.643	300	0.85	-7.903089986991944
391681.126	300	0.855	-7.903089986991944
393920.124	300	0.86	-7.903089986991944
395661.949	300	0.865	-7.903089986991944
397304.043	300	0.87	-7.903089986991944
402169.473	300	0.875	-7.903089986991944
404267.486	300	0.88	-7.903089986991944
407851.793	300	0.885	-7.903089986991944
408737.465	300	0.89	-7.903089986991944
411243.33	300	0.895	-7.903089986991944
416788.636	300	0.9	-7.903089986991944
419706.95	300	0.905	-7.903089986991944
426254.811	300	0.91	-7.903089986991944
430920.373	300	0.915	-7.903089986991944
434617.831	300	0.92	-7.903089986991944
438469.1	300	0.925	-7.903089986991944
443062.214	300	0.93	-7.903089986991944
448282.345	300	0.935	-7.903089986991944
454046.333	300	0.94	-7.903089986991944
465364.136	300	0.945	-7.903089986991944
469524.239	300	0.95	-7.903089986991944
475814.36	300	0.955	-7.903089986991944
484701.257	300	0.96	-7.903089986991944
492579.186	300	0.965	-7.903089986991944
509740.171	300	0.97	-7.903089986991944
516887.664	300	0.975	-7.903089986991944
532842.657	300	0.98	-7.903089986991944
543633.321	300	0.985	-7.903089986991944
546799.989	300	0.99	-7.903089986991944
598852.936	300	0.995	-7.903089986991944
331215.714	325	0.5	-7.903089986991944
332184.214	325	0.505	-7.903089986991944
332864.929	325	0.51	-7.903089986991944
333671.355	325	0.515	-7.903089986991944
334413.694	325	0.52	-7.903089986991944
335185.536	325	0.525	-7.903089986991944
336019.118	325	0.53	-7.903089986991944
336453.412	325	0.535	-7.903089986991944
336794.704	325	0.54	-7.903089986991944
337222.586	325	0.545	-7.903089986991944
337755.518	325	0.55	-7.903089986991944
338202.236	325	0.555	-7.903089986991944
338673.731	325	0.56	-7.903089986991944
339112.24	325	0.565	-7.903089986991944
340006.841	325	0.57	-7.903089986991944
340912.005	325	0.575	-7.903089986991944
341719.544	325	0.58	-7.903089986991944
341930.042	325	0.585	-7.903089986991944
342685.258	325	0.59	-7.903089986991944
343304.307	325	0.595	-7.903089986991944
343775.257	325	0.6	-7.903089986991944
344460.636	325	0.605	-7.903089986991944
345479.986	325	0.61	-7.903089986991944
346278.313	325	0.615	-7.903089986991944
346854.93	325	0.62	-7.903089986991944
347467.348	325	0.625	-7.903089986991944
348147.076	325	0.63	-7.903089986991944
348605.809	325	0.635	-7.903089986991944
349533.331	325	0.64	-7.903089986991944
350458.687	325	0.645	-7.903089986991944
351450.904	325	0.65	-7.903089986991944
352000.522	325	0.655	-7.903089986991944
352770.486	325	0.66	-7.903089986991944
353194.547	325	0.665	-7.903089986991944
353467.97	325	0.67	-7.903089986991944
355208.457	325	0.675	-7.903089986991944
355891.943	325	0.68	-7.903089986991944
356223.94	325	0.685	-7.903089986991944
356572.729	325	0.69	-7.903089986991944
357032.368	325	0.695	-7.903089986991944
357503.614	325	0.7	-7.903089986991944
358464.514	325	0.705	-7.903089986991944
360037.571	325	0.71	-7.903089986991944
360727.464	325	0.715	-7.903089986991944
363288.96	325	0.72	-7.903089986991944
364147.655	325	0.725	-7.903089986991944
365610.199	325	0.73	-7.903089986991944
366535.129	325	0.735	-7.903089986991944
367777.991	325	0.74	-7.903089986991944
368751.456	325	0.745	-7.903089986991944
370879.536	325	0.75	-7.903089986991944
372034.707	325	0.755	-7.903089986991944
372573.723	325	0.76	-7.903089986991944
375535.222	325	0.765	-7.903089986991944
376832.686	325	0.77	-7.903089986991944
379069.607	325	0.775	-7.903089986991944
380102.756	325	0.78	-7.903089986991944
382518.407	325	0.785	-7.903089986991944
385712.21	325	0.79	-7.903089986991944
387482.264	325	0.795	-7.903089986991944
389610.314	325	0.8	-7.903089986991944
391642.591	325	0.805	-7.903089986991944
396414.898	325	0.81	-7.903089986991944
398927.409	325	0.815	-7.903089986991944
401190.226	325	0.82	-7.903089986991944
404204.545	325	0.825	-7.903089986991944
407945.589	325	0.83	-7.903089986991944
408933.737	325	0.835	-7.903089986991944
410541.486	325	0.84	-7.903089986991944
413803.756	325	0.845	-7.903089986991944
415497.204	325	0.85	-7.903089986991944
417870.063	325	0.855	-7.903089986991944
419391.42	325	0.86	-7.903089986991944
422322.11	325	0.865	-7.903089986991944
424616.152	325	0.87	-7.903089986991944
426552.205	325	0.875	-7.903089986991944
428910.929	325	0.88	-7.903089986991944
431169.714	325	0.885	-7.903089986991944
435180.756	325	0.89	-7.903089986991944
437534.45	325	0.895	-7.903089986991944
439292.15	325	0.9	-7.903089986991944
440446.009	325	0.905	-7.903089986991944
446695.243	325	0.91	-7.903089986991944
450688.936	325	0.915	-7.903089986991944
455784.0	325	0.92	-7.903089986991944
464186.0	325	0.925	-7.903089986991944
466078.414	325	0.93	-7.903089986991944
476089.228	325	0.935	-7.903089986991944
482682.494	325	0.94	-7.903089986991944
490843.826	325	0.945	-7.903089986991944
497209.329	325	0.95	-7.903089986991944
507476.209	325	0.955	-7.903089986991944
516196.2	325	0.96	-7.903089986991944
523000.536	325	0.965	-7.903089986991944
532518.6	325	0.97	-7.903089986991944
541387.57	325	0.975	-7.903089986991944
563762.6	325	0.98	-7.903089986991944
584417.101	325	0.985	-7.903089986991944
598617.59	325	0.99	-7.903089986991944
640384.179	325	0.995	-7.903089986991944
340776.321	350	0.5	-7.903089986991944
341328.664	350	0.505	-7.903089986991944
342296.535	350	0.51	-7.903089986991944
342637.086	350	0.515	-7.903089986991944
343529.751	350	0.52	-7.903089986991944
343820.498	350	0.525	-7.903089986991944
344429.856	350	0.53	-7.903089986991944
344883.615	350	0.535	-7.903089986991944
345848.887	350	0.54	-7.903089986991944
346244.825	350	0.545	-7.903089986991944
347534.571	350	0.55	-7.903089986991944
348368.719	350	0.555	-7.903089986991944
349470.434	350	0.56	-7.903089986991944
350145.945	350	0.565	-7.903089986991944
350864.7	350	0.57	-7.903089986991944
351404.438	350	0.575	-7.903089986991944
351825.399	350	0.58	-7.903089986991944
352651.27	350	0.585	-7.903089986991944
353792.564	350	0.59	-7.903089986991944
354757.322	350	0.595	-7.903089986991944
355276.057	350	0.6	-7.903089986991944
356302.55	350	0.605	-7.903089986991944
357499.3	350	0.61	-7.903089986991944
358340.451	350	0.615	-7.903089986991944
360037.971	350	0.62	-7.903089986991944
360498.643	350	0.625	-7.903089986991944
361308.554	350	0.63	-7.903089986991944
362313.536	350	0.635	-7.903089986991944
363481.186	350	0.64	-7.903089986991944
364060.571	350	0.645	-7.903089986991944
364492.746	350	0.65	-7.903089986991944
365332.535	350	0.655	-7.903089986991944
366001.151	350	0.66	-7.903089986991944
367027.983	350	0.665	-7.903089986991944
367643.971	350	0.67	-7.903089986991944
368419.977	350	0.675	-7.903089986991944
370321.783	350	0.68	-7.903089986991944
371788.693	350	0.685	-7.903089986991944
373799.019	350	0.69	-7.903089986991944
374423.651	350	0.695	-7.903089986991944
374836.836	350	0.7	-7.903089986991944
375649.019	350	0.705	-7.903089986991944
376319.359	350	0.71	-7.903089986991944
377531.093	350	0.715	-7.903089986991944
378530.337	350	0.72	-7.903089986991944
379896.848	350	0.725	-7.903089986991944
381652.389	350	0.73	-7.903089986991944
382211.876	350	0.735	-7.903089986991944
383453.286	350	0.74	-7.903089986991944
384289.231	350	0.745	-7.903089986991944
386200.518	350	0.75	-7.903089986991944
387145.228	350	0.755	-7.903089986991944
388579.971	350	0.76	-7.903089986991944
389619.873	350	0.765	-7.903089986991944
390283.291	350	0.77	-7.903089986991944
392546.471	350	0.775	-7.903089986991944
394464.841	350	0.78	-7.903089986991944
396472.323	350	0.785	-7.903089986991944
397804.608	350	0.79	-7.903089986991944
400379.706	350	0.795	-7.903089986991944
403155.257	350	0.8	-7.903089986991944
405942.343	350	0.805	-7.903089986991944
407813.341	350	0.81	-7.903089986991944
410050.613	350	0.815	-7.903089986991944
413766.111	350	0.82	-7.903089986991944
415874.263	350	0.825	-7.903089986991944
418049.126	350	0.83	-7.903089986991944
419951.609	350	0.835	-7.903089986991944
421068.8	350	0.84	-7.903089986991944
422479.613	350	0.845	-7.903089986991944
425015.604	350	0.85	-7.903089986991944
427994.303	350	0.855	-7.903089986991944
429965.147	350	0.86	-7.903089986991944
432904.326	350	0.865	-7.903089986991944
434228.272	350	0.87	-7.903089986991944
437272.714	350	0.875	-7.903089986991944
440266.8	350	0.88	-7.903089986991944
448048.707	350	0.885	-7.903089986991944
452683.209	350	0.89	-7.903089986991944
462940.706	350	0.895	-7.903089986991944
465590.9	350	0.9	-7.903089986991944
469136.895	350	0.905	-7.903089986991944
475294.829	350	0.91	-7.903089986991944
478383.844	350	0.915	-7.903089986991944
487187.714	350	0.92	-7.903089986991944
494306.036	350	0.925	-7.903089986991944
504058.567	350	0.93	-7.903089986991944
507206.602	350	0.935	-7.903089986991944
513546.004	350	0.94	-7.903089986991944
515141.248	350	0.945	-7.903089986991944
527796.571	350	0.95	-7.903089986991944
532625.385	350	0.955	-7.903089986991944
538407.854	350	0.96	-7.903089986991944
548192.715	350	0.965	-7.903089986991944
556843.016	350	0.97	-7.903089986991944
561659.107	350	0.975	-7.903089986991944
582438.857	350	0.98	-7.903089986991944
589278.9	350	0.985	-7.903089986991944
639303.843	350	0.99	-7.903089986991944
678357.54	350	0.995	-7.903089986991944
354354.607	375	0.5	-7.903089986991944
354832.606	375	0.505	-7.903089986991944
355273.028	375	0.51	-7.903089986991944
356258.229	375	0.515	-7.903089986991944
356835.411	375	0.52	-7.903089986991944
358083.071	375	0.525	-7.903089986991944
358730.038	375	0.53	-7.903089986991944
359592.886	375	0.535	-7.903089986991944
360054.447	375	0.54	-7.903089986991944
360508.078	375	0.545	-7.903089986991944
361666.668	375	0.55	-7.903089986991944
362599.764	375	0.555	-7.903089986991944
363160.169	375	0.56	-7.903089986991944
364491.048	375	0.565	-7.903089986991944
364974.41	375	0.57	-7.903089986991944
366169.782	375	0.575	-7.903089986991944
366663.67	375	0.58	-7.903089986991944
367561.686	375	0.585	-7.903089986991944
368718.092	375	0.59	-7.903089986991944
369594.344	375	0.595	-7.903089986991944
370995.843	375	0.6	-7.903089986991944
372154.814	375	0.605	-7.903089986991944
372952.158	375	0.61	-7.903089986991944
374129.927	375	0.615	-7.903089986991944
374768.473	375	0.62	-7.903089986991944
375408.527	375	0.625	-7.903089986991944
376441.931	375	0.63	-7.903089986991944
377240.926	375	0.635	-7.903089986991944
377868.2	375	0.64	-7.903089986991944
378584.808	375	0.645	-7.903089986991944
379313.804	375	0.65	-7.903089986991944
379872.0	375	0.655	-7.903089986991944
380746.036	375	0.66	-7.903089986991944
381202.49	375	0.665	-7.903089986991944
382513.107	375	0.67	-7.903089986991944
384091.595	375	0.675	-7.903089986991944
385247.797	375	0.68	-7.903089986991944
386242.233	375	0.685	-7.903089986991944
387241.229	375	0.69	-7.903089986991944
388805.614	375	0.695	-7.903089986991944
389801.25	375	0.7	-7.903089986991944
391042.649	375	0.705	-7.903089986991944
391930.537	375	0.71	-7.903089986991944
392975.272	375	0.715	-7.903089986991944
394935.469	375	0.72	-7.903089986991944
396013.85	375	0.725	-7.903089986991944
397070.966	375	0.73	-7.903089986991944
399397.566	375	0.735	-7.903089986991944
400044.334	375	0.74	-7.903089986991944
401391.555	375	0.745	-7.903089986991944
402376.732	375	0.75	-7.903089986991944
403594.668	375	0.755	-7.903089986991944
404736.154	375	0.76	-7.903089986991944
406067.385	375	0.765	-7.903089986991944
407510.892	375	0.77	-7.903089986991944
409259.739	375	0.775	-7.903089986991944
410187.217	375	0.78	-7.903089986991944
411490.386	375	0.785	-7.903089986991944
413367.074	375	0.79	-7.903089986991944
413877.081	375	0.795	-7.903089986991944
415771.429	375	0.8	-7.903089986991944
418897.656	375	0.805	-7.903089986991944
420415.931	375	0.81	-7.903089986991944
422158.884	375	0.815	-7.903089986991944
425274.056	375	0.82	-7.903089986991944
428556.318	375	0.825	-7.903089986991944
429909.602	375	0.83	-7.903089986991944
431887.834	375	0.835	-7.903089986991944
433628.803	375	0.84	-7.903089986991944
437066.954	375	0.845	-7.903089986991944
438830.918	375	0.85	-7.903089986991944
443032.857	375	0.855	-7.903089986991944
447458.826	375	0.86	-7.903089986991944
448939.608	375	0.865	-7.903089986991944
452214.766	375	0.87	-7.903089986991944
453450.902	375	0.875	-7.903089986991944
455781.314	375	0.88	-7.903089986991944
459773.828	375	0.885	-7.903089986991944
465989.445	375	0.89	-7.903089986991944
467791.214	375	0.895	-7.903089986991944
471561.443	375	0.9	-7.903089986991944
476238.046	375	0.905	-7.903089986991944
485309.693	375	0.91	-7.903089986991944
490656.012	375	0.915	-7.903089986991944
502195.366	375	0.92	-7.903089986991944
503559.2	375	0.925	-7.903089986991944
509330.986	375	0.93	-7.903089986991944
523558.814	375	0.935	-7.903089986991944
527055.653	375	0.94	-7.903089986991944
539666.6	375	0.945	-7.903089986991944
555416.786	375	0.95	-7.903089986991944
571739.151	375	0.955	-7.903089986991944
585589.829	375	0.96	-7.903089986991944
590414.443	375	0.965	-7.903089986991944
603661.426	375	0.97	-7.903089986991944
622192.627	375	0.975	-7.903089986991944
641962.4	375	0.98	-7.903089986991944
650101.379	375	0.985	-7.903089986991944
669357.029	375	0.99	-7.903089986991944
714885.014	375	0.995	-7.903089986991944
365038.429	400	0.5	-7.903089986991944
365966.389	400	0.505	-7.903089986991944
367391.24	400	0.51	-7.903089986991944
368281.416	400	0.515	-7.903089986991944
369179.411	400	0.52	-7.903089986991944
369807.434	400	0.525	-7.903089986991944
371125.575	400	0.53	-7.903089986991944
371998.195	400	0.535	-7.903089986991944
373306.619	400	0.54	-7.903089986991944
374490.129	400	0.545	-7.903089986991944
375466.461	400	0.55	-7.903089986991944
376438.628	400	0.555	-7.903089986991944
377123.131	400	0.56	-7.903089986991944
377762.595	400	0.565	-7.903089986991944
378526.489	400	0.57	-7.903089986991944
379305.005	400	0.575	-7.903089986991944
379745.35	400	0.58	-7.903089986991944
380960.35	400	0.585	-7.903089986991944
381525.334	400	0.59	-7.903089986991944
382285.65	400	0.595	-7.903089986991944
383144.714	400	0.6	-7.903089986991944
383823.73	400	0.605	-7.903089986991944
385114.781	400	0.61	-7.903089986991944
386295.913	400	0.615	-7.903089986991944
387683.456	400	0.62	-7.903089986991944
389014.241	400	0.625	-7.903089986991944
390119.331	400	0.63	-7.903089986991944
391091.576	400	0.635	-7.903089986991944
392136.103	400	0.64	-7.903089986991944
392896.63	400	0.645	-7.903089986991944
394153.55	400	0.65	-7.903089986991944
394737.948	400	0.655	-7.903089986991944
395368.291	400	0.66	-7.903089986991944
397185.4	400	0.665	-7.903089986991944
398368.614	400	0.67	-7.903089986991944
399765.679	400	0.675	-7.903089986991944
400813.714	400	0.68	-7.903089986991944
401279.646	400	0.685	-7.903089986991944
401935.298	400	0.69	-7.903089986991944
403160.184	400	0.695	-7.903089986991944
403679.143	400	0.7	-7.903089986991944
404415.72	400	0.705	-7.903089986991944
405172.778	400	0.71	-7.903089986991944
406224.443	400	0.715	-7.903089986991944
407635.029	400	0.72	-7.903089986991944
409054.004	400	0.725	-7.903089986991944
410083.591	400	0.73	-7.903089986991944
413924.703	400	0.735	-7.903089986991944
416642.929	400	0.74	-7.903089986991944
418515.236	400	0.745	-7.903089986991944
419617.143	400	0.75	-7.903089986991944
420796.308	400	0.755	-7.903089986991944
422491.503	400	0.76	-7.903089986991944
423656.562	400	0.765	-7.903089986991944
424422.058	400	0.77	-7.903089986991944
425946.75	400	0.775	-7.903089986991944
426776.431	400	0.78	-7.903089986991944
427819.81	400	0.785	-7.903089986991944
429409.786	400	0.79	-7.903089986991944
430241.013	400	0.795	-7.903089986991944
433361.257	400	0.8	-7.903089986991944
436580.757	400	0.805	-7.903089986991944
439014.822	400	0.81	-7.903089986991944
440607.67	400	0.815	-7.903089986991944
442148.207	400	0.82	-7.903089986991944
443457.75	400	0.825	-7.903089986991944
446054.959	400	0.83	-7.903089986991944
448139.679	400	0.835	-7.903089986991944
448958.266	400	0.84	-7.903089986991944
451658.161	400	0.845	-7.903089986991944
454622.489	400	0.85	-7.903089986991944
458129.387	400	0.855	-7.903089986991944
459683.733	400	0.86	-7.903089986991944
463058.312	400	0.865	-7.903089986991944
464586.936	400	0.87	-7.903089986991944
467448.58	400	0.875	-7.903089986991944
471480.897	400	0.88	-7.903089986991944
477216.639	400	0.885	-7.903089986991944
481867.692	400	0.89	-7.903089986991944
484649.721	400	0.895	-7.903089986991944
489550.143	400	0.9	-7.903089986991944
495129.229	400	0.905	-7.903089986991944
501972.2	400	0.91	-7.903089986991944
509840.567	400	0.915	-7.903089986991944
523790.589	400	0.92	-7.903089986991944
532430.825	400	0.925	-7.903089986991944
542079.786	400	0.93	-7.903089986991944
551694.908	400	0.935	-7.903089986991944
558482.696	400	0.94	-7.903089986991944
570478.102	400	0.945	-7.903089986991944
585751.95	400	0.95	-7.903089986991944
601043.78	400	0.955	-7.903089986991944
614942.286	400	0.96	-7.903089986991944
623705.214	400	0.965	-7.903089986991944
647636.571	400	0.97	-7.903089986991944
654698.218	400	0.975	-7.903089986991944
671661.903	400	0.98	-7.903089986991944
686133.157	400	0.985	-7.903089986991944
714435.929	400	0.99	-7.903089986991944
767920.521	400	0.995	-7.903089986991944
382205.964	425	0.5	-7.903089986991944
382707.764	425	0.505	-7.903089986991944
383567.879	425	0.51	-7.903089986991944
384561.643	425	0.515	-7.903089986991944
385604.72	425	0.52	-7.903089986991944
385947.175	425	0.525	-7.903089986991944
386539.624	425	0.53	-7.903089986991944
387561.603	425	0.535	-7.903089986991944
388395.9	425	0.54	-7.903089986991944
388899.99	425	0.545	-7.903089986991944
389980.15	425	0.55	-7.903089986991944
391094.504	425	0.555	-7.903089986991944
391779.046	425	0.56	-7.903089986991944
392334.441	425	0.565	-7.903089986991944
393636.741	425	0.57	-7.903089986991944
394412.459	425	0.575	-7.903089986991944
395175.339	425	0.58	-7.903089986991944
395962.66	425	0.585	-7.903089986991944
396368.912	425	0.59	-7.903089986991944
397018.908	425	0.595	-7.903089986991944
397668.2	425	0.6	-7.903089986991944
400034.045	425	0.605	-7.903089986991944
400603.486	425	0.61	-7.903089986991944
401138.212	425	0.615	-7.903089986991944
402668.314	425	0.62	-7.903089986991944
403868.018	425	0.625	-7.903089986991944
404668.361	425	0.63	-7.903089986991944
405236.214	425	0.635	-7.903089986991944
406118.0	425	0.64	-7.903089986991944
406761.232	425	0.645	-7.903089986991944
407570.118	425	0.65	-7.903089986991944
408381.925	425	0.655	-7.903089986991944
409603.536	425	0.66	-7.903089986991944
410961.145	425	0.665	-7.903089986991944
412274.205	425	0.67	-7.903089986991944
413374.38	425	0.675	-7.903089986991944
414626.791	425	0.68	-7.903089986991944
415346.438	425	0.685	-7.903089986991944
416444.476	425	0.69	-7.903089986991944
417108.349	425	0.695	-7.903089986991944
418756.043	425	0.7	-7.903089986991944
421095.714	425	0.705	-7.903089986991944
421931.157	425	0.71	-7.903089986991944
422740.459	425	0.715	-7.903089986991944
424236.509	425	0.72	-7.903089986991944
426308.541	425	0.725	-7.903089986991944
427680.634	425	0.73	-7.903089986991944
429230.05	425	0.735	-7.903089986991944
430191.056	425	0.74	-7.903089986991944
432824.217	425	0.745	-7.903089986991944
434543.321	425	0.75	-7.903089986991944
435821.211	425	0.755	-7.903089986991944
436815.737	425	0.76	-7.903089986991944
437694.424	425	0.765	-7.903089986991944
439301.132	425	0.77	-7.903089986991944
440785.613	425	0.775	-7.903089986991944
442459.676	425	0.78	-7.903089986991944
443770.107	425	0.785	-7.903089986991944
445183.513	425	0.79	-7.903089986991944
446864.02	425	0.795	-7.903089986991944
447814.343	425	0.8	-7.903089986991944
450252.014	425	0.805	-7.903089986991944
451354.475	425	0.81	-7.903089986991944
453470.179	425	0.815	-7.903089986991944
455719.083	425	0.82	-7.903089986991944
457755.868	425	0.825	-7.903089986991944
459191.104	425	0.83	-7.903089986991944
462067.635	425	0.835	-7.903089986991944
463336.0	425	0.84	-7.903089986991944
466629.485	425	0.845	-7.903089986991944
468499.632	425	0.85	-7.903089986991944
473083.092	425	0.855	-7.903089986991944
476147.903	425	0.86	-7.903089986991944
479039.143	425	0.865	-7.903089986991944
483676.95	425	0.87	-7.903089986991944
485937.08	425	0.875	-7.903089986991944
489485.503	425	0.88	-7.903089986991944
495455.237	425	0.885	-7.903089986991944
500515.046	425	0.89	-7.903089986991944
506332.821	425	0.895	-7.903089986991944
511838.507	425	0.9	-7.903089986991944
517575.578	425	0.905	-7.903089986991944
520461.186	425	0.91	-7.903089986991944
525731.384	425	0.915	-7.903089986991944
529131.743	425	0.92	-7.903089986991944
533527.679	425	0.925	-7.903089986991944
536776.205	425	0.93	-7.903089986991944
547407.138	425	0.935	-7.903089986991944
559074.771	425	0.94	-7.903089986991944
567888.4	425	0.945	-7.903089986991944
579157.943	425	0.95	-7.903089986991944
589816.785	425	0.955	-7.903089986991944
602298.231	425	0.96	-7.903089986991944
615339.58	425	0.965	-7.903089986991944
630686.457	425	0.97	-7.903089986991944
642239.886	425	0.975	-7.903089986991944
680449.819	425	0.98	-7.903089986991944
718318.964	425	0.985	-7.903089986991944
776469.177	425	0.99	-7.903089986991944
807131.3	425	0.995	-7.903089986991944
393188.357	450	0.5	-7.903089986991944
394271.221	450	0.505	-7.903089986991944
394702.544	450	0.51	-7.903089986991944
394902.344	450	0.515	-7.903089986991944
395477.006	450	0.52	-7.903089986991944
396393.677	450	0.525	-7.903089986991944
396799.191	450	0.53	-7.903089986991944
397090.279	450	0.535	-7.903089986991944
397502.161	450	0.54	-7.903089986991944
398747.626	450	0.545	-7.903089986991944
399862.675	450	0.55	-7.903089986991944
401554.058	450	0.555	-7.903089986991944
402992.829	450	0.56	-7.903089986991944
403604.981	450	0.565	-7.903089986991944
404962.294	450	0.57	-7.903089986991944
405815.091	450	0.575	-7.903089986991944
407254.339	450	0.58	-7.903089986991944
408079.118	450	0.585	-7.903089986991944
408674.153	450	0.59	-7.903089986991944
409446.178	450	0.595	-7.903089986991944
411068.914	450	0.6	-7.903089986991944
412031.55	450	0.605	-7.903089986991944
413200.779	450	0.61	-7.903089986991944
413733.806	450	0.615	-7.903089986991944
414114.43	450	0.62	-7.903089986991944
415781.339	450	0.625	-7.903089986991944
416924.576	450	0.63	-7.903089986991944
417765.648	450	0.635	-7.903089986991944
418983.214	450	0.64	-7.903089986991944
420451.143	450	0.645	-7.903089986991944
422131.454	450	0.65	-7.903089986991944
423115.485	450	0.655	-7.903089986991944
423756.32	450	0.66	-7.903089986991944
424869.643	450	0.665	-7.903089986991944
425911.285	450	0.67	-7.903089986991944
428327.316	450	0.675	-7.903089986991944
430287.311	450	0.68	-7.903089986991944
430631.286	450	0.685	-7.903089986991944
432329.402	450	0.69	-7.903089986991944
433464.665	450	0.695	-7.903089986991944
434615.9	450	0.7	-7.903089986991944
435660.5	450	0.705	-7.903089986991944
436611.528	450	0.71	-7.903089986991944
438246.62	450	0.715	-7.903089986991944
439069.554	450	0.72	-7.903089986991944
440639.188	450	0.725	-7.903089986991944
441474.681	450	0.73	-7.903089986991944
442186.129	450	0.735	-7.903089986991944
443675.071	450	0.74	-7.903089986991944
446439.364	450	0.745	-7.903089986991944
448054.643	450	0.75	-7.903089986991944
448570.611	450	0.755	-7.903089986991944
449702.769	450	0.76	-7.903089986991944
451250.574	450	0.765	-7.903089986991944
455512.52	450	0.77	-7.903089986991944
458391.746	450	0.775	-7.903089986991944
460195.7	450	0.78	-7.903089986991944
462113.35	450	0.785	-7.903089986991944
462911.571	450	0.79	-7.903089986991944
464451.72	450	0.795	-7.903089986991944
467886.114	450	0.8	-7.903089986991944
471037.611	450	0.805	-7.903089986991944
473434.704	450	0.81	-7.903089986991944
475393.826	450	0.815	-7.903089986991944
478704.173	450	0.82	-7.903089986991944
480704.607	450	0.825	-7.903089986991944
483181.151	450	0.83	-7.903089986991944
484901.962	450	0.835	-7.903089986991944
488881.054	450	0.84	-7.903089986991944
491096.657	450	0.845	-7.903089986991944
495300.95	450	0.85	-7.903089986991944
498668.093	450	0.855	-7.903089986991944
502617.504	450	0.86	-7.903089986991944
510464.079	450	0.865	-7.903089986991944
513107.961	450	0.87	-7.903089986991944
514172.571	450	0.875	-7.903089986991944
515130.391	450	0.88	-7.903089986991944
520080.575	450	0.885	-7.903089986991944
524544.367	450	0.89	-7.903089986991944
529364.664	450	0.895	-7.903089986991944
533677.079	450	0.9	-7.903089986991944
535468.164	450	0.905	-7.903089986991944
540655.036	450	0.91	-7.903089986991944
550558.008	450	0.915	-7.903089986991944
554571.726	450	0.92	-7.903089986991944
563317.338	450	0.925	-7.903089986991944
571224.826	450	0.93	-7.903089986991944
577313.639	450	0.935	-7.903089986991944
580526.991	450	0.94	-7.903089986991944
587597.535	450	0.945	-7.903089986991944
597874.936	450	0.95	-7.903089986991944
612678.94	450	0.955	-7.903089986991944
620213.189	450	0.96	-7.903089986991944
641874.941	450	0.965	-7.903089986991944
660335.981	450	0.97	-7.903089986991944
688093.679	450	0.975	-7.903089986991944
713355.4	450	0.98	-7.903089986991944
730174.114	450	0.985	-7.903089986991944
754384.614	450	0.99	-7.903089986991944
879844.115	450	0.995	-7.903089986991944
