S*_score	SNP_num	quantile	log(local_recomb_rate)
115697.5	25	0.5	-7.903089986991944
116755.948	25	0.505	-7.903089986991944
117446.467	25	0.51	-7.903089986991944
117937.3	25	0.515	-7.903089986991944
118308.92	25	0.52	-7.903089986991944
118644.165	25	0.525	-7.903089986991944
118833.475	25	0.53	-7.903089986991944
119600.533	25	0.535	-7.903089986991944
120226.41	25	0.54	-7.903089986991944
121085.786	25	0.545	-7.903089986991944
121350.0	25	0.55	-7.903089986991944
122201.593	25	0.555	-7.903089986991944
122561.6	25	0.56	-7.903089986991944
123341.716	25	0.565	-7.903089986991944
123544.429	25	0.57	-7.903089986991944
124131.52	25	0.575	-7.903089986991944
124966.8	25	0.58	-7.903089986991944
125119.25	25	0.585	-7.903089986991944
125375.216	25	0.59	-7.903089986991944
125722.91	25	0.595	-7.903089986991944
126524.0	25	0.6	-7.903089986991944
126601.867	25	0.605	-7.903089986991944
127535.07	25	0.61	-7.903089986991944
128360.205	25	0.615	-7.903089986991944
128547.733	25	0.62	-7.903089986991944
128785.75	25	0.625	-7.903089986991944
129344.27	25	0.63	-7.903089986991944
129612.633	25	0.635	-7.903089986991944
129761.12	25	0.64	-7.903089986991944
130478.26	25	0.645	-7.903089986991944
131136.95	25	0.65	-7.903089986991944
132619.9	25	0.655	-7.903089986991944
132761.053	25	0.66	-7.903089986991944
133179.95	25	0.665	-7.903089986991944
133280.05	25	0.67	-7.903089986991944
133698.0	25	0.675	-7.903089986991944
134813.6	25	0.68	-7.903089986991944
135605.225	25	0.685	-7.903089986991944
136072.86	25	0.69	-7.903089986991944
136756.943	25	0.695	-7.903089986991944
137395.0	25	0.7	-7.903089986991944
137507.85	25	0.705	-7.903089986991944
137784.1	25	0.71	-7.903089986991944
139134.233	25	0.715	-7.903089986991944
139553.6	25	0.72	-7.903089986991944
140692.446	25	0.725	-7.903089986991944
141486.5	25	0.73	-7.903089986991944
141927.29	25	0.735	-7.903089986991944
142430.16	25	0.74	-7.903089986991944
142589.8	25	0.745	-7.903089986991944
142755.0	25	0.75	-7.903089986991944
142991.7	25	0.755	-7.903089986991944
143936.267	25	0.76	-7.903089986991944
144490.825	25	0.765	-7.903089986991944
145334.4	25	0.77	-7.903089986991944
145878.758	25	0.775	-7.903089986991944
146271.14	25	0.78	-7.903089986991944
146891.4	25	0.785	-7.903089986991944
147146.785	25	0.79	-7.903089986991944
147575.9	25	0.795	-7.903089986991944
148064.0	25	0.8	-7.903089986991944
150674.4	25	0.805	-7.903089986991944
151002.62	25	0.81	-7.903089986991944
151516.175	25	0.815	-7.903089986991944
152731.28	25	0.82	-7.903089986991944
153240.7	25	0.825	-7.903089986991944
153554.59	25	0.83	-7.903089986991944
154306.583	25	0.835	-7.903089986991944
156852.36	25	0.84	-7.903089986991944
158173.8	25	0.845	-7.903089986991944
159786.0	25	0.85	-7.903089986991944
160508.2	25	0.855	-7.903089986991944
161579.2	25	0.86	-7.903089986991944
163438.875	25	0.865	-7.903089986991944
163780.0	25	0.87	-7.903089986991944
164511.25	25	0.875	-7.903089986991944
164963.646	25	0.88	-7.903089986991944
165929.564	25	0.885	-7.903089986991944
166469.485	25	0.89	-7.903089986991944
167152.3	25	0.895	-7.903089986991944
167547.025	25	0.9	-7.903089986991944
168308.6	25	0.905	-7.903089986991944
169392.52	25	0.91	-7.903089986991944
170411.31	25	0.915	-7.903089986991944
171214.267	25	0.92	-7.903089986991944
172806.5	25	0.925	-7.903089986991944
174242.48	25	0.93	-7.903089986991944
175145.7	25	0.935	-7.903089986991944
178190.72	25	0.94	-7.903089986991944
179417.5	25	0.945	-7.903089986991944
181863.667	25	0.95	-7.903089986991944
184494.5	25	0.955	-7.903089986991944
185505.2	25	0.96	-7.903089986991944
187688.8	25	0.965	-7.903089986991944
188258.0	25	0.97	-7.903089986991944
189291.667	25	0.975	-7.903089986991944
190263.733	25	0.98	-7.903089986991944
192404.35	25	0.985	-7.903089986991944
197335.4	25	0.99	-7.903089986991944
200008.315	25	0.995	-7.903089986991944
122246.0	50	0.5	-7.903089986991944
122552.044	50	0.505	-7.903089986991944
122788.489	50	0.51	-7.903089986991944
122939.811	50	0.515	-7.903089986991944
123297.6	50	0.52	-7.903089986991944
123559.9	50	0.525	-7.903089986991944
123931.81	50	0.53	-7.903089986991944
124121.775	50	0.535	-7.903089986991944
124474.31	50	0.54	-7.903089986991944
125095.96	50	0.545	-7.903089986991944
125264.0	50	0.55	-7.903089986991944
125692.895	50	0.555	-7.903089986991944
125948.6	50	0.56	-7.903089986991944
126383.547	50	0.565	-7.903089986991944
126822.4	50	0.57	-7.903089986991944
126978.222	50	0.575	-7.903089986991944
127115.509	50	0.58	-7.903089986991944
127373.714	50	0.585	-7.903089986991944
128059.029	50	0.59	-7.903089986991944
128493.865	50	0.595	-7.903089986991944
128772.32	50	0.6	-7.903089986991944
129554.254	50	0.605	-7.903089986991944
129910.97	50	0.61	-7.903089986991944
130241.467	50	0.615	-7.903089986991944
130592.8	50	0.62	-7.903089986991944
131161.361	50	0.625	-7.903089986991944
131899.6	50	0.63	-7.903089986991944
132297.94	50	0.635	-7.903089986991944
132822.624	50	0.64	-7.903089986991944
133556.479	50	0.645	-7.903089986991944
134576.04	50	0.65	-7.903089986991944
134999.952	50	0.655	-7.903089986991944
135592.667	50	0.66	-7.903089986991944
136016.988	50	0.665	-7.903089986991944
136277.534	50	0.67	-7.903089986991944
136841.667	50	0.675	-7.903089986991944
137263.6	50	0.68	-7.903089986991944
137816.556	50	0.685	-7.903089986991944
138381.0	50	0.69	-7.903089986991944
138725.375	50	0.695	-7.903089986991944
139089.556	50	0.7	-7.903089986991944
139625.95	50	0.705	-7.903089986991944
139893.023	50	0.71	-7.903089986991944
140476.709	50	0.715	-7.903089986991944
141602.96	50	0.72	-7.903089986991944
142006.758	50	0.725	-7.903089986991944
142342.091	50	0.73	-7.903089986991944
143004.0	50	0.735	-7.903089986991944
144331.04	50	0.74	-7.903089986991944
144655.275	50	0.745	-7.903089986991944
144943.333	50	0.75	-7.903089986991944
145181.271	50	0.755	-7.903089986991944
145445.338	50	0.76	-7.903089986991944
145772.056	50	0.765	-7.903089986991944
146178.914	50	0.77	-7.903089986991944
147728.364	50	0.775	-7.903089986991944
148444.76	50	0.78	-7.903089986991944
149545.512	50	0.785	-7.903089986991944
149877.107	50	0.79	-7.903089986991944
150168.3	50	0.795	-7.903089986991944
150936.8	50	0.8	-7.903089986991944
151389.02	50	0.805	-7.903089986991944
152265.123	50	0.81	-7.903089986991944
153023.78	50	0.815	-7.903089986991944
153442.24	50	0.82	-7.903089986991944
153852.75	50	0.825	-7.903089986991944
154460.657	50	0.83	-7.903089986991944
154766.65	50	0.835	-7.903089986991944
155352.18	50	0.84	-7.903089986991944
156097.333	50	0.845	-7.903089986991944
156957.5	50	0.85	-7.903089986991944
158701.374	50	0.855	-7.903089986991944
159634.8	50	0.86	-7.903089986991944
160841.0	50	0.865	-7.903089986991944
161426.267	50	0.87	-7.903089986991944
162352.5	50	0.875	-7.903089986991944
163222.133	50	0.88	-7.903089986991944
163589.909	50	0.885	-7.903089986991944
164656.062	50	0.89	-7.903089986991944
164945.95	50	0.895	-7.903089986991944
165738.667	50	0.9	-7.903089986991944
167637.333	50	0.905	-7.903089986991944
168718.8	50	0.91	-7.903089986991944
170134.2	50	0.915	-7.903089986991944
172925.2	50	0.92	-7.903089986991944
173700.167	50	0.925	-7.903089986991944
175776.457	50	0.93	-7.903089986991944
176721.8	50	0.935	-7.903089986991944
177725.238	50	0.94	-7.903089986991944
178654.45	50	0.945	-7.903089986991944
180126.0	50	0.95	-7.903089986991944
182501.866	50	0.955	-7.903089986991944
184031.2	50	0.96	-7.903089986991944
184894.489	50	0.965	-7.903089986991944
187168.05	50	0.97	-7.903089986991944
189193.9	50	0.975	-7.903089986991944
192282.4	50	0.98	-7.903089986991944
194670.99	50	0.985	-7.903089986991944
197927.709	50	0.99	-7.903089986991944
203733.964	50	0.995	-7.903089986991944
131604.875	75	0.5	-7.903089986991944
132093.392	75	0.505	-7.903089986991944
132329.3	75	0.51	-7.903089986991944
133091.859	75	0.515	-7.903089986991944
133982.08	75	0.52	-7.903089986991944
134388.955	75	0.525	-7.903089986991944
134647.427	75	0.53	-7.903089986991944
134979.453	75	0.535	-7.903089986991944
135545.173	75	0.54	-7.903089986991944
135781.046	75	0.545	-7.903089986991944
136328.223	75	0.55	-7.903089986991944
136820.073	75	0.555	-7.903089986991944
137055.246	75	0.56	-7.903089986991944
137611.463	75	0.565	-7.903089986991944
137779.422	75	0.57	-7.903089986991944
137957.534	75	0.575	-7.903089986991944
138417.613	75	0.58	-7.903089986991944
138515.85	75	0.585	-7.903089986991944
138786.567	75	0.59	-7.903089986991944
139540.644	75	0.595	-7.903089986991944
139891.422	75	0.6	-7.903089986991944
140185.257	75	0.605	-7.903089986991944
140482.8	75	0.61	-7.903089986991944
140923.766	75	0.615	-7.903089986991944
141172.829	75	0.62	-7.903089986991944
141544.987	75	0.625	-7.903089986991944
142688.036	75	0.63	-7.903089986991944
143006.237	75	0.635	-7.903089986991944
143255.24	75	0.64	-7.903089986991944
143874.3	75	0.645	-7.903089986991944
144095.973	75	0.65	-7.903089986991944
144309.027	75	0.655	-7.903089986991944
144696.073	75	0.66	-7.903089986991944
145032.157	75	0.665	-7.903089986991944
145339.345	75	0.67	-7.903089986991944
145830.991	75	0.675	-7.903089986991944
146381.333	75	0.68	-7.903089986991944
147043.5	75	0.685	-7.903089986991944
147298.123	75	0.69	-7.903089986991944
147730.53	75	0.695	-7.903089986991944
147858.362	75	0.7	-7.903089986991944
148091.349	75	0.705	-7.903089986991944
148460.326	75	0.71	-7.903089986991944
148966.27	75	0.715	-7.903089986991944
149766.031	75	0.72	-7.903089986991944
150412.986	75	0.725	-7.903089986991944
150865.145	75	0.73	-7.903089986991944
151250.05	75	0.735	-7.903089986991944
151818.101	75	0.74	-7.903089986991944
152790.925	75	0.745	-7.903089986991944
153388.333	75	0.75	-7.903089986991944
153714.389	75	0.755	-7.903089986991944
154241.94	75	0.76	-7.903089986991944
154641.9	75	0.765	-7.903089986991944
155197.713	75	0.77	-7.903089986991944
155748.875	75	0.775	-7.903089986991944
156679.44	75	0.78	-7.903089986991944
156940.842	75	0.785	-7.903089986991944
157394.157	75	0.79	-7.903089986991944
158103.5	75	0.795	-7.903089986991944
158545.507	75	0.8	-7.903089986991944
158810.8	75	0.805	-7.903089986991944
159469.84	75	0.81	-7.903089986991944
160048.88	75	0.815	-7.903089986991944
160969.132	75	0.82	-7.903089986991944
161540.875	75	0.825	-7.903089986991944
162304.067	75	0.83	-7.903089986991944
163042.651	75	0.835	-7.903089986991944
163524.164	75	0.84	-7.903089986991944
164371.638	75	0.845	-7.903089986991944
165040.558	75	0.85	-7.903089986991944
165436.953	75	0.855	-7.903089986991944
165883.92	75	0.86	-7.903089986991944
166235.948	75	0.865	-7.903089986991944
166483.605	75	0.87	-7.903089986991944
167366.366	75	0.875	-7.903089986991944
168144.1	75	0.88	-7.903089986991944
169200.84	75	0.885	-7.903089986991944
170440.485	75	0.89	-7.903089986991944
170926.761	75	0.895	-7.903089986991944
171817.333	75	0.9	-7.903089986991944
173256.816	75	0.905	-7.903089986991944
173755.98	75	0.91	-7.903089986991944
174391.817	75	0.915	-7.903089986991944
175749.28	75	0.92	-7.903089986991944
176441.476	75	0.925	-7.903089986991944
177217.564	75	0.93	-7.903089986991944
178059.278	75	0.935	-7.903089986991944
178527.429	75	0.94	-7.903089986991944
179529.957	75	0.945	-7.903089986991944
180420.5	75	0.95	-7.903089986991944
182173.419	75	0.955	-7.903089986991944
184879.953	75	0.96	-7.903089986991944
187294.486	75	0.965	-7.903089986991944
188805.488	75	0.97	-7.903089986991944
192854.712	75	0.975	-7.903089986991944
196005.6	75	0.98	-7.903089986991944
199658.338	75	0.985	-7.903089986991944
205419.057	75	0.99	-7.903089986991944
213561.225	75	0.995	-7.903089986991944
146048.036	100	0.5	-7.903089986991944
146339.524	100	0.505	-7.903089986991944
146722.667	100	0.51	-7.903089986991944
147133.407	100	0.515	-7.903089986991944
147840.893	100	0.52	-7.903089986991944
148488.934	100	0.525	-7.903089986991944
148807.339	100	0.53	-7.903089986991944
149249.676	100	0.535	-7.903089986991944
149444.215	100	0.54	-7.903089986991944
149954.082	100	0.545	-7.903089986991944
150245.508	100	0.55	-7.903089986991944
150619.793	100	0.555	-7.903089986991944
150941.616	100	0.56	-7.903089986991944
151491.409	100	0.565	-7.903089986991944
151774.562	100	0.57	-7.903089986991944
152131.226	100	0.575	-7.903089986991944
152878.045	100	0.58	-7.903089986991944
153193.017	100	0.585	-7.903089986991944
153550.704	100	0.59	-7.903089986991944
153779.295	100	0.595	-7.903089986991944
154100.2	100	0.6	-7.903089986991944
154311.065	100	0.605	-7.903089986991944
154577.207	100	0.61	-7.903089986991944
155144.883	100	0.615	-7.903089986991944
155531.133	100	0.62	-7.903089986991944
156080.512	100	0.625	-7.903089986991944
156409.836	100	0.63	-7.903089986991944
156761.585	100	0.635	-7.903089986991944
157375.147	100	0.64	-7.903089986991944
157912.277	100	0.645	-7.903089986991944
158001.343	100	0.65	-7.903089986991944
158266.659	100	0.655	-7.903089986991944
158705.538	100	0.66	-7.903089986991944
159304.979	100	0.665	-7.903089986991944
159496.411	100	0.67	-7.903089986991944
159824.706	100	0.675	-7.903089986991944
160008.727	100	0.68	-7.903089986991944
160515.417	100	0.685	-7.903089986991944
161017.825	100	0.69	-7.903089986991944
161620.514	100	0.695	-7.903089986991944
161932.524	100	0.7	-7.903089986991944
162149.701	100	0.705	-7.903089986991944
162463.685	100	0.71	-7.903089986991944
162601.124	100	0.715	-7.903089986991944
162821.236	100	0.72	-7.903089986991944
163279.014	100	0.725	-7.903089986991944
163900.938	100	0.73	-7.903089986991944
164056.273	100	0.735	-7.903089986991944
164501.629	100	0.74	-7.903089986991944
164625.842	100	0.745	-7.903089986991944
165158.841	100	0.75	-7.903089986991944
165411.671	100	0.755	-7.903089986991944
165771.138	100	0.76	-7.903089986991944
166125.638	100	0.765	-7.903089986991944
166866.317	100	0.77	-7.903089986991944
167427.125	100	0.775	-7.903089986991944
168002.833	100	0.78	-7.903089986991944
168275.937	100	0.785	-7.903089986991944
168573.834	100	0.79	-7.903089986991944
168862.619	100	0.795	-7.903089986991944
169393.978	100	0.8	-7.903089986991944
169793.009	100	0.805	-7.903089986991944
170290.6	100	0.81	-7.903089986991944
170548.179	100	0.815	-7.903089986991944
170969.306	100	0.82	-7.903089986991944
171366.122	100	0.825	-7.903089986991944
172382.581	100	0.83	-7.903089986991944
172926.257	100	0.835	-7.903089986991944
173482.143	100	0.84	-7.903089986991944
174315.198	100	0.845	-7.903089986991944
174532.65	100	0.85	-7.903089986991944
174916.377	100	0.855	-7.903089986991944
175173.81	100	0.86	-7.903089986991944
175666.525	100	0.865	-7.903089986991944
176510.311	100	0.87	-7.903089986991944
176925.616	100	0.875	-7.903089986991944
177527.966	100	0.88	-7.903089986991944
177977.746	100	0.885	-7.903089986991944
178739.045	100	0.89	-7.903089986991944
179312.121	100	0.895	-7.903089986991944
179765.232	100	0.9	-7.903089986991944
180608.61	100	0.905	-7.903089986991944
181453.085	100	0.91	-7.903089986991944
182880.489	100	0.915	-7.903089986991944
184084.956	100	0.92	-7.903089986991944
185089.907	100	0.925	-7.903089986991944
186124.292	100	0.93	-7.903089986991944
187099.929	100	0.935	-7.903089986991944
188506.6	100	0.94	-7.903089986991944
190347.787	100	0.945	-7.903089986991944
192043.799	100	0.95	-7.903089986991944
194006.075	100	0.955	-7.903089986991944
195512.68	100	0.96	-7.903089986991944
197833.294	100	0.965	-7.903089986991944
200215.4	100	0.97	-7.903089986991944
203042.425	100	0.975	-7.903089986991944
208592.684	100	0.98	-7.903089986991944
211613.086	100	0.985	-7.903089986991944
218253.55	100	0.99	-7.903089986991944
230149.573	100	0.995	-7.903089986991944
157884.286	125	0.5	-7.903089986991944
158087.959	125	0.505	-7.903089986991944
158442.004	125	0.51	-7.903089986991944
158654.283	125	0.515	-7.903089986991944
158909.152	125	0.52	-7.903089986991944
159360.939	125	0.525	-7.903089986991944
160115.585	125	0.53	-7.903089986991944
160368.16	125	0.535	-7.903089986991944
160694.067	125	0.54	-7.903089986991944
161113.9	125	0.545	-7.903089986991944
161587.638	125	0.55	-7.903089986991944
161916.585	125	0.555	-7.903089986991944
161944.33	125	0.56	-7.903089986991944
162774.93	125	0.565	-7.903089986991944
162902.373	125	0.57	-7.903089986991944
163442.432	125	0.575	-7.903089986991944
163770.96	125	0.58	-7.903089986991944
164163.538	125	0.585	-7.903089986991944
164539.839	125	0.59	-7.903089986991944
164919.579	125	0.595	-7.903089986991944
165340.057	125	0.6	-7.903089986991944
165669.867	125	0.605	-7.903089986991944
166004.325	125	0.61	-7.903089986991944
166518.841	125	0.615	-7.903089986991944
166766.031	125	0.62	-7.903089986991944
166965.768	125	0.625	-7.903089986991944
167383.564	125	0.63	-7.903089986991944
167537.737	125	0.635	-7.903089986991944
167811.322	125	0.64	-7.903089986991944
168043.519	125	0.645	-7.903089986991944
168394.871	125	0.65	-7.903089986991944
168773.069	125	0.655	-7.903089986991944
169021.649	125	0.66	-7.903089986991944
169585.884	125	0.665	-7.903089986991944
169995.533	125	0.67	-7.903089986991944
170247.083	125	0.675	-7.903089986991944
170695.667	125	0.68	-7.903089986991944
171247.601	125	0.685	-7.903089986991944
171568.457	125	0.69	-7.903089986991944
171871.903	125	0.695	-7.903089986991944
172140.571	125	0.7	-7.903089986991944
172519.545	125	0.705	-7.903089986991944
172737.84	125	0.71	-7.903089986991944
172962.093	125	0.715	-7.903089986991944
173237.123	125	0.72	-7.903089986991944
173877.793	125	0.725	-7.903089986991944
174097.739	125	0.73	-7.903089986991944
174433.554	125	0.735	-7.903089986991944
174718.873	125	0.74	-7.903089986991944
174899.294	125	0.745	-7.903089986991944
175085.455	125	0.75	-7.903089986991944
175609.598	125	0.755	-7.903089986991944
176438.981	125	0.76	-7.903089986991944
177456.673	125	0.765	-7.903089986991944
178001.668	125	0.77	-7.903089986991944
178623.462	125	0.775	-7.903089986991944
179108.026	125	0.78	-7.903089986991944
179720.733	125	0.785	-7.903089986991944
180056.523	125	0.79	-7.903089986991944
180498.674	125	0.795	-7.903089986991944
180744.457	125	0.8	-7.903089986991944
181219.857	125	0.805	-7.903089986991944
181657.184	125	0.81	-7.903089986991944
182050.7	125	0.815	-7.903089986991944
182866.142	125	0.82	-7.903089986991944
183717.137	125	0.825	-7.903089986991944
184456.871	125	0.83	-7.903089986991944
185018.79	125	0.835	-7.903089986991944
185157.829	125	0.84	-7.903089986991944
185689.903	125	0.845	-7.903089986991944
186102.432	125	0.85	-7.903089986991944
186769.699	125	0.855	-7.903089986991944
187156.989	125	0.86	-7.903089986991944
187809.571	125	0.865	-7.903089986991944
188486.31	125	0.87	-7.903089986991944
189095.06	125	0.875	-7.903089986991944
189708.172	125	0.88	-7.903089986991944
190200.089	125	0.885	-7.903089986991944
190671.827	125	0.89	-7.903089986991944
191678.6	125	0.895	-7.903089986991944
192181.554	125	0.9	-7.903089986991944
193075.149	125	0.905	-7.903089986991944
194030.455	125	0.91	-7.903089986991944
194494.598	125	0.915	-7.903089986991944
195167.684	125	0.92	-7.903089986991944
195778.989	125	0.925	-7.903089986991944
197055.447	125	0.93	-7.903089986991944
197787.313	125	0.935	-7.903089986991944
199234.857	125	0.94	-7.903089986991944
200385.378	125	0.945	-7.903089986991944
202793.165	125	0.95	-7.903089986991944
206081.589	125	0.955	-7.903089986991944
206873.482	125	0.96	-7.903089986991944
208067.766	125	0.965	-7.903089986991944
213249.029	125	0.97	-7.903089986991944
215434.758	125	0.975	-7.903089986991944
220097.457	125	0.98	-7.903089986991944
223234.621	125	0.985	-7.903089986991944
228472.344	125	0.99	-7.903089986991944
240923.679	125	0.995	-7.903089986991944
169146.192	150	0.5	-7.903089986991944
169366.768	150	0.505	-7.903089986991944
169607.786	150	0.51	-7.903089986991944
170048.346	150	0.515	-7.903089986991944
170281.402	150	0.52	-7.903089986991944
170679.496	150	0.525	-7.903089986991944
170986.798	150	0.53	-7.903089986991944
171263.651	150	0.535	-7.903089986991944
171660.821	150	0.54	-7.903089986991944
171849.944	150	0.545	-7.903089986991944
172358.857	150	0.55	-7.903089986991944
172670.171	150	0.555	-7.903089986991944
173056.629	150	0.56	-7.903089986991944
173484.1	150	0.565	-7.903089986991944
173698.662	150	0.57	-7.903089986991944
174069.512	150	0.575	-7.903089986991944
174493.03	150	0.58	-7.903089986991944
174998.54	150	0.585	-7.903089986991944
175224.532	150	0.59	-7.903089986991944
175405.114	150	0.595	-7.903089986991944
175699.364	150	0.6	-7.903089986991944
175878.993	150	0.605	-7.903089986991944
176279.134	150	0.61	-7.903089986991944
176786.063	150	0.615	-7.903089986991944
177095.126	150	0.62	-7.903089986991944
177436.964	150	0.625	-7.903089986991944
177682.545	150	0.63	-7.903089986991944
177911.652	150	0.635	-7.903089986991944
178597.886	150	0.64	-7.903089986991944
179201.968	150	0.645	-7.903089986991944
179774.779	150	0.65	-7.903089986991944
180092.559	150	0.655	-7.903089986991944
180535.774	150	0.66	-7.903089986991944
180975.204	150	0.665	-7.903089986991944
181253.851	150	0.67	-7.903089986991944
181398.88	150	0.675	-7.903089986991944
181622.588	150	0.68	-7.903089986991944
182191.721	150	0.685	-7.903089986991944
182317.729	150	0.69	-7.903089986991944
182806.536	150	0.695	-7.903089986991944
183101.143	150	0.7	-7.903089986991944
183718.732	150	0.705	-7.903089986991944
183956.827	150	0.71	-7.903089986991944
184328.505	150	0.715	-7.903089986991944
184789.257	150	0.72	-7.903089986991944
185280.162	150	0.725	-7.903089986991944
185965.009	150	0.73	-7.903089986991944
186293.386	150	0.735	-7.903089986991944
186843.213	150	0.74	-7.903089986991944
187327.429	150	0.745	-7.903089986991944
187451.506	150	0.75	-7.903089986991944
188011.004	150	0.755	-7.903089986991944
188264.097	150	0.76	-7.903089986991944
188710.344	150	0.765	-7.903089986991944
189382.926	150	0.77	-7.903089986991944
189666.325	150	0.775	-7.903089986991944
189812.095	150	0.78	-7.903089986991944
189974.684	150	0.785	-7.903089986991944
190541.992	150	0.79	-7.903089986991944
191026.779	150	0.795	-7.903089986991944
192060.143	150	0.8	-7.903089986991944
192378.899	150	0.805	-7.903089986991944
192766.193	150	0.81	-7.903089986991944
193584.461	150	0.815	-7.903089986991944
194459.592	150	0.82	-7.903089986991944
195085.214	150	0.825	-7.903089986991944
195312.741	150	0.83	-7.903089986991944
196174.664	150	0.835	-7.903089986991944
196635.843	150	0.84	-7.903089986991944
197416.299	150	0.845	-7.903089986991944
197823.945	150	0.85	-7.903089986991944
199019.345	150	0.855	-7.903089986991944
199398.402	150	0.86	-7.903089986991944
200279.393	150	0.865	-7.903089986991944
201246.871	150	0.87	-7.903089986991944
201552.946	150	0.875	-7.903089986991944
202225.689	150	0.88	-7.903089986991944
202926.889	150	0.885	-7.903089986991944
203197.093	150	0.89	-7.903089986991944
203834.443	150	0.895	-7.903089986991944
205211.571	150	0.9	-7.903089986991944
206250.807	150	0.905	-7.903089986991944
207142.5	150	0.91	-7.903089986991944
208187.421	150	0.915	-7.903089986991944
208797.389	150	0.92	-7.903089986991944
209759.956	150	0.925	-7.903089986991944
210203.17	150	0.93	-7.903089986991944
212021.857	150	0.935	-7.903089986991944
212645.99	150	0.94	-7.903089986991944
214897.245	150	0.945	-7.903089986991944
216793.786	150	0.95	-7.903089986991944
218023.314	150	0.955	-7.903089986991944
221143.766	150	0.96	-7.903089986991944
222455.637	150	0.965	-7.903089986991944
224646.009	150	0.97	-7.903089986991944
229547.536	150	0.975	-7.903089986991944
234583.857	150	0.98	-7.903089986991944
238472.34	150	0.985	-7.903089986991944
248874.571	150	0.99	-7.903089986991944
258069.362	150	0.995	-7.903089986991944
178235.055	175	0.5	-7.903089986991944
178445.571	175	0.505	-7.903089986991944
178751.84	175	0.51	-7.903089986991944
179067.757	175	0.515	-7.903089986991944
179365.771	175	0.52	-7.903089986991944
179689.363	175	0.525	-7.903089986991944
180109.362	175	0.53	-7.903089986991944
180371.26	175	0.535	-7.903089986991944
180954.171	175	0.54	-7.903089986991944
181516.325	175	0.545	-7.903089986991944
181681.962	175	0.55	-7.903089986991944
181917.524	175	0.555	-7.903089986991944
182499.657	175	0.56	-7.903089986991944
183082.623	175	0.565	-7.903089986991944
183269.6	175	0.57	-7.903089986991944
183614.696	175	0.575	-7.903089986991944
183872.236	175	0.58	-7.903089986991944
184163.877	175	0.585	-7.903089986991944
184756.127	175	0.59	-7.903089986991944
185045.722	175	0.595	-7.903089986991944
185261.506	175	0.6	-7.903089986991944
185831.529	175	0.605	-7.903089986991944
186274.08	175	0.61	-7.903089986991944
186600.876	175	0.615	-7.903089986991944
186939.469	175	0.62	-7.903089986991944
187298.723	175	0.625	-7.903089986991944
187762.002	175	0.63	-7.903089986991944
187859.091	175	0.635	-7.903089986991944
188257.336	175	0.64	-7.903089986991944
188577.644	175	0.645	-7.903089986991944
188918.45	175	0.65	-7.903089986991944
189308.367	175	0.655	-7.903089986991944
189620.862	175	0.66	-7.903089986991944
190393.398	175	0.665	-7.903089986991944
190845.168	175	0.67	-7.903089986991944
191306.393	175	0.675	-7.903089986991944
191702.629	175	0.68	-7.903089986991944
192058.963	175	0.685	-7.903089986991944
192483.435	175	0.69	-7.903089986991944
192873.399	175	0.695	-7.903089986991944
193153.5	175	0.7	-7.903089986991944
193588.422	175	0.705	-7.903089986991944
193890.106	175	0.71	-7.903089986991944
194212.65	175	0.715	-7.903089986991944
194408.997	175	0.72	-7.903089986991944
194975.332	175	0.725	-7.903089986991944
195468.752	175	0.73	-7.903089986991944
196140.9	175	0.735	-7.903089986991944
196628.392	175	0.74	-7.903089986991944
196861.017	175	0.745	-7.903089986991944
197056.758	175	0.75	-7.903089986991944
197424.883	175	0.755	-7.903089986991944
197897.623	175	0.76	-7.903089986991944
198312.171	175	0.765	-7.903089986991944
199076.109	175	0.77	-7.903089986991944
199828.286	175	0.775	-7.903089986991944
200201.333	175	0.78	-7.903089986991944
200839.593	175	0.785	-7.903089986991944
201743.329	175	0.79	-7.903089986991944
202711.299	175	0.795	-7.903089986991944
203293.143	175	0.8	-7.903089986991944
203495.85	175	0.805	-7.903089986991944
203998.143	175	0.81	-7.903089986991944
204277.78	175	0.815	-7.903089986991944
204906.068	175	0.82	-7.903089986991944
205517.513	175	0.825	-7.903089986991944
206092.374	175	0.83	-7.903089986991944
206552.361	175	0.835	-7.903089986991944
206934.766	175	0.84	-7.903089986991944
207415.112	175	0.845	-7.903089986991944
207824.907	175	0.85	-7.903089986991944
208479.779	175	0.855	-7.903089986991944
208997.291	175	0.86	-7.903089986991944
209663.252	175	0.865	-7.903089986991944
210052.914	175	0.87	-7.903089986991944
210600.833	175	0.875	-7.903089986991944
210859.609	175	0.88	-7.903089986991944
211441.318	175	0.885	-7.903089986991944
212172.029	175	0.89	-7.903089986991944
212801.255	175	0.895	-7.903089986991944
213435.385	175	0.9	-7.903089986991944
213983.186	175	0.905	-7.903089986991944
214425.132	175	0.91	-7.903089986991944
215377.806	175	0.915	-7.903089986991944
215606.298	175	0.92	-7.903089986991944
216245.25	175	0.925	-7.903089986991944
217767.586	175	0.93	-7.903089986991944
219687.489	175	0.935	-7.903089986991944
221752.886	175	0.94	-7.903089986991944
224633.136	175	0.945	-7.903089986991944
225486.357	175	0.95	-7.903089986991944
225723.777	175	0.955	-7.903089986991944
228729.603	175	0.96	-7.903089986991944
230306.486	175	0.965	-7.903089986991944
233701.921	175	0.97	-7.903089986991944
238851.325	175	0.975	-7.903089986991944
248936.913	175	0.98	-7.903089986991944
253529.171	175	0.985	-7.903089986991944
259792.743	175	0.99	-7.903089986991944
294994.407	175	0.995	-7.903089986991944
186634.286	200	0.5	-7.903089986991944
187028.422	200	0.505	-7.903089986991944
187368.471	200	0.51	-7.903089986991944
187559.221	200	0.515	-7.903089986991944
187808.343	200	0.52	-7.903089986991944
188504.82	200	0.525	-7.903089986991944
188763.057	200	0.53	-7.903089986991944
189086.724	200	0.535	-7.903089986991944
189343.914	200	0.54	-7.903089986991944
189698.777	200	0.545	-7.903089986991944
189988.518	200	0.55	-7.903089986991944
190275.319	200	0.555	-7.903089986991944
190603.411	200	0.56	-7.903089986991944
190934.996	200	0.565	-7.903089986991944
191349.456	200	0.57	-7.903089986991944
192095.804	200	0.575	-7.903089986991944
192420.573	200	0.58	-7.903089986991944
192621.371	200	0.585	-7.903089986991944
192888.573	200	0.59	-7.903089986991944
193112.791	200	0.595	-7.903089986991944
193304.764	200	0.6	-7.903089986991944
193521.331	200	0.605	-7.903089986991944
193711.178	200	0.61	-7.903089986991944
193978.086	200	0.615	-7.903089986991944
194034.819	200	0.62	-7.903089986991944
194292.348	200	0.625	-7.903089986991944
194801.279	200	0.63	-7.903089986991944
195246.024	200	0.635	-7.903089986991944
195978.134	200	0.64	-7.903089986991944
196278.011	200	0.645	-7.903089986991944
196484.336	200	0.65	-7.903089986991944
196799.455	200	0.655	-7.903089986991944
197235.409	200	0.66	-7.903089986991944
197669.783	200	0.665	-7.903089986991944
197898.952	200	0.67	-7.903089986991944
198245.712	200	0.675	-7.903089986991944
198491.817	200	0.68	-7.903089986991944
198672.645	200	0.685	-7.903089986991944
198925.035	200	0.69	-7.903089986991944
199580.064	200	0.695	-7.903089986991944
200176.571	200	0.7	-7.903089986991944
200299.271	200	0.705	-7.903089986991944
200778.514	200	0.71	-7.903089986991944
201056.745	200	0.715	-7.903089986991944
201497.86	200	0.72	-7.903089986991944
201821.786	200	0.725	-7.903089986991944
202111.833	200	0.73	-7.903089986991944
202444.903	200	0.735	-7.903089986991944
202891.124	200	0.74	-7.903089986991944
203085.986	200	0.745	-7.903089986991944
203601.929	200	0.75	-7.903089986991944
203799.244	200	0.755	-7.903089986991944
204072.576	200	0.76	-7.903089986991944
204707.114	200	0.765	-7.903089986991944
205138.916	200	0.77	-7.903089986991944
205570.429	200	0.775	-7.903089986991944
206077.981	200	0.78	-7.903089986991944
206342.452	200	0.785	-7.903089986991944
207213.871	200	0.79	-7.903089986991944
207592.101	200	0.795	-7.903089986991944
208079.829	200	0.8	-7.903089986991944
208312.395	200	0.805	-7.903089986991944
208969.786	200	0.81	-7.903089986991944
209603.649	200	0.815	-7.903089986991944
210449.527	200	0.82	-7.903089986991944
211169.286	200	0.825	-7.903089986991944
211394.124	200	0.83	-7.903089986991944
211608.088	200	0.835	-7.903089986991944
212373.886	200	0.84	-7.903089986991944
212842.183	200	0.845	-7.903089986991944
213103.764	200	0.85	-7.903089986991944
213772.547	200	0.855	-7.903089986991944
213980.543	200	0.86	-7.903089986991944
214548.279	200	0.865	-7.903089986991944
215182.713	200	0.87	-7.903089986991944
216036.188	200	0.875	-7.903089986991944
216480.425	200	0.88	-7.903089986991944
216807.278	200	0.885	-7.903089986991944
218132.971	200	0.89	-7.903089986991944
218884.193	200	0.895	-7.903089986991944
219796.521	200	0.9	-7.903089986991944
221151.645	200	0.905	-7.903089986991944
221515.358	200	0.91	-7.903089986991944
222664.371	200	0.915	-7.903089986991944
224504.703	200	0.92	-7.903089986991944
226766.0	200	0.925	-7.903089986991944
227639.879	200	0.93	-7.903089986991944
228017.619	200	0.935	-7.903089986991944
228853.314	200	0.94	-7.903089986991944
230670.378	200	0.945	-7.903089986991944
232786.786	200	0.95	-7.903089986991944
234254.501	200	0.955	-7.903089986991944
236982.96	200	0.96	-7.903089986991944
239255.453	200	0.965	-7.903089986991944
239910.504	200	0.97	-7.903089986991944
242340.352	200	0.975	-7.903089986991944
244256.971	200	0.98	-7.903089986991944
246685.079	200	0.985	-7.903089986991944
252831.901	200	0.99	-7.903089986991944
268092.978	200	0.995	-7.903089986991944
198174.709	225	0.5	-7.903089986991944
198476.225	225	0.505	-7.903089986991944
198924.064	225	0.51	-7.903089986991944
199160.564	225	0.515	-7.903089986991944
199459.751	225	0.52	-7.903089986991944
199726.364	225	0.525	-7.903089986991944
199940.321	225	0.53	-7.903089986991944
200082.514	225	0.535	-7.903089986991944
200454.441	225	0.54	-7.903089986991944
200812.753	225	0.545	-7.903089986991944
201117.571	225	0.55	-7.903089986991944
201514.014	225	0.555	-7.903089986991944
201916.062	225	0.56	-7.903089986991944
202041.132	225	0.565	-7.903089986991944
202134.898	225	0.57	-7.903089986991944
202474.179	225	0.575	-7.903089986991944
202876.143	225	0.58	-7.903089986991944
202995.406	225	0.585	-7.903089986991944
203151.213	225	0.59	-7.903089986991944
203732.366	225	0.595	-7.903089986991944
203879.171	225	0.6	-7.903089986991944
204060.341	225	0.605	-7.903089986991944
204326.413	225	0.61	-7.903089986991944
204646.776	225	0.615	-7.903089986991944
204835.769	225	0.62	-7.903089986991944
205059.643	225	0.625	-7.903089986991944
205679.812	225	0.63	-7.903089986991944
205892.313	225	0.635	-7.903089986991944
206272.503	225	0.64	-7.903089986991944
206693.362	225	0.645	-7.903089986991944
207025.0	225	0.65	-7.903089986991944
207392.171	225	0.655	-7.903089986991944
207708.79	225	0.66	-7.903089986991944
208039.1	225	0.665	-7.903089986991944
208196.996	225	0.67	-7.903089986991944
208392.132	225	0.675	-7.903089986991944
208803.886	225	0.68	-7.903089986991944
209664.58	225	0.685	-7.903089986991944
210000.443	225	0.69	-7.903089986991944
210359.964	225	0.695	-7.903089986991944
210668.857	225	0.7	-7.903089986991944
210881.657	225	0.705	-7.903089986991944
211169.308	225	0.71	-7.903089986991944
211449.364	225	0.715	-7.903089986991944
211828.286	225	0.72	-7.903089986991944
212042.889	225	0.725	-7.903089986991944
212776.835	225	0.73	-7.903089986991944
213021.307	225	0.735	-7.903089986991944
213342.633	225	0.74	-7.903089986991944
213737.707	225	0.745	-7.903089986991944
214165.339	225	0.75	-7.903089986991944
214402.244	225	0.755	-7.903089986991944
214944.686	225	0.76	-7.903089986991944
215654.546	225	0.765	-7.903089986991944
216274.39	225	0.77	-7.903089986991944
216743.02	225	0.775	-7.903089986991944
217080.143	225	0.78	-7.903089986991944
217719.713	225	0.785	-7.903089986991944
218413.307	225	0.79	-7.903089986991944
218829.986	225	0.795	-7.903089986991944
219503.171	225	0.8	-7.903089986991944
220021.611	225	0.805	-7.903089986991944
220625.078	225	0.81	-7.903089986991944
221129.221	225	0.815	-7.903089986991944
221713.654	225	0.82	-7.903089986991944
222308.702	225	0.825	-7.903089986991944
222752.276	225	0.83	-7.903089986991944
223316.414	225	0.835	-7.903089986991944
223982.591	225	0.84	-7.903089986991944
224814.55	225	0.845	-7.903089986991944
225390.335	225	0.85	-7.903089986991944
225912.794	225	0.855	-7.903089986991944
226576.433	225	0.86	-7.903089986991944
227150.431	225	0.865	-7.903089986991944
228139.124	225	0.87	-7.903089986991944
228574.991	225	0.875	-7.903089986991944
229306.419	225	0.88	-7.903089986991944
230023.429	225	0.885	-7.903089986991944
230639.136	225	0.89	-7.903089986991944
231077.064	225	0.895	-7.903089986991944
232236.143	225	0.9	-7.903089986991944
234322.271	225	0.905	-7.903089986991944
234753.123	225	0.91	-7.903089986991944
235634.819	225	0.915	-7.903089986991944
237149.714	225	0.92	-7.903089986991944
237967.821	225	0.925	-7.903089986991944
239408.584	225	0.93	-7.903089986991944
241509.447	225	0.935	-7.903089986991944
242694.239	225	0.94	-7.903089986991944
245331.321	225	0.945	-7.903089986991944
248078.429	225	0.95	-7.903089986991944
250235.972	225	0.955	-7.903089986991944
253559.317	225	0.96	-7.903089986991944
255504.386	225	0.965	-7.903089986991944
258616.315	225	0.97	-7.903089986991944
261730.575	225	0.975	-7.903089986991944
264966.336	225	0.98	-7.903089986991944
269061.107	225	0.985	-7.903089986991944
270922.086	225	0.99	-7.903089986991944
277640.814	225	0.995	-7.903089986991944
207262.398	250	0.5	-7.903089986991944
207607.593	250	0.505	-7.903089986991944
208021.727	250	0.51	-7.903089986991944
208186.724	250	0.515	-7.903089986991944
208624.711	250	0.52	-7.903089986991944
209183.672	250	0.525	-7.903089986991944
209303.126	250	0.53	-7.903089986991944
209747.043	250	0.535	-7.903089986991944
210004.516	250	0.54	-7.903089986991944
210342.275	250	0.545	-7.903089986991944
210765.65	250	0.55	-7.903089986991944
211414.839	250	0.555	-7.903089986991944
211557.771	250	0.56	-7.903089986991944
211949.907	250	0.565	-7.903089986991944
212085.691	250	0.57	-7.903089986991944
212256.352	250	0.575	-7.903089986991944
212533.826	250	0.58	-7.903089986991944
212766.719	250	0.585	-7.903089986991944
213013.861	250	0.59	-7.903089986991944
213280.728	250	0.595	-7.903089986991944
213431.829	250	0.6	-7.903089986991944
213654.842	250	0.605	-7.903089986991944
213867.839	250	0.61	-7.903089986991944
214050.042	250	0.615	-7.903089986991944
214239.429	250	0.62	-7.903089986991944
214343.434	250	0.625	-7.903089986991944
214709.971	250	0.63	-7.903089986991944
215028.621	250	0.635	-7.903089986991944
215852.857	250	0.64	-7.903089986991944
216180.666	250	0.645	-7.903089986991944
216424.614	250	0.65	-7.903089986991944
216643.077	250	0.655	-7.903089986991944
217083.637	250	0.66	-7.903089986991944
217535.668	250	0.665	-7.903089986991944
217838.002	250	0.67	-7.903089986991944
218161.33	250	0.675	-7.903089986991944
218471.257	250	0.68	-7.903089986991944
218720.271	250	0.685	-7.903089986991944
219230.487	250	0.69	-7.903089986991944
219707.432	250	0.695	-7.903089986991944
220258.571	250	0.7	-7.903089986991944
220634.543	250	0.705	-7.903089986991944
220849.618	250	0.71	-7.903089986991944
221063.484	250	0.715	-7.903089986991944
221313.294	250	0.72	-7.903089986991944
221763.934	250	0.725	-7.903089986991944
222196.713	250	0.73	-7.903089986991944
222691.117	250	0.735	-7.903089986991944
222934.923	250	0.74	-7.903089986991944
223356.386	250	0.745	-7.903089986991944
223851.393	250	0.75	-7.903089986991944
224180.657	250	0.755	-7.903089986991944
224665.086	250	0.76	-7.903089986991944
225143.311	250	0.765	-7.903089986991944
225413.243	250	0.77	-7.903089986991944
225733.679	250	0.775	-7.903089986991944
226290.031	250	0.78	-7.903089986991944
226732.401	250	0.785	-7.903089986991944
227261.315	250	0.79	-7.903089986991944
227622.585	250	0.795	-7.903089986991944
227923.714	250	0.8	-7.903089986991944
228828.865	250	0.805	-7.903089986991944
229139.426	250	0.81	-7.903089986991944
229593.865	250	0.815	-7.903089986991944
230457.553	250	0.82	-7.903089986991944
230831.536	250	0.825	-7.903089986991944
231146.014	250	0.83	-7.903089986991944
231900.579	250	0.835	-7.903089986991944
232155.726	250	0.84	-7.903089986991944
232690.072	250	0.845	-7.903089986991944
233391.939	250	0.85	-7.903089986991944
234043.272	250	0.855	-7.903089986991944
234959.171	250	0.86	-7.903089986991944
235463.605	250	0.865	-7.903089986991944
236237.574	250	0.87	-7.903089986991944
236657.911	250	0.875	-7.903089986991944
237189.086	250	0.88	-7.903089986991944
237585.943	250	0.885	-7.903089986991944
238663.665	250	0.89	-7.903089986991944
239101.095	250	0.895	-7.903089986991944
240812.243	250	0.9	-7.903089986991944
241679.909	250	0.905	-7.903089986991944
242740.743	250	0.91	-7.903089986991944
244787.657	250	0.915	-7.903089986991944
245856.52	250	0.92	-7.903089986991944
247231.73	250	0.925	-7.903089986991944
248133.287	250	0.93	-7.903089986991944
249913.244	250	0.935	-7.903089986991944
250906.963	250	0.94	-7.903089986991944
252427.129	250	0.945	-7.903089986991944
254360.357	250	0.95	-7.903089986991944
257038.65	250	0.955	-7.903089986991944
258795.771	250	0.96	-7.903089986991944
261685.386	250	0.965	-7.903089986991944
262814.808	250	0.97	-7.903089986991944
266271.893	250	0.975	-7.903089986991944
273634.4	250	0.98	-7.903089986991944
290551.526	250	0.985	-7.903089986991944
304554.443	250	0.99	-7.903089986991944
347501.6	250	0.995	-7.903089986991944
215336.464	275	0.5	-7.903089986991944
215882.664	275	0.505	-7.903089986991944
216289.876	275	0.51	-7.903089986991944
216621.908	275	0.515	-7.903089986991944
217033.066	275	0.52	-7.903089986991944
217536.895	275	0.525	-7.903089986991944
217803.843	275	0.53	-7.903089986991944
218067.876	275	0.535	-7.903089986991944
218221.943	275	0.54	-7.903089986991944
218617.8	275	0.545	-7.903089986991944
218929.357	275	0.55	-7.903089986991944
219334.016	275	0.555	-7.903089986991944
219771.057	275	0.56	-7.903089986991944
220133.09	275	0.565	-7.903089986991944
220500.669	275	0.57	-7.903089986991944
220899.97	275	0.575	-7.903089986991944
221179.983	275	0.58	-7.903089986991944
221426.386	275	0.585	-7.903089986991944
221672.97	275	0.59	-7.903089986991944
221961.222	275	0.595	-7.903089986991944
222254.257	275	0.6	-7.903089986991944
222442.015	275	0.605	-7.903089986991944
222613.385	275	0.61	-7.903089986991944
223039.807	275	0.615	-7.903089986991944
223563.769	275	0.62	-7.903089986991944
224106.964	275	0.625	-7.903089986991944
224332.979	275	0.63	-7.903089986991944
224423.421	275	0.635	-7.903089986991944
224735.429	275	0.64	-7.903089986991944
225117.064	275	0.645	-7.903089986991944
225377.211	275	0.65	-7.903089986991944
225833.803	275	0.655	-7.903089986991944
226222.82	275	0.66	-7.903089986991944
226472.507	275	0.665	-7.903089986991944
226718.471	275	0.67	-7.903089986991944
226940.87	275	0.675	-7.903089986991944
227103.9	275	0.68	-7.903089986991944
227798.138	275	0.685	-7.903089986991944
228832.429	275	0.69	-7.903089986991944
229322.779	275	0.695	-7.903089986991944
229626.714	275	0.7	-7.903089986991944
229939.078	275	0.705	-7.903089986991944
230227.769	275	0.71	-7.903089986991944
230611.95	275	0.715	-7.903089986991944
230932.12	275	0.72	-7.903089986991944
231542.866	275	0.725	-7.903089986991944
231791.953	275	0.73	-7.903089986991944
231902.091	275	0.735	-7.903089986991944
232213.1	275	0.74	-7.903089986991944
232522.802	275	0.745	-7.903089986991944
233397.143	275	0.75	-7.903089986991944
233786.79	275	0.755	-7.903089986991944
234049.234	275	0.76	-7.903089986991944
234351.964	275	0.765	-7.903089986991944
234702.908	275	0.77	-7.903089986991944
235090.893	275	0.775	-7.903089986991944
235424.857	275	0.78	-7.903089986991944
236029.599	275	0.785	-7.903089986991944
236608.309	275	0.79	-7.903089986991944
236874.725	275	0.795	-7.903089986991944
237923.771	275	0.8	-7.903089986991944
238254.107	275	0.805	-7.903089986991944
238473.065	275	0.81	-7.903089986991944
238939.642	275	0.815	-7.903089986991944
239153.686	275	0.82	-7.903089986991944
239653.345	275	0.825	-7.903089986991944
239972.545	275	0.83	-7.903089986991944
240284.302	275	0.835	-7.903089986991944
240651.829	275	0.84	-7.903089986991944
241543.547	275	0.845	-7.903089986991944
242055.061	275	0.85	-7.903089986991944
242666.77	275	0.855	-7.903089986991944
243356.204	275	0.86	-7.903089986991944
244079.805	275	0.865	-7.903089986991944
244477.491	275	0.87	-7.903089986991944
244742.321	275	0.875	-7.903089986991944
245371.151	275	0.88	-7.903089986991944
246013.829	275	0.885	-7.903089986991944
247148.329	275	0.89	-7.903089986991944
248563.272	275	0.895	-7.903089986991944
249036.514	275	0.9	-7.903089986991944
249576.82	275	0.905	-7.903089986991944
250574.059	275	0.91	-7.903089986991944
251740.179	275	0.915	-7.903089986991944
254316.28	275	0.92	-7.903089986991944
255091.827	275	0.925	-7.903089986991944
256337.657	275	0.93	-7.903089986991944
257115.757	275	0.935	-7.903089986991944
259229.095	275	0.94	-7.903089986991944
260654.118	275	0.945	-7.903089986991944
262506.714	275	0.95	-7.903089986991944
265445.325	275	0.955	-7.903089986991944
266346.229	275	0.96	-7.903089986991944
267943.515	275	0.965	-7.903089986991944
273141.457	275	0.97	-7.903089986991944
280628.148	275	0.975	-7.903089986991944
287480.797	275	0.98	-7.903089986991944
292376.713	275	0.985	-7.903089986991944
309458.871	275	0.99	-7.903089986991944
324819.329	275	0.995	-7.903089986991944
224164.429	300	0.5	-7.903089986991944
224476.743	300	0.505	-7.903089986991944
224634.029	300	0.51	-7.903089986991944
224801.607	300	0.515	-7.903089986991944
225031.657	300	0.52	-7.903089986991944
225267.0	300	0.525	-7.903089986991944
225494.905	300	0.53	-7.903089986991944
225816.049	300	0.535	-7.903089986991944
226117.699	300	0.54	-7.903089986991944
226346.782	300	0.545	-7.903089986991944
226871.225	300	0.55	-7.903089986991944
227115.531	300	0.555	-7.903089986991944
227468.823	300	0.56	-7.903089986991944
227610.007	300	0.565	-7.903089986991944
227713.1	300	0.57	-7.903089986991944
227963.121	300	0.575	-7.903089986991944
228299.514	300	0.58	-7.903089986991944
228531.335	300	0.585	-7.903089986991944
229088.6	300	0.59	-7.903089986991944
229311.326	300	0.595	-7.903089986991944
229586.0	300	0.6	-7.903089986991944
230134.365	300	0.605	-7.903089986991944
230703.014	300	0.61	-7.903089986991944
231058.77	300	0.615	-7.903089986991944
231326.157	300	0.62	-7.903089986991944
231532.143	300	0.625	-7.903089986991944
231935.26	300	0.63	-7.903089986991944
232115.986	300	0.635	-7.903089986991944
232591.074	300	0.64	-7.903089986991944
232841.293	300	0.645	-7.903089986991944
233124.571	300	0.65	-7.903089986991944
233244.425	300	0.655	-7.903089986991944
233569.191	300	0.66	-7.903089986991944
234113.814	300	0.665	-7.903089986991944
234366.557	300	0.67	-7.903089986991944
234778.5	300	0.675	-7.903089986991944
235137.943	300	0.68	-7.903089986991944
235317.984	300	0.685	-7.903089986991944
235633.808	300	0.69	-7.903089986991944
235795.471	300	0.695	-7.903089986991944
235936.007	300	0.7	-7.903089986991944
236071.528	300	0.705	-7.903089986991944
236544.143	300	0.71	-7.903089986991944
237059.443	300	0.715	-7.903089986991944
237545.943	300	0.72	-7.903089986991944
237906.75	300	0.725	-7.903089986991944
238460.386	300	0.73	-7.903089986991944
238882.426	300	0.735	-7.903089986991944
239212.686	300	0.74	-7.903089986991944
239875.579	300	0.745	-7.903089986991944
240064.661	300	0.75	-7.903089986991944
240451.186	300	0.755	-7.903089986991944
240995.466	300	0.76	-7.903089986991944
241558.226	300	0.765	-7.903089986991944
241889.457	300	0.77	-7.903089986991944
242545.796	300	0.775	-7.903089986991944
243518.97	300	0.78	-7.903089986991944
244545.384	300	0.785	-7.903089986991944
244870.803	300	0.79	-7.903089986991944
245220.26	300	0.795	-7.903089986991944
245650.2	300	0.8	-7.903089986991944
245976.336	300	0.805	-7.903089986991944
246361.156	300	0.81	-7.903089986991944
246809.707	300	0.815	-7.903089986991944
247937.986	300	0.82	-7.903089986991944
248460.655	300	0.825	-7.903089986991944
249346.414	300	0.83	-7.903089986991944
249750.257	300	0.835	-7.903089986991944
250431.603	300	0.84	-7.903089986991944
250851.11	300	0.845	-7.903089986991944
251426.56	300	0.85	-7.903089986991944
252201.25	300	0.855	-7.903089986991944
253051.324	300	0.86	-7.903089986991944
254355.781	300	0.865	-7.903089986991944
254935.729	300	0.87	-7.903089986991944
255282.375	300	0.875	-7.903089986991944
255862.22	300	0.88	-7.903089986991944
256414.633	300	0.885	-7.903089986991944
256935.086	300	0.89	-7.903089986991944
257325.629	300	0.895	-7.903089986991944
258569.271	300	0.9	-7.903089986991944
260662.964	300	0.905	-7.903089986991944
261565.069	300	0.91	-7.903089986991944
263084.106	300	0.915	-7.903089986991944
264055.714	300	0.92	-7.903089986991944
264870.97	300	0.925	-7.903089986991944
266654.005	300	0.93	-7.903089986991944
268877.916	300	0.935	-7.903089986991944
271036.41	300	0.94	-7.903089986991944
271689.402	300	0.945	-7.903089986991944
273634.139	300	0.95	-7.903089986991944
275751.714	300	0.955	-7.903089986991944
279146.629	300	0.96	-7.903089986991944
281211.826	300	0.965	-7.903089986991944
282920.929	300	0.97	-7.903089986991944
292003.429	300	0.975	-7.903089986991944
294531.029	300	0.98	-7.903089986991944
303366.142	300	0.985	-7.903089986991944
319604.535	300	0.99	-7.903089986991944
342149.583	300	0.995	-7.903089986991944
231559.321	325	0.5	-7.903089986991944
231704.2	325	0.505	-7.903089986991944
231935.085	325	0.51	-7.903089986991944
232156.943	325	0.515	-7.903089986991944
232603.326	325	0.52	-7.903089986991944
232857.534	325	0.525	-7.903089986991944
233045.614	325	0.53	-7.903089986991944
233447.484	325	0.535	-7.903089986991944
233712.286	325	0.54	-7.903089986991944
233846.757	325	0.545	-7.903089986991944
234045.611	325	0.55	-7.903089986991944
234290.991	325	0.555	-7.903089986991944
234682.4	325	0.56	-7.903089986991944
234943.743	325	0.565	-7.903089986991944
235200.904	325	0.57	-7.903089986991944
235446.725	325	0.575	-7.903089986991944
235908.514	325	0.58	-7.903089986991944
236348.793	325	0.585	-7.903089986991944
236877.096	325	0.59	-7.903089986991944
237128.57	325	0.595	-7.903089986991944
237431.143	325	0.6	-7.903089986991944
237660.127	325	0.605	-7.903089986991944
237815.315	325	0.61	-7.903089986991944
237987.024	325	0.615	-7.903089986991944
238720.171	325	0.62	-7.903089986991944
239665.67	325	0.625	-7.903089986991944
239895.677	325	0.63	-7.903089986991944
240342.857	325	0.635	-7.903089986991944
240515.474	325	0.64	-7.903089986991944
240693.879	325	0.645	-7.903089986991944
241569.036	325	0.65	-7.903089986991944
241957.107	325	0.655	-7.903089986991944
242234.504	325	0.66	-7.903089986991944
242587.664	325	0.665	-7.903089986991944
242925.248	325	0.67	-7.903089986991944
243158.857	325	0.675	-7.903089986991944
243642.0	325	0.68	-7.903089986991944
243878.357	325	0.685	-7.903089986991944
244307.413	325	0.69	-7.903089986991944
244738.196	325	0.695	-7.903089986991944
245161.907	325	0.7	-7.903089986991944
245423.486	325	0.705	-7.903089986991944
245697.043	325	0.71	-7.903089986991944
246062.779	325	0.715	-7.903089986991944
246444.731	325	0.72	-7.903089986991944
246660.536	325	0.725	-7.903089986991944
247027.252	325	0.73	-7.903089986991944
247255.641	325	0.735	-7.903089986991944
247654.969	325	0.74	-7.903089986991944
247772.204	325	0.745	-7.903089986991944
247913.214	325	0.75	-7.903089986991944
248182.014	325	0.755	-7.903089986991944
248379.56	325	0.76	-7.903089986991944
248637.94	325	0.765	-7.903089986991944
249069.045	325	0.77	-7.903089986991944
249424.23	325	0.775	-7.903089986991944
249925.457	325	0.78	-7.903089986991944
250318.579	325	0.785	-7.903089986991944
251154.47	325	0.79	-7.903089986991944
251738.936	325	0.795	-7.903089986991944
252222.957	325	0.8	-7.903089986991944
253269.579	325	0.805	-7.903089986991944
253587.129	325	0.81	-7.903089986991944
254109.878	325	0.815	-7.903089986991944
254406.729	325	0.82	-7.903089986991944
255381.273	325	0.825	-7.903089986991944
255916.111	325	0.83	-7.903089986991944
256767.786	325	0.835	-7.903089986991944
257406.914	325	0.84	-7.903089986991944
257770.214	325	0.845	-7.903089986991944
258074.643	325	0.85	-7.903089986991944
258408.729	325	0.855	-7.903089986991944
259489.996	325	0.86	-7.903089986991944
259855.286	325	0.865	-7.903089986991944
260500.671	325	0.87	-7.903089986991944
260931.25	325	0.875	-7.903089986991944
261812.391	325	0.88	-7.903089986991944
262289.236	325	0.885	-7.903089986991944
262814.114	325	0.89	-7.903089986991944
262994.714	325	0.895	-7.903089986991944
263763.579	325	0.9	-7.903089986991944
263930.478	325	0.905	-7.903089986991944
264920.532	325	0.91	-7.903089986991944
265051.726	325	0.915	-7.903089986991944
265709.143	325	0.92	-7.903089986991944
268077.159	325	0.925	-7.903089986991944
269386.695	325	0.93	-7.903089986991944
270852.499	325	0.935	-7.903089986991944
271958.0	325	0.94	-7.903089986991944
272466.879	325	0.945	-7.903089986991944
274150.768	325	0.95	-7.903089986991944
276246.443	325	0.955	-7.903089986991944
279013.089	325	0.96	-7.903089986991944
280949.336	325	0.965	-7.903089986991944
283244.857	325	0.97	-7.903089986991944
286556.0	325	0.975	-7.903089986991944
293974.371	325	0.98	-7.903089986991944
299580.036	325	0.985	-7.903089986991944
312765.714	325	0.99	-7.903089986991944
352075.029	325	0.995	-7.903089986991944
237227.857	350	0.5	-7.903089986991944
237368.464	350	0.505	-7.903089986991944
237621.286	350	0.51	-7.903089986991944
237819.571	350	0.515	-7.903089986991944
238170.629	350	0.52	-7.903089986991944
238611.107	350	0.525	-7.903089986991944
238893.562	350	0.53	-7.903089986991944
239166.281	350	0.535	-7.903089986991944
239275.637	350	0.54	-7.903089986991944
239745.421	350	0.545	-7.903089986991944
240093.404	350	0.55	-7.903089986991944
240477.832	350	0.555	-7.903089986991944
240842.686	350	0.56	-7.903089986991944
241241.036	350	0.565	-7.903089986991944
241490.843	350	0.57	-7.903089986991944
241657.398	350	0.575	-7.903089986991944
241772.871	350	0.58	-7.903089986991944
242192.55	350	0.585	-7.903089986991944
242536.991	350	0.59	-7.903089986991944
243240.379	350	0.595	-7.903089986991944
243404.857	350	0.6	-7.903089986991944
243728.534	350	0.605	-7.903089986991944
244120.871	350	0.61	-7.903089986991944
244452.906	350	0.615	-7.903089986991944
244770.657	350	0.62	-7.903089986991944
245429.339	350	0.625	-7.903089986991944
245881.345	350	0.63	-7.903089986991944
246123.578	350	0.635	-7.903089986991944
246694.914	350	0.64	-7.903089986991944
246991.386	350	0.645	-7.903089986991944
247291.096	350	0.65	-7.903089986991944
247492.326	350	0.655	-7.903089986991944
247959.714	350	0.66	-7.903089986991944
248392.419	350	0.665	-7.903089986991944
248547.378	350	0.67	-7.903089986991944
248941.273	350	0.675	-7.903089986991944
249250.514	350	0.68	-7.903089986991944
249890.114	350	0.685	-7.903089986991944
250159.257	350	0.69	-7.903089986991944
250554.384	350	0.695	-7.903089986991944
250917.55	350	0.7	-7.903089986991944
251264.158	350	0.705	-7.903089986991944
251482.614	350	0.71	-7.903089986991944
251955.405	350	0.715	-7.903089986991944
252538.477	350	0.72	-7.903089986991944
252879.984	350	0.725	-7.903089986991944
253245.205	350	0.73	-7.903089986991944
253682.443	350	0.735	-7.903089986991944
254208.196	350	0.74	-7.903089986991944
255227.189	350	0.745	-7.903089986991944
255632.5	350	0.75	-7.903089986991944
256580.71	350	0.755	-7.903089986991944
257001.2	350	0.76	-7.903089986991944
257558.129	350	0.765	-7.903089986991944
258063.737	350	0.77	-7.903089986991944
258329.888	350	0.775	-7.903089986991944
258750.8	350	0.78	-7.903089986991944
259448.721	350	0.785	-7.903089986991944
259747.942	350	0.79	-7.903089986991944
260242.985	350	0.795	-7.903089986991944
260608.886	350	0.8	-7.903089986991944
261434.385	350	0.805	-7.903089986991944
262167.044	350	0.81	-7.903089986991944
262918.991	350	0.815	-7.903089986991944
263143.626	350	0.82	-7.903089986991944
263979.22	350	0.825	-7.903089986991944
264663.133	350	0.83	-7.903089986991944
265038.914	350	0.835	-7.903089986991944
265920.697	350	0.84	-7.903089986991944
266362.296	350	0.845	-7.903089986991944
266892.582	350	0.85	-7.903089986991944
268002.916	350	0.855	-7.903089986991944
269049.259	350	0.86	-7.903089986991944
270021.498	350	0.865	-7.903089986991944
270620.071	350	0.87	-7.903089986991944
271847.33	350	0.875	-7.903089986991944
273582.017	350	0.88	-7.903089986991944
274934.118	350	0.885	-7.903089986991944
275709.306	350	0.89	-7.903089986991944
276168.978	350	0.895	-7.903089986991944
276670.143	350	0.9	-7.903089986991944
277537.636	350	0.905	-7.903089986991944
278443.514	350	0.91	-7.903089986991944
279936.856	350	0.915	-7.903089986991944
280625.16	350	0.92	-7.903089986991944
283693.357	350	0.925	-7.903089986991944
286978.057	350	0.93	-7.903089986991944
287696.7	350	0.935	-7.903089986991944
289713.35	350	0.94	-7.903089986991944
294222.376	350	0.945	-7.903089986991944
295289.071	350	0.95	-7.903089986991944
298268.071	350	0.955	-7.903089986991944
301300.883	350	0.96	-7.903089986991944
305288.443	350	0.965	-7.903089986991944
310212.269	350	0.97	-7.903089986991944
315853.816	350	0.975	-7.903089986991944
329136.629	350	0.98	-7.903089986991944
349580.468	350	0.985	-7.903089986991944
387636.699	350	0.99	-7.903089986991944
425934.471	350	0.995	-7.903089986991944
245303.036	375	0.5	-7.903089986991944
245550.8	375	0.505	-7.903089986991944
245812.071	375	0.51	-7.903089986991944
246130.572	375	0.515	-7.903089986991944
246210.026	375	0.52	-7.903089986991944
246322.85	375	0.525	-7.903089986991944
246594.701	375	0.53	-7.903089986991944
247056.807	375	0.535	-7.903089986991944
247289.294	375	0.54	-7.903089986991944
247454.557	375	0.545	-7.903089986991944
247837.032	375	0.55	-7.903089986991944
248226.929	375	0.555	-7.903089986991944
248658.434	375	0.56	-7.903089986991944
248958.386	375	0.565	-7.903089986991944
249234.755	375	0.57	-7.903089986991944
249481.071	375	0.575	-7.903089986991944
249616.646	375	0.58	-7.903089986991944
249857.986	375	0.585	-7.903089986991944
250470.343	375	0.59	-7.903089986991944
251218.079	375	0.595	-7.903089986991944
251423.514	375	0.6	-7.903089986991944
251817.518	375	0.605	-7.903089986991944
252054.3	375	0.61	-7.903089986991944
252657.493	375	0.615	-7.903089986991944
252984.729	375	0.62	-7.903089986991944
253131.295	375	0.625	-7.903089986991944
253501.089	375	0.63	-7.903089986991944
253913.604	375	0.635	-7.903089986991944
254238.871	375	0.64	-7.903089986991944
254550.099	375	0.645	-7.903089986991944
254770.643	375	0.65	-7.903089986991944
255103.421	375	0.655	-7.903089986991944
255261.759	375	0.66	-7.903089986991944
255705.881	375	0.665	-7.903089986991944
256138.571	375	0.67	-7.903089986991944
256332.786	375	0.675	-7.903089986991944
256971.949	375	0.68	-7.903089986991944
257199.67	375	0.685	-7.903089986991944
257715.741	375	0.69	-7.903089986991944
258153.877	375	0.695	-7.903089986991944
258405.0	375	0.7	-7.903089986991944
258631.064	375	0.705	-7.903089986991944
258954.514	375	0.71	-7.903089986991944
259306.529	375	0.715	-7.903089986991944
259885.709	375	0.72	-7.903089986991944
260253.586	375	0.725	-7.903089986991944
260920.02	375	0.73	-7.903089986991944
261295.19	375	0.735	-7.903089986991944
261994.657	375	0.74	-7.903089986991944
262344.793	375	0.745	-7.903089986991944
262981.839	375	0.75	-7.903089986991944
263245.448	375	0.755	-7.903089986991944
263733.657	375	0.76	-7.903089986991944
264474.388	375	0.765	-7.903089986991944
265248.3	375	0.77	-7.903089986991944
265916.536	375	0.775	-7.903089986991944
266296.571	375	0.78	-7.903089986991944
266698.62	375	0.785	-7.903089986991944
267335.258	375	0.79	-7.903089986991944
267534.608	375	0.795	-7.903089986991944
267970.843	375	0.8	-7.903089986991944
268617.314	375	0.805	-7.903089986991944
269745.258	375	0.81	-7.903089986991944
270421.726	375	0.815	-7.903089986991944
271361.114	375	0.82	-7.903089986991944
271544.941	375	0.825	-7.903089986991944
271960.874	375	0.83	-7.903089986991944
272215.567	375	0.835	-7.903089986991944
272939.26	375	0.84	-7.903089986991944
273923.907	375	0.845	-7.903089986991944
275253.802	375	0.85	-7.903089986991944
276891.679	375	0.855	-7.903089986991944
277321.039	375	0.86	-7.903089986991944
278340.984	375	0.865	-7.903089986991944
279731.429	375	0.87	-7.903089986991944
280462.821	375	0.875	-7.903089986991944
280736.351	375	0.88	-7.903089986991944
281259.621	375	0.885	-7.903089986991944
282659.117	375	0.89	-7.903089986991944
283398.863	375	0.895	-7.903089986991944
284976.857	375	0.9	-7.903089986991944
286884.186	375	0.905	-7.903089986991944
287479.314	375	0.91	-7.903089986991944
288566.94	375	0.915	-7.903089986991944
289990.457	375	0.92	-7.903089986991944
291511.816	375	0.925	-7.903089986991944
292464.476	375	0.93	-7.903089986991944
294011.293	375	0.935	-7.903089986991944
297469.667	375	0.94	-7.903089986991944
300088.353	375	0.945	-7.903089986991944
303615.639	375	0.95	-7.903089986991944
305203.982	375	0.955	-7.903089986991944
308084.289	375	0.96	-7.903089986991944
310935.593	375	0.965	-7.903089986991944
314793.941	375	0.97	-7.903089986991944
317218.788	375	0.975	-7.903089986991944
324224.229	375	0.98	-7.903089986991944
329265.657	375	0.985	-7.903089986991944
346936.055	375	0.99	-7.903089986991944
388092.15	375	0.995	-7.903089986991944
251207.643	400	0.5	-7.903089986991944
251686.443	400	0.505	-7.903089986991944
251994.6	400	0.51	-7.903089986991944
252240.582	400	0.515	-7.903089986991944
252934.206	400	0.52	-7.903089986991944
253119.111	400	0.525	-7.903089986991944
253464.257	400	0.53	-7.903089986991944
253573.414	400	0.535	-7.903089986991944
253766.539	400	0.54	-7.903089986991944
253937.175	400	0.545	-7.903089986991944
254450.0	400	0.55	-7.903089986991944
254724.496	400	0.555	-7.903089986991944
254983.434	400	0.56	-7.903089986991944
255175.536	400	0.565	-7.903089986991944
255518.808	400	0.57	-7.903089986991944
256140.286	400	0.575	-7.903089986991944
256377.556	400	0.58	-7.903089986991944
256649.536	400	0.585	-7.903089986991944
257095.451	400	0.59	-7.903089986991944
257420.172	400	0.595	-7.903089986991944
258272.857	400	0.6	-7.903089986991944
258510.229	400	0.605	-7.903089986991944
258706.857	400	0.61	-7.903089986991944
258981.943	400	0.615	-7.903089986991944
259144.743	400	0.62	-7.903089986991944
259590.384	400	0.625	-7.903089986991944
259955.994	400	0.63	-7.903089986991944
260369.805	400	0.635	-7.903089986991944
260897.2	400	0.64	-7.903089986991944
261153.786	400	0.645	-7.903089986991944
261434.4	400	0.65	-7.903089986991944
261874.828	400	0.655	-7.903089986991944
262119.2	400	0.66	-7.903089986991944
263037.386	400	0.665	-7.903089986991944
263300.247	400	0.67	-7.903089986991944
263631.355	400	0.675	-7.903089986991944
264366.766	400	0.68	-7.903089986991944
264699.026	400	0.685	-7.903089986991944
265067.614	400	0.69	-7.903089986991944
265295.794	400	0.695	-7.903089986991944
265728.429	400	0.7	-7.903089986991944
266265.924	400	0.705	-7.903089986991944
266837.579	400	0.71	-7.903089986991944
267217.322	400	0.715	-7.903089986991944
267460.914	400	0.72	-7.903089986991944
267822.234	400	0.725	-7.903089986991944
268246.757	400	0.73	-7.903089986991944
268707.445	400	0.735	-7.903089986991944
269275.614	400	0.74	-7.903089986991944
269604.13	400	0.745	-7.903089986991944
270091.411	400	0.75	-7.903089986991944
270629.904	400	0.755	-7.903089986991944
270950.68	400	0.76	-7.903089986991944
271473.567	400	0.765	-7.903089986991944
272844.046	400	0.77	-7.903089986991944
273563.373	400	0.775	-7.903089986991944
274249.93	400	0.78	-7.903089986991944
274847.871	400	0.785	-7.903089986991944
275395.057	400	0.79	-7.903089986991944
275870.493	400	0.795	-7.903089986991944
276070.857	400	0.8	-7.903089986991944
276586.092	400	0.805	-7.903089986991944
277231.329	400	0.81	-7.903089986991944
277958.669	400	0.815	-7.903089986991944
278454.143	400	0.82	-7.903089986991944
278845.0	400	0.825	-7.903089986991944
279750.166	400	0.83	-7.903089986991944
280784.629	400	0.835	-7.903089986991944
281398.917	400	0.84	-7.903089986991944
282102.557	400	0.845	-7.903089986991944
282553.489	400	0.85	-7.903089986991944
282962.451	400	0.855	-7.903089986991944
283993.75	400	0.86	-7.903089986991944
284632.453	400	0.865	-7.903089986991944
285565.261	400	0.87	-7.903089986991944
285944.107	400	0.875	-7.903089986991944
287179.337	400	0.88	-7.903089986991944
288039.081	400	0.885	-7.903089986991944
289074.957	400	0.89	-7.903089986991944
290452.372	400	0.895	-7.903089986991944
291448.0	400	0.9	-7.903089986991944
292221.068	400	0.905	-7.903089986991944
293683.836	400	0.91	-7.903089986991944
295530.068	400	0.915	-7.903089986991944
298985.577	400	0.92	-7.903089986991944
300453.643	400	0.925	-7.903089986991944
302329.619	400	0.93	-7.903089986991944
306448.676	400	0.935	-7.903089986991944
308995.943	400	0.94	-7.903089986991944
311693.589	400	0.945	-7.903089986991944
314731.582	400	0.95	-7.903089986991944
320611.577	400	0.955	-7.903089986991944
324399.657	400	0.96	-7.903089986991944
327639.569	400	0.965	-7.903089986991944
337492.043	400	0.97	-7.903089986991944
341351.289	400	0.975	-7.903089986991944
345997.4	400	0.98	-7.903089986991944
349767.326	400	0.985	-7.903089986991944
369757.301	400	0.99	-7.903089986991944
403523.919	400	0.995	-7.903089986991944
256055.714	425	0.5	-7.903089986991944
256328.471	425	0.505	-7.903089986991944
256748.929	425	0.51	-7.903089986991944
257117.787	425	0.515	-7.903089986991944
257722.229	425	0.52	-7.903089986991944
258207.066	425	0.525	-7.903089986991944
258581.904	425	0.53	-7.903089986991944
258911.474	425	0.535	-7.903089986991944
259349.477	425	0.54	-7.903089986991944
259521.382	425	0.545	-7.903089986991944
259710.293	425	0.55	-7.903089986991944
260520.996	425	0.555	-7.903089986991944
261056.563	425	0.56	-7.903089986991944
261581.012	425	0.565	-7.903089986991944
261983.569	425	0.57	-7.903089986991944
262153.214	425	0.575	-7.903089986991944
262500.489	425	0.58	-7.903089986991944
262971.023	425	0.585	-7.903089986991944
263462.243	425	0.59	-7.903089986991944
263998.482	425	0.595	-7.903089986991944
264445.143	425	0.6	-7.903089986991944
264542.059	425	0.605	-7.903089986991944
264821.214	425	0.61	-7.903089986991944
264973.214	425	0.615	-7.903089986991944
265392.714	425	0.62	-7.903089986991944
265800.902	425	0.625	-7.903089986991944
266365.657	425	0.63	-7.903089986991944
266706.921	425	0.635	-7.903089986991944
267173.143	425	0.64	-7.903089986991944
267388.104	425	0.645	-7.903089986991944
267720.761	425	0.65	-7.903089986991944
268231.862	425	0.655	-7.903089986991944
268730.253	425	0.66	-7.903089986991944
269174.786	425	0.665	-7.903089986991944
269365.628	425	0.67	-7.903089986991944
269598.41	425	0.675	-7.903089986991944
270047.68	425	0.68	-7.903089986991944
270336.336	425	0.685	-7.903089986991944
270892.2	425	0.69	-7.903089986991944
271611.5	425	0.695	-7.903089986991944
272020.714	425	0.7	-7.903089986991944
272354.178	425	0.705	-7.903089986991944
273389.444	425	0.71	-7.903089986991944
273643.452	425	0.715	-7.903089986991944
274216.394	425	0.72	-7.903089986991944
274613.759	425	0.725	-7.903089986991944
275905.852	425	0.73	-7.903089986991944
276283.494	425	0.735	-7.903089986991944
276622.194	425	0.74	-7.903089986991944
277059.686	425	0.745	-7.903089986991944
277389.679	425	0.75	-7.903089986991944
277890.618	425	0.755	-7.903089986991944
278917.863	425	0.76	-7.903089986991944
279123.179	425	0.765	-7.903089986991944
279324.801	425	0.77	-7.903089986991944
280322.121	425	0.775	-7.903089986991944
280766.171	425	0.78	-7.903089986991944
281420.307	425	0.785	-7.903089986991944
282192.899	425	0.79	-7.903089986991944
282598.457	425	0.795	-7.903089986991944
282778.0	425	0.8	-7.903089986991944
283263.478	425	0.805	-7.903089986991944
284122.772	425	0.81	-7.903089986991944
285108.673	425	0.815	-7.903089986991944
285648.853	425	0.82	-7.903089986991944
286257.479	425	0.825	-7.903089986991944
286618.029	425	0.83	-7.903089986991944
287745.514	425	0.835	-7.903089986991944
288042.849	425	0.84	-7.903089986991944
288838.7	425	0.845	-7.903089986991944
289239.111	425	0.85	-7.903089986991944
290334.283	425	0.855	-7.903089986991944
290870.571	425	0.86	-7.903089986991944
292037.164	425	0.865	-7.903089986991944
293195.429	425	0.87	-7.903089986991944
294183.357	425	0.875	-7.903089986991944
294988.066	425	0.88	-7.903089986991944
295664.91	425	0.885	-7.903089986991944
297662.297	425	0.89	-7.903089986991944
299707.036	425	0.895	-7.903089986991944
301182.607	425	0.9	-7.903089986991944
302200.75	425	0.905	-7.903089986991944
304475.614	425	0.91	-7.903089986991944
306539.529	425	0.915	-7.903089986991944
308329.56	425	0.92	-7.903089986991944
310037.214	425	0.925	-7.903089986991944
312000.871	425	0.93	-7.903089986991944
314282.393	425	0.935	-7.903089986991944
315669.58	425	0.94	-7.903089986991944
318643.426	425	0.945	-7.903089986991944
322830.029	425	0.95	-7.903089986991944
326192.041	425	0.955	-7.903089986991944
330980.606	425	0.96	-7.903089986991944
333127.366	425	0.965	-7.903089986991944
346191.629	425	0.97	-7.903089986991944
350586.607	425	0.975	-7.903089986991944
359374.006	425	0.98	-7.903089986991944
389843.77	425	0.985	-7.903089986991944
426315.544	425	0.99	-7.903089986991944
458199.243	425	0.995	-7.903089986991944
264887.893	450	0.5	-7.903089986991944
265318.043	450	0.505	-7.903089986991944
265731.186	450	0.51	-7.903089986991944
266126.8	450	0.515	-7.903089986991944
266454.08	450	0.52	-7.903089986991944
266741.713	450	0.525	-7.903089986991944
267196.371	450	0.53	-7.903089986991944
267504.904	450	0.535	-7.903089986991944
268040.331	450	0.54	-7.903089986991944
268116.23	450	0.545	-7.903089986991944
268577.779	450	0.55	-7.903089986991944
269250.854	450	0.555	-7.903089986991944
269734.886	450	0.56	-7.903089986991944
270071.157	450	0.565	-7.903089986991944
270527.534	450	0.57	-7.903089986991944
271036.709	450	0.575	-7.903089986991944
271303.673	450	0.58	-7.903089986991944
271850.626	450	0.585	-7.903089986991944
272368.214	450	0.59	-7.903089986991944
272655.15	450	0.595	-7.903089986991944
273324.571	450	0.6	-7.903089986991944
273857.229	450	0.605	-7.903089986991944
274142.886	450	0.61	-7.903089986991944
274406.152	450	0.615	-7.903089986991944
274544.049	450	0.62	-7.903089986991944
274785.964	450	0.625	-7.903089986991944
275335.28	450	0.63	-7.903089986991944
275720.59	450	0.635	-7.903089986991944
275997.143	450	0.64	-7.903089986991944
276537.168	450	0.645	-7.903089986991944
277033.161	450	0.65	-7.903089986991944
277321.626	450	0.655	-7.903089986991944
277521.747	450	0.66	-7.903089986991944
277961.731	450	0.665	-7.903089986991944
278273.506	450	0.67	-7.903089986991944
278697.464	450	0.675	-7.903089986991944
278879.171	450	0.68	-7.903089986991944
279111.857	450	0.685	-7.903089986991944
279845.535	450	0.69	-7.903089986991944
280116.227	450	0.695	-7.903089986991944
280592.286	450	0.7	-7.903089986991944
281120.342	450	0.705	-7.903089986991944
281545.571	450	0.71	-7.903089986991944
282220.511	450	0.715	-7.903089986991944
282656.497	450	0.72	-7.903089986991944
283582.37	450	0.725	-7.903089986991944
283885.223	450	0.73	-7.903089986991944
284389.746	450	0.735	-7.903089986991944
284805.506	450	0.74	-7.903089986991944
285126.434	450	0.745	-7.903089986991944
285580.0	450	0.75	-7.903089986991944
286165.058	450	0.755	-7.903089986991944
287175.257	450	0.76	-7.903089986991944
287741.448	450	0.765	-7.903089986991944
288457.691	450	0.77	-7.903089986991944
289652.327	450	0.775	-7.903089986991944
290912.987	450	0.78	-7.903089986991944
291646.614	450	0.785	-7.903089986991944
292249.171	450	0.79	-7.903089986991944
292871.386	450	0.795	-7.903089986991944
293085.143	450	0.8	-7.903089986991944
293674.822	450	0.805	-7.903089986991944
294157.852	450	0.81	-7.903089986991944
294284.784	450	0.815	-7.903089986991944
294717.743	450	0.82	-7.903089986991944
295317.843	450	0.825	-7.903089986991944
295808.969	450	0.83	-7.903089986991944
296940.981	450	0.835	-7.903089986991944
297482.54	450	0.84	-7.903089986991944
298085.193	450	0.845	-7.903089986991944
298966.346	450	0.85	-7.903089986991944
299828.647	450	0.855	-7.903089986991944
300454.991	450	0.86	-7.903089986991944
301112.776	450	0.865	-7.903089986991944
301894.891	450	0.87	-7.903089986991944
302501.786	450	0.875	-7.903089986991944
303101.2	450	0.88	-7.903089986991944
304117.743	450	0.885	-7.903089986991944
305161.1	450	0.89	-7.903089986991944
306356.658	450	0.895	-7.903089986991944
307805.729	450	0.9	-7.903089986991944
308484.821	450	0.905	-7.903089986991944
309168.283	450	0.91	-7.903089986991944
310629.357	450	0.915	-7.903089986991944
311593.034	450	0.92	-7.903089986991944
313575.613	450	0.925	-7.903089986991944
317225.043	450	0.93	-7.903089986991944
318766.55	450	0.935	-7.903089986991944
323502.343	450	0.94	-7.903089986991944
324859.168	450	0.945	-7.903089986991944
326877.789	450	0.95	-7.903089986991944
329704.745	450	0.955	-7.903089986991944
332752.297	450	0.96	-7.903089986991944
338754.384	450	0.965	-7.903089986991944
351945.026	450	0.97	-7.903089986991944
368253.805	450	0.975	-7.903089986991944
372605.78	450	0.98	-7.903089986991944
383660.499	450	0.985	-7.903089986991944
405227.309	450	0.99	-7.903089986991944
433305.336	450	0.995	-7.903089986991944
