S*_score	SNP_num	quantile	log(local_recomb_rate)
110950.5	25	0.5	-7.903089986991944
111196.855	25	0.505	-7.903089986991944
111545.219	25	0.51	-7.903089986991944
111683.8	25	0.515	-7.903089986991944
112048.6	25	0.52	-7.903089986991944
113502.0	25	0.525	-7.903089986991944
114532.01	25	0.53	-7.903089986991944
115088.909	25	0.535	-7.903089986991944
115179.6	25	0.54	-7.903089986991944
115356.518	25	0.545	-7.903089986991944
116102.86	25	0.55	-7.903089986991944
117388.753	25	0.555	-7.903089986991944
117784.72	25	0.56	-7.903089986991944
118168.757	25	0.565	-7.903089986991944
118787.65	25	0.57	-7.903089986991944
119592.262	25	0.575	-7.903089986991944
120913.231	25	0.58	-7.903089986991944
121681.612	25	0.585	-7.903089986991944
122214.197	25	0.59	-7.903089986991944
122852.85	25	0.595	-7.903089986991944
123694.0	25	0.6	-7.903089986991944
124609.076	25	0.605	-7.903089986991944
124845.4	25	0.61	-7.903089986991944
125836.736	25	0.615	-7.903089986991944
126556.455	25	0.62	-7.903089986991944
126877.75	25	0.625	-7.903089986991944
127664.769	25	0.63	-7.903089986991944
128433.05	25	0.635	-7.903089986991944
128802.212	25	0.64	-7.903089986991944
129118.635	25	0.645	-7.903089986991944
129952.846	25	0.65	-7.903089986991944
130453.584	25	0.655	-7.903089986991944
131568.667	25	0.66	-7.903089986991944
132484.2	25	0.665	-7.903089986991944
132943.9	25	0.67	-7.903089986991944
134098.333	25	0.675	-7.903089986991944
134410.613	25	0.68	-7.903089986991944
134905.818	25	0.685	-7.903089986991944
135286.927	25	0.69	-7.903089986991944
135606.99	25	0.695	-7.903089986991944
136568.667	25	0.7	-7.903089986991944
137962.55	25	0.705	-7.903089986991944
138016.2	25	0.71	-7.903089986991944
138123.121	25	0.715	-7.903089986991944
138621.24	25	0.72	-7.903089986991944
138878.175	25	0.725	-7.903089986991944
139284.4	25	0.73	-7.903089986991944
140421.012	25	0.735	-7.903089986991944
141130.0	25	0.74	-7.903089986991944
142917.735	25	0.745	-7.903089986991944
143365.0	25	0.75	-7.903089986991944
145661.486	25	0.755	-7.903089986991944
147022.286	25	0.76	-7.903089986991944
147866.7	25	0.765	-7.903089986991944
149069.31	25	0.77	-7.903089986991944
150341.123	25	0.775	-7.903089986991944
150938.3	25	0.78	-7.903089986991944
152092.6	25	0.785	-7.903089986991944
152403.067	25	0.79	-7.903089986991944
152637.7	25	0.795	-7.903089986991944
153040.0	25	0.8	-7.903089986991944
153525.233	25	0.805	-7.903089986991944
153892.667	25	0.81	-7.903089986991944
154284.663	25	0.815	-7.903089986991944
155179.28	25	0.82	-7.903089986991944
155479.667	25	0.825	-7.903089986991944
155707.8	25	0.83	-7.903089986991944
157141.85	25	0.835	-7.903089986991944
158423.22	25	0.84	-7.903089986991944
160548.298	25	0.845	-7.903089986991944
161734.714	25	0.85	-7.903089986991944
163085.305	25	0.855	-7.903089986991944
163812.8	25	0.86	-7.903089986991944
164323.795	25	0.865	-7.903089986991944
165193.576	25	0.87	-7.903089986991944
165680.227	25	0.875	-7.903089986991944
166914.933	25	0.88	-7.903089986991944
167816.05	25	0.885	-7.903089986991944
168763.88	25	0.89	-7.903089986991944
171357.55	25	0.895	-7.903089986991944
172859.0	25	0.9	-7.903089986991944
174275.3	25	0.905	-7.903089986991944
175268.5	25	0.91	-7.903089986991944
176286.95	25	0.915	-7.903089986991944
178222.4	25	0.92	-7.903089986991944
178633.0	25	0.925	-7.903089986991944
180264.0	25	0.93	-7.903089986991944
182852.1	25	0.935	-7.903089986991944
184833.0	25	0.94	-7.903089986991944
185419.626	25	0.945	-7.903089986991944
186152.0	25	0.95	-7.903089986991944
186653.8	25	0.955	-7.903089986991944
189215.56	25	0.96	-7.903089986991944
190938.7	25	0.965	-7.903089986991944
193475.09	25	0.97	-7.903089986991944
195196.5	25	0.975	-7.903089986991944
200314.038	25	0.98	-7.903089986991944
203293.7	25	0.985	-7.903089986991944
205172.0	25	0.99	-7.903089986991944
207184.815	25	0.995	-7.903089986991944
118230.0	50	0.5	-7.903089986991944
118558.355	50	0.505	-7.903089986991944
119106.667	50	0.51	-7.903089986991944
119780.517	50	0.515	-7.903089986991944
120180.6	50	0.52	-7.903089986991944
120847.083	50	0.525	-7.903089986991944
121748.5	50	0.53	-7.903089986991944
122348.197	50	0.535	-7.903089986991944
123193.802	50	0.54	-7.903089986991944
123668.0	50	0.545	-7.903089986991944
124140.0	50	0.55	-7.903089986991944
124441.95	50	0.555	-7.903089986991944
125547.2	50	0.56	-7.903089986991944
126909.635	50	0.565	-7.903089986991944
127607.6	50	0.57	-7.903089986991944
127916.25	50	0.575	-7.903089986991944
128488.72	50	0.58	-7.903089986991944
129240.717	50	0.585	-7.903089986991944
129913.5	50	0.59	-7.903089986991944
130125.818	50	0.595	-7.903089986991944
130321.0	50	0.6	-7.903089986991944
130738.455	50	0.605	-7.903089986991944
131165.35	50	0.61	-7.903089986991944
132161.11	50	0.615	-7.903089986991944
132815.267	50	0.62	-7.903089986991944
133800.0	50	0.625	-7.903089986991944
134647.667	50	0.63	-7.903089986991944
135104.792	50	0.635	-7.903089986991944
135646.027	50	0.64	-7.903089986991944
135972.1	50	0.645	-7.903089986991944
136298.143	50	0.65	-7.903089986991944
136610.65	50	0.655	-7.903089986991944
137224.019	50	0.66	-7.903089986991944
137577.429	50	0.665	-7.903089986991944
138287.75	50	0.67	-7.903089986991944
138504.825	50	0.675	-7.903089986991944
138915.584	50	0.68	-7.903089986991944
139581.5	50	0.685	-7.903089986991944
140524.764	50	0.69	-7.903089986991944
141003.562	50	0.695	-7.903089986991944
141515.0	50	0.7	-7.903089986991944
142445.589	50	0.705	-7.903089986991944
142904.0	50	0.71	-7.903089986991944
143431.8	50	0.715	-7.903089986991944
143952.0	50	0.72	-7.903089986991944
144697.5	50	0.725	-7.903089986991944
145444.952	50	0.73	-7.903089986991944
146081.375	50	0.735	-7.903089986991944
146509.857	50	0.74	-7.903089986991944
146999.127	50	0.745	-7.903089986991944
147617.857	50	0.75	-7.903089986991944
147802.828	50	0.755	-7.903089986991944
148249.0	50	0.76	-7.903089986991944
148880.658	50	0.765	-7.903089986991944
149218.889	50	0.77	-7.903089986991944
150097.069	50	0.775	-7.903089986991944
150598.0	50	0.78	-7.903089986991944
151111.833	50	0.785	-7.903089986991944
151669.308	50	0.79	-7.903089986991944
152378.5	50	0.795	-7.903089986991944
152740.0	50	0.8	-7.903089986991944
153311.2	50	0.805	-7.903089986991944
155109.545	50	0.81	-7.903089986991944
156044.45	50	0.815	-7.903089986991944
156883.833	50	0.82	-7.903089986991944
157406.111	50	0.825	-7.903089986991944
157912.405	50	0.83	-7.903089986991944
159395.654	50	0.835	-7.903089986991944
160365.333	50	0.84	-7.903089986991944
161124.55	50	0.845	-7.903089986991944
162486.0	50	0.85	-7.903089986991944
163735.825	50	0.855	-7.903089986991944
164356.923	50	0.86	-7.903089986991944
164785.282	50	0.865	-7.903089986991944
165677.819	50	0.87	-7.903089986991944
167509.0	50	0.875	-7.903089986991944
168462.421	50	0.88	-7.903089986991944
170783.138	50	0.885	-7.903089986991944
170894.269	50	0.89	-7.903089986991944
172270.0	50	0.895	-7.903089986991944
173111.111	50	0.9	-7.903089986991944
173703.817	50	0.905	-7.903089986991944
175079.443	50	0.91	-7.903089986991944
175641.5	50	0.915	-7.903089986991944
176134.242	50	0.92	-7.903089986991944
177763.333	50	0.925	-7.903089986991944
179377.436	50	0.93	-7.903089986991944
180941.0	50	0.935	-7.903089986991944
182786.182	50	0.94	-7.903089986991944
184020.727	50	0.945	-7.903089986991944
188186.554	50	0.95	-7.903089986991944
190268.0	50	0.955	-7.903089986991944
194568.381	50	0.96	-7.903089986991944
198167.131	50	0.965	-7.903089986991944
201252.429	50	0.97	-7.903089986991944
203264.429	50	0.975	-7.903089986991944
206240.0	50	0.98	-7.903089986991944
208740.913	50	0.985	-7.903089986991944
213873.714	50	0.99	-7.903089986991944
242479.0	50	0.995	-7.903089986991944
132813.036	75	0.5	-7.903089986991944
133213.883	75	0.505	-7.903089986991944
133493.929	75	0.51	-7.903089986991944
134166.26	75	0.515	-7.903089986991944
134807.4	75	0.52	-7.903089986991944
135479.106	75	0.525	-7.903089986991944
135819.6	75	0.53	-7.903089986991944
136123.375	75	0.535	-7.903089986991944
136622.143	75	0.54	-7.903089986991944
137025.559	75	0.545	-7.903089986991944
137195.15	75	0.55	-7.903089986991944
137763.943	75	0.555	-7.903089986991944
138645.437	75	0.56	-7.903089986991944
139307.826	75	0.565	-7.903089986991944
139772.406	75	0.57	-7.903089986991944
140403.764	75	0.575	-7.903089986991944
141069.887	75	0.58	-7.903089986991944
141494.21	75	0.585	-7.903089986991944
142041.352	75	0.59	-7.903089986991944
142738.557	75	0.595	-7.903089986991944
143256.545	75	0.6	-7.903089986991944
143682.013	75	0.605	-7.903089986991944
144210.645	75	0.61	-7.903089986991944
144427.412	75	0.615	-7.903089986991944
144606.813	75	0.62	-7.903089986991944
144919.75	75	0.625	-7.903089986991944
145506.98	75	0.63	-7.903089986991944
145769.067	75	0.635	-7.903089986991944
146102.834	75	0.64	-7.903089986991944
146724.181	75	0.645	-7.903089986991944
147535.048	75	0.65	-7.903089986991944
147805.559	75	0.655	-7.903089986991944
148158.2	75	0.66	-7.903089986991944
148688.491	75	0.665	-7.903089986991944
148884.769	75	0.67	-7.903089986991944
149473.511	75	0.675	-7.903089986991944
150135.147	75	0.68	-7.903089986991944
150672.968	75	0.685	-7.903089986991944
151068.968	75	0.69	-7.903089986991944
151482.578	75	0.695	-7.903089986991944
151843.538	75	0.7	-7.903089986991944
152641.114	75	0.705	-7.903089986991944
153339.452	75	0.71	-7.903089986991944
153752.382	75	0.715	-7.903089986991944
154136.761	75	0.72	-7.903089986991944
154989.542	75	0.725	-7.903089986991944
155178.195	75	0.73	-7.903089986991944
155342.838	75	0.735	-7.903089986991944
155688.092	75	0.74	-7.903089986991944
156168.175	75	0.745	-7.903089986991944
156667.65	75	0.75	-7.903089986991944
157551.72	75	0.755	-7.903089986991944
158006.291	75	0.76	-7.903089986991944
158886.375	75	0.765	-7.903089986991944
159366.817	75	0.77	-7.903089986991944
160337.954	75	0.775	-7.903089986991944
160880.533	75	0.78	-7.903089986991944
161700.76	75	0.785	-7.903089986991944
162388.17	75	0.79	-7.903089986991944
163068.355	75	0.795	-7.903089986991944
163930.903	75	0.8	-7.903089986991944
164727.05	75	0.805	-7.903089986991944
165494.757	75	0.81	-7.903089986991944
166304.986	75	0.815	-7.903089986991944
166905.148	75	0.82	-7.903089986991944
167725.817	75	0.825	-7.903089986991944
168208.911	75	0.83	-7.903089986991944
168912.013	75	0.835	-7.903089986991944
169363.751	75	0.84	-7.903089986991944
170034.768	75	0.845	-7.903089986991944
170867.555	75	0.85	-7.903089986991944
171838.991	75	0.855	-7.903089986991944
172551.4	75	0.86	-7.903089986991944
173454.914	75	0.865	-7.903089986991944
174589.446	75	0.87	-7.903089986991944
175149.792	75	0.875	-7.903089986991944
175595.844	75	0.88	-7.903089986991944
177560.391	75	0.885	-7.903089986991944
178546.812	75	0.89	-7.903089986991944
179219.9	75	0.895	-7.903089986991944
179989.333	75	0.9	-7.903089986991944
181210.104	75	0.905	-7.903089986991944
182448.354	75	0.91	-7.903089986991944
183417.37	75	0.915	-7.903089986991944
184463.738	75	0.92	-7.903089986991944
185477.186	75	0.925	-7.903089986991944
186556.522	75	0.93	-7.903089986991944
188296.871	75	0.935	-7.903089986991944
189712.0	75	0.94	-7.903089986991944
191648.682	75	0.945	-7.903089986991944
193387.643	75	0.95	-7.903089986991944
195401.714	75	0.955	-7.903089986991944
198961.394	75	0.96	-7.903089986991944
203527.986	75	0.965	-7.903089986991944
205345.929	75	0.97	-7.903089986991944
208363.708	75	0.975	-7.903089986991944
213126.361	75	0.98	-7.903089986991944
217529.514	75	0.985	-7.903089986991944
223301.954	75	0.99	-7.903089986991944
230721.831	75	0.995	-7.903089986991944
146213.992	100	0.5	-7.903089986991944
146649.171	100	0.505	-7.903089986991944
146984.805	100	0.51	-7.903089986991944
147302.862	100	0.515	-7.903089986991944
148000.402	100	0.52	-7.903089986991944
148239.843	100	0.525	-7.903089986991944
148467.241	100	0.53	-7.903089986991944
148822.114	100	0.535	-7.903089986991944
149578.635	100	0.54	-7.903089986991944
150281.073	100	0.545	-7.903089986991944
151100.6	100	0.55	-7.903089986991944
152192.215	100	0.555	-7.903089986991944
152762.616	100	0.56	-7.903089986991944
152953.57	100	0.565	-7.903089986991944
153607.38	100	0.57	-7.903089986991944
153976.902	100	0.575	-7.903089986991944
154345.374	100	0.58	-7.903089986991944
154641.097	100	0.585	-7.903089986991944
154899.782	100	0.59	-7.903089986991944
155359.092	100	0.595	-7.903089986991944
155708.075	100	0.6	-7.903089986991944
156210.567	100	0.605	-7.903089986991944
156601.989	100	0.61	-7.903089986991944
157293.225	100	0.615	-7.903089986991944
157676.572	100	0.62	-7.903089986991944
158184.866	100	0.625	-7.903089986991944
158433.814	100	0.63	-7.903089986991944
158791.1	100	0.635	-7.903089986991944
159080.72	100	0.64	-7.903089986991944
159620.246	100	0.645	-7.903089986991944
160285.157	100	0.65	-7.903089986991944
160488.302	100	0.655	-7.903089986991944
161167.76	100	0.66	-7.903089986991944
161358.952	100	0.665	-7.903089986991944
162425.453	100	0.67	-7.903089986991944
162853.138	100	0.675	-7.903089986991944
163421.634	100	0.68	-7.903089986991944
163894.44	100	0.685	-7.903089986991944
164206.557	100	0.69	-7.903089986991944
164544.693	100	0.695	-7.903089986991944
164912.442	100	0.7	-7.903089986991944
165471.514	100	0.705	-7.903089986991944
166208.132	100	0.71	-7.903089986991944
166704.393	100	0.715	-7.903089986991944
167682.569	100	0.72	-7.903089986991944
168040.27	100	0.725	-7.903089986991944
168404.6	100	0.73	-7.903089986991944
168783.991	100	0.735	-7.903089986991944
169181.908	100	0.74	-7.903089986991944
169641.748	100	0.745	-7.903089986991944
170399.286	100	0.75	-7.903089986991944
170750.452	100	0.755	-7.903089986991944
171174.594	100	0.76	-7.903089986991944
171588.1	100	0.765	-7.903089986991944
171984.632	100	0.77	-7.903089986991944
172569.85	100	0.775	-7.903089986991944
173012.143	100	0.78	-7.903089986991944
173805.034	100	0.785	-7.903089986991944
174676.758	100	0.79	-7.903089986991944
175158.048	100	0.795	-7.903089986991944
175797.367	100	0.8	-7.903089986991944
176602.706	100	0.805	-7.903089986991944
178150.33	100	0.81	-7.903089986991944
179008.598	100	0.815	-7.903089986991944
180333.262	100	0.82	-7.903089986991944
181073.607	100	0.825	-7.903089986991944
181291.758	100	0.83	-7.903089986991944
181588.27	100	0.835	-7.903089986991944
182011.017	100	0.84	-7.903089986991944
182509.266	100	0.845	-7.903089986991944
183360.75	100	0.85	-7.903089986991944
183624.633	100	0.855	-7.903089986991944
184098.843	100	0.86	-7.903089986991944
185356.051	100	0.865	-7.903089986991944
186499.743	100	0.87	-7.903089986991944
186996.288	100	0.875	-7.903089986991944
187381.514	100	0.88	-7.903089986991944
188270.251	100	0.885	-7.903089986991944
190437.749	100	0.89	-7.903089986991944
191144.64	100	0.895	-7.903089986991944
192721.531	100	0.9	-7.903089986991944
193650.615	100	0.905	-7.903089986991944
194538.963	100	0.91	-7.903089986991944
195462.857	100	0.915	-7.903089986991944
196822.457	100	0.92	-7.903089986991944
198072.909	100	0.925	-7.903089986991944
199549.959	100	0.93	-7.903089986991944
200765.393	100	0.935	-7.903089986991944
202377.313	100	0.94	-7.903089986991944
203808.146	100	0.945	-7.903089986991944
205211.643	100	0.95	-7.903089986991944
209088.516	100	0.955	-7.903089986991944
213320.053	100	0.96	-7.903089986991944
218858.607	100	0.965	-7.903089986991944
223486.316	100	0.97	-7.903089986991944
227130.434	100	0.975	-7.903089986991944
230650.229	100	0.98	-7.903089986991944
237292.809	100	0.985	-7.903089986991944
241552.057	100	0.99	-7.903089986991944
254506.864	100	0.995	-7.903089986991944
156337.143	125	0.5	-7.903089986991944
156821.738	125	0.505	-7.903089986991944
158352.845	125	0.51	-7.903089986991944
158844.685	125	0.515	-7.903089986991944
159102.289	125	0.52	-7.903089986991944
159463.094	125	0.525	-7.903089986991944
159813.961	125	0.53	-7.903089986991944
160255.376	125	0.535	-7.903089986991944
161023.024	125	0.54	-7.903089986991944
161548.274	125	0.545	-7.903089986991944
162038.079	125	0.55	-7.903089986991944
162345.396	125	0.555	-7.903089986991944
162918.63	125	0.56	-7.903089986991944
163408.293	125	0.565	-7.903089986991944
163743.821	125	0.57	-7.903089986991944
163978.615	125	0.575	-7.903089986991944
164954.28	125	0.58	-7.903089986991944
165505.58	125	0.585	-7.903089986991944
166030.877	125	0.59	-7.903089986991944
166576.509	125	0.595	-7.903089986991944
167310.066	125	0.6	-7.903089986991944
167728.918	125	0.605	-7.903089986991944
167936.486	125	0.61	-7.903089986991944
168285.931	125	0.615	-7.903089986991944
168801.903	125	0.62	-7.903089986991944
169081.482	125	0.625	-7.903089986991944
169492.838	125	0.63	-7.903089986991944
169727.656	125	0.635	-7.903089986991944
170267.249	125	0.64	-7.903089986991944
170964.991	125	0.645	-7.903089986991944
171515.682	125	0.65	-7.903089986991944
171946.268	125	0.655	-7.903089986991944
172389.029	125	0.66	-7.903089986991944
172680.414	125	0.665	-7.903089986991944
173272.603	125	0.67	-7.903089986991944
173614.0	125	0.675	-7.903089986991944
174276.325	125	0.68	-7.903089986991944
175741.349	125	0.685	-7.903089986991944
176369.681	125	0.69	-7.903089986991944
176635.151	125	0.695	-7.903089986991944
177063.407	125	0.7	-7.903089986991944
177349.8	125	0.705	-7.903089986991944
177994.04	125	0.71	-7.903089986991944
178529.031	125	0.715	-7.903089986991944
179071.943	125	0.72	-7.903089986991944
179441.401	125	0.725	-7.903089986991944
180335.329	125	0.73	-7.903089986991944
180846.59	125	0.735	-7.903089986991944
180904.823	125	0.74	-7.903089986991944
181305.666	125	0.745	-7.903089986991944
182086.286	125	0.75	-7.903089986991944
182968.377	125	0.755	-7.903089986991944
183578.569	125	0.76	-7.903089986991944
184081.093	125	0.765	-7.903089986991944
184813.524	125	0.77	-7.903089986991944
185328.7	125	0.775	-7.903089986991944
185901.086	125	0.78	-7.903089986991944
186419.616	125	0.785	-7.903089986991944
187133.221	125	0.79	-7.903089986991944
188174.057	125	0.795	-7.903089986991944
189222.7	125	0.8	-7.903089986991944
189917.2	125	0.805	-7.903089986991944
190464.171	125	0.81	-7.903089986991944
190848.502	125	0.815	-7.903089986991944
191284.354	125	0.82	-7.903089986991944
191877.343	125	0.825	-7.903089986991944
192490.314	125	0.83	-7.903089986991944
193234.357	125	0.835	-7.903089986991944
193720.677	125	0.84	-7.903089986991944
194622.457	125	0.845	-7.903089986991944
195487.0	125	0.85	-7.903089986991944
196775.497	125	0.855	-7.903089986991944
197241.346	125	0.86	-7.903089986991944
198401.042	125	0.865	-7.903089986991944
199041.6	125	0.87	-7.903089986991944
200165.673	125	0.875	-7.903089986991944
200380.669	125	0.88	-7.903089986991944
201823.143	125	0.885	-7.903089986991944
202560.171	125	0.89	-7.903089986991944
203679.685	125	0.895	-7.903089986991944
204510.914	125	0.9	-7.903089986991944
205742.307	125	0.905	-7.903089986991944
206620.246	125	0.91	-7.903089986991944
207592.709	125	0.915	-7.903089986991944
208868.176	125	0.92	-7.903089986991944
209505.213	125	0.925	-7.903089986991944
210641.171	125	0.93	-7.903089986991944
212408.791	125	0.935	-7.903089986991944
213220.343	125	0.94	-7.903089986991944
215503.065	125	0.945	-7.903089986991944
217115.643	125	0.95	-7.903089986991944
219724.749	125	0.955	-7.903089986991944
221308.633	125	0.96	-7.903089986991944
223102.971	125	0.965	-7.903089986991944
228110.776	125	0.97	-7.903089986991944
231537.13	125	0.975	-7.903089986991944
247905.989	125	0.98	-7.903089986991944
250789.988	125	0.985	-7.903089986991944
266048.657	125	0.99	-7.903089986991944
314510.588	125	0.995	-7.903089986991944
171402.227	150	0.5	-7.903089986991944
171832.118	150	0.505	-7.903089986991944
172066.331	150	0.51	-7.903089986991944
172315.736	150	0.515	-7.903089986991944
172612.584	150	0.52	-7.903089986991944
172845.036	150	0.525	-7.903089986991944
173261.559	150	0.53	-7.903089986991944
174120.877	150	0.535	-7.903089986991944
174734.299	150	0.54	-7.903089986991944
175251.4	150	0.545	-7.903089986991944
175492.161	150	0.55	-7.903089986991944
175954.815	150	0.555	-7.903089986991944
176569.138	150	0.56	-7.903089986991944
176893.384	150	0.565	-7.903089986991944
177219.265	150	0.57	-7.903089986991944
177681.357	150	0.575	-7.903089986991944
178205.001	150	0.58	-7.903089986991944
178729.893	150	0.585	-7.903089986991944
179110.829	150	0.59	-7.903089986991944
179800.307	150	0.595	-7.903089986991944
180096.329	150	0.6	-7.903089986991944
180457.829	150	0.605	-7.903089986991944
180858.676	150	0.61	-7.903089986991944
181481.608	150	0.615	-7.903089986991944
181940.39	150	0.62	-7.903089986991944
182474.106	150	0.625	-7.903089986991944
182851.46	150	0.63	-7.903089986991944
183476.513	150	0.635	-7.903089986991944
183975.086	150	0.64	-7.903089986991944
184599.26	150	0.645	-7.903089986991944
184984.486	150	0.65	-7.903089986991944
185639.1	150	0.655	-7.903089986991944
186245.857	150	0.66	-7.903089986991944
186633.02	150	0.665	-7.903089986991944
187146.501	150	0.67	-7.903089986991944
187574.607	150	0.675	-7.903089986991944
187705.169	150	0.68	-7.903089986991944
188111.45	150	0.685	-7.903089986991944
188616.129	150	0.69	-7.903089986991944
189060.385	150	0.695	-7.903089986991944
189335.764	150	0.7	-7.903089986991944
189559.515	150	0.705	-7.903089986991944
189865.643	150	0.71	-7.903089986991944
190129.702	150	0.715	-7.903089986991944
190548.514	150	0.72	-7.903089986991944
191342.664	150	0.725	-7.903089986991944
192058.771	150	0.73	-7.903089986991944
192584.664	150	0.735	-7.903089986991944
193118.2	150	0.74	-7.903089986991944
193794.739	150	0.745	-7.903089986991944
194630.768	150	0.75	-7.903089986991944
194990.327	150	0.755	-7.903089986991944
195642.8	150	0.76	-7.903089986991944
196022.014	150	0.765	-7.903089986991944
196565.914	150	0.77	-7.903089986991944
197195.148	150	0.775	-7.903089986991944
197678.6	150	0.78	-7.903089986991944
198025.253	150	0.785	-7.903089986991944
198615.566	150	0.79	-7.903089986991944
199335.854	150	0.795	-7.903089986991944
199727.071	150	0.8	-7.903089986991944
200312.945	150	0.805	-7.903089986991944
200681.15	150	0.81	-7.903089986991944
201280.953	150	0.815	-7.903089986991944
202044.23	150	0.82	-7.903089986991944
202457.857	150	0.825	-7.903089986991944
203602.069	150	0.83	-7.903089986991944
204268.857	150	0.835	-7.903089986991944
205054.311	150	0.84	-7.903089986991944
205790.414	150	0.845	-7.903089986991944
206295.511	150	0.85	-7.903089986991944
207302.767	150	0.855	-7.903089986991944
208089.733	150	0.86	-7.903089986991944
208751.621	150	0.865	-7.903089986991944
209711.079	150	0.87	-7.903089986991944
210418.214	150	0.875	-7.903089986991944
211624.309	150	0.88	-7.903089986991944
212836.65	150	0.885	-7.903089986991944
214276.142	150	0.89	-7.903089986991944
215549.673	150	0.895	-7.903089986991944
216445.571	150	0.9	-7.903089986991944
218297.614	150	0.905	-7.903089986991944
219284.166	150	0.91	-7.903089986991944
220472.071	150	0.915	-7.903089986991944
221963.026	150	0.92	-7.903089986991944
223281.917	150	0.925	-7.903089986991944
223944.6	150	0.93	-7.903089986991944
224868.31	150	0.935	-7.903089986991944
227299.514	150	0.94	-7.903089986991944
229454.639	150	0.945	-7.903089986991944
232007.751	150	0.95	-7.903089986991944
237074.94	150	0.955	-7.903089986991944
240574.154	150	0.96	-7.903089986991944
242767.907	150	0.965	-7.903089986991944
248883.057	150	0.97	-7.903089986991944
262648.036	150	0.975	-7.903089986991944
273561.571	150	0.98	-7.903089986991944
286134.684	150	0.985	-7.903089986991944
297752.243	150	0.99	-7.903089986991944
312313.958	150	0.995	-7.903089986991944
184484.286	175	0.5	-7.903089986991944
184847.722	175	0.505	-7.903089986991944
185422.662	175	0.51	-7.903089986991944
186108.529	175	0.515	-7.903089986991944
186744.189	175	0.52	-7.903089986991944
187444.614	175	0.525	-7.903089986991944
187971.995	175	0.53	-7.903089986991944
188752.208	175	0.535	-7.903089986991944
188963.062	175	0.54	-7.903089986991944
189259.839	175	0.545	-7.903089986991944
189519.515	175	0.55	-7.903089986991944
190134.996	175	0.555	-7.903089986991944
190872.0	175	0.56	-7.903089986991944
191169.779	175	0.565	-7.903089986991944
191421.023	175	0.57	-7.903089986991944
191763.623	175	0.575	-7.903089986991944
192067.8	175	0.58	-7.903089986991944
192465.521	175	0.585	-7.903089986991944
192729.329	175	0.59	-7.903089986991944
193025.429	175	0.595	-7.903089986991944
194076.243	175	0.6	-7.903089986991944
194781.517	175	0.605	-7.903089986991944
194928.614	175	0.61	-7.903089986991944
195329.693	175	0.615	-7.903089986991944
195988.771	175	0.62	-7.903089986991944
196451.964	175	0.625	-7.903089986991944
196864.529	175	0.63	-7.903089986991944
197161.369	175	0.635	-7.903089986991944
197613.794	175	0.64	-7.903089986991944
198137.249	175	0.645	-7.903089986991944
198423.982	175	0.65	-7.903089986991944
199039.464	175	0.655	-7.903089986991944
199495.853	175	0.66	-7.903089986991944
199732.862	175	0.665	-7.903089986991944
200073.214	175	0.67	-7.903089986991944
200462.747	175	0.675	-7.903089986991944
200788.594	175	0.68	-7.903089986991944
201073.4	175	0.685	-7.903089986991944
201467.716	175	0.69	-7.903089986991944
202361.621	175	0.695	-7.903089986991944
202783.5	175	0.7	-7.903089986991944
203098.652	175	0.705	-7.903089986991944
203309.229	175	0.71	-7.903089986991944
204178.164	175	0.715	-7.903089986991944
204506.857	175	0.72	-7.903089986991944
204728.132	175	0.725	-7.903089986991944
205155.357	175	0.73	-7.903089986991944
205603.943	175	0.735	-7.903089986991944
206117.514	175	0.74	-7.903089986991944
206171.834	175	0.745	-7.903089986991944
206641.429	175	0.75	-7.903089986991944
207348.999	175	0.755	-7.903089986991944
207486.617	175	0.76	-7.903089986991944
208139.157	175	0.765	-7.903089986991944
208442.814	175	0.77	-7.903089986991944
208904.055	175	0.775	-7.903089986991944
209404.86	175	0.78	-7.903089986991944
209885.371	175	0.785	-7.903089986991944
210158.427	175	0.79	-7.903089986991944
210710.971	175	0.795	-7.903089986991944
211662.557	175	0.8	-7.903089986991944
212678.371	175	0.805	-7.903089986991944
213450.271	175	0.81	-7.903089986991944
214236.724	175	0.815	-7.903089986991944
214763.6	175	0.82	-7.903089986991944
215511.982	175	0.825	-7.903089986991944
217255.528	175	0.83	-7.903089986991944
217780.581	175	0.835	-7.903089986991944
218816.491	175	0.84	-7.903089986991944
219515.075	175	0.845	-7.903089986991944
219755.154	175	0.85	-7.903089986991944
221409.071	175	0.855	-7.903089986991944
222577.314	175	0.86	-7.903089986991944
223758.607	175	0.865	-7.903089986991944
224274.283	175	0.87	-7.903089986991944
225248.027	175	0.875	-7.903089986991944
226501.714	175	0.88	-7.903089986991944
227042.754	175	0.885	-7.903089986991944
227901.927	175	0.89	-7.903089986991944
228191.207	175	0.895	-7.903089986991944
229238.207	175	0.9	-7.903089986991944
230616.887	175	0.905	-7.903089986991944
232703.8	175	0.91	-7.903089986991944
234488.058	175	0.915	-7.903089986991944
236505.306	175	0.92	-7.903089986991944
237645.714	175	0.925	-7.903089986991944
239055.319	175	0.93	-7.903089986991944
240568.374	175	0.935	-7.903089986991944
241821.867	175	0.94	-7.903089986991944
243643.434	175	0.945	-7.903089986991944
245959.936	175	0.95	-7.903089986991944
249615.649	175	0.955	-7.903089986991944
253446.303	175	0.96	-7.903089986991944
261278.509	175	0.965	-7.903089986991944
268130.014	175	0.97	-7.903089986991944
275656.179	175	0.975	-7.903089986991944
285560.686	175	0.98	-7.903089986991944
301040.2	175	0.985	-7.903089986991944
314665.0	175	0.99	-7.903089986991944
360884.819	175	0.995	-7.903089986991944
195842.857	200	0.5	-7.903089986991944
196166.185	200	0.505	-7.903089986991944
196682.839	200	0.51	-7.903089986991944
196861.341	200	0.515	-7.903089986991944
197231.886	200	0.52	-7.903089986991944
197577.772	200	0.525	-7.903089986991944
197829.976	200	0.53	-7.903089986991944
198129.983	200	0.535	-7.903089986991944
198606.921	200	0.54	-7.903089986991944
199413.469	200	0.545	-7.903089986991944
199718.284	200	0.55	-7.903089986991944
200354.929	200	0.555	-7.903089986991944
200526.114	200	0.56	-7.903089986991944
200935.857	200	0.565	-7.903089986991944
201481.243	200	0.57	-7.903089986991944
202151.368	200	0.575	-7.903089986991944
202448.486	200	0.58	-7.903089986991944
202735.35	200	0.585	-7.903089986991944
203069.957	200	0.59	-7.903089986991944
203509.614	200	0.595	-7.903089986991944
203684.791	200	0.6	-7.903089986991944
203981.049	200	0.605	-7.903089986991944
204368.943	200	0.61	-7.903089986991944
205051.786	200	0.615	-7.903089986991944
205287.713	200	0.62	-7.903089986991944
205740.67	200	0.625	-7.903089986991944
206612.224	200	0.63	-7.903089986991944
206815.982	200	0.635	-7.903089986991944
207001.714	200	0.64	-7.903089986991944
207257.539	200	0.645	-7.903089986991944
207776.357	200	0.65	-7.903089986991944
208247.732	200	0.655	-7.903089986991944
208941.523	200	0.66	-7.903089986991944
209193.077	200	0.665	-7.903089986991944
209532.225	200	0.67	-7.903089986991944
209768.25	200	0.675	-7.903089986991944
210069.817	200	0.68	-7.903089986991944
210394.95	200	0.685	-7.903089986991944
211101.632	200	0.69	-7.903089986991944
211529.671	200	0.695	-7.903089986991944
212202.736	200	0.7	-7.903089986991944
212658.5	200	0.705	-7.903089986991944
213249.848	200	0.71	-7.903089986991944
213462.201	200	0.715	-7.903089986991944
213982.026	200	0.72	-7.903089986991944
214668.591	200	0.725	-7.903089986991944
214911.724	200	0.73	-7.903089986991944
215431.454	200	0.735	-7.903089986991944
216029.0	200	0.74	-7.903089986991944
216368.375	200	0.745	-7.903089986991944
217035.214	200	0.75	-7.903089986991944
217538.694	200	0.755	-7.903089986991944
218016.829	200	0.76	-7.903089986991944
218316.774	200	0.765	-7.903089986991944
218545.803	200	0.77	-7.903089986991944
219260.571	200	0.775	-7.903089986991944
219601.257	200	0.78	-7.903089986991944
220196.055	200	0.785	-7.903089986991944
220822.544	200	0.79	-7.903089986991944
221394.219	200	0.795	-7.903089986991944
221907.329	200	0.8	-7.903089986991944
222721.358	200	0.805	-7.903089986991944
223340.742	200	0.81	-7.903089986991944
223775.021	200	0.815	-7.903089986991944
223955.486	200	0.82	-7.903089986991944
224808.202	200	0.825	-7.903089986991944
225453.857	200	0.83	-7.903089986991944
226285.143	200	0.835	-7.903089986991944
227249.591	200	0.84	-7.903089986991944
227862.057	200	0.845	-7.903089986991944
228822.521	200	0.85	-7.903089986991944
229529.498	200	0.855	-7.903089986991944
230180.156	200	0.86	-7.903089986991944
230777.345	200	0.865	-7.903089986991944
231142.104	200	0.87	-7.903089986991944
231709.464	200	0.875	-7.903089986991944
232983.046	200	0.88	-7.903089986991944
234209.543	200	0.885	-7.903089986991944
235245.729	200	0.89	-7.903089986991944
236463.523	200	0.895	-7.903089986991944
237463.714	200	0.9	-7.903089986991944
238112.164	200	0.905	-7.903089986991944
239232.071	200	0.91	-7.903089986991944
241420.106	200	0.915	-7.903089986991944
243101.886	200	0.92	-7.903089986991944
244405.995	200	0.925	-7.903089986991944
246395.052	200	0.93	-7.903089986991944
248271.221	200	0.935	-7.903089986991944
249911.429	200	0.94	-7.903089986991944
251042.119	200	0.945	-7.903089986991944
253270.918	200	0.95	-7.903089986991944
255929.989	200	0.955	-7.903089986991944
258983.731	200	0.96	-7.903089986991944
261081.279	200	0.965	-7.903089986991944
265434.014	200	0.97	-7.903089986991944
271645.864	200	0.975	-7.903089986991944
282104.01	200	0.98	-7.903089986991944
294302.8	200	0.985	-7.903089986991944
312700.314	200	0.99	-7.903089986991944
349353.566	200	0.995	-7.903089986991944
201752.025	225	0.5	-7.903089986991944
202057.989	225	0.505	-7.903089986991944
202814.957	225	0.51	-7.903089986991944
202970.909	225	0.515	-7.903089986991944
203211.048	225	0.52	-7.903089986991944
203460.127	225	0.525	-7.903089986991944
203666.424	225	0.53	-7.903089986991944
204114.143	225	0.535	-7.903089986991944
204452.617	225	0.54	-7.903089986991944
204755.618	225	0.545	-7.903089986991944
205338.904	225	0.55	-7.903089986991944
206245.6	225	0.555	-7.903089986991944
206803.029	225	0.56	-7.903089986991944
207052.936	225	0.565	-7.903089986991944
207648.996	225	0.57	-7.903089986991944
208032.359	225	0.575	-7.903089986991944
208417.327	225	0.58	-7.903089986991944
209143.771	225	0.585	-7.903089986991944
209358.671	225	0.59	-7.903089986991944
209605.808	225	0.595	-7.903089986991944
209961.143	225	0.6	-7.903089986991944
210278.469	225	0.605	-7.903089986991944
210433.614	225	0.61	-7.903089986991944
210755.789	225	0.615	-7.903089986991944
211017.257	225	0.62	-7.903089986991944
211715.446	225	0.625	-7.903089986991944
212414.057	225	0.63	-7.903089986991944
212994.038	225	0.635	-7.903089986991944
213339.383	225	0.64	-7.903089986991944
213594.016	225	0.645	-7.903089986991944
214415.386	225	0.65	-7.903089986991944
215151.167	225	0.655	-7.903089986991944
215497.174	225	0.66	-7.903089986991944
215999.621	225	0.665	-7.903089986991944
216239.971	225	0.67	-7.903089986991944
216711.521	225	0.675	-7.903089986991944
217231.757	225	0.68	-7.903089986991944
217504.614	225	0.685	-7.903089986991944
217960.057	225	0.69	-7.903089986991944
218300.274	225	0.695	-7.903089986991944
218748.571	225	0.7	-7.903089986991944
219542.501	225	0.705	-7.903089986991944
219918.971	225	0.71	-7.903089986991944
220273.129	225	0.715	-7.903089986991944
220729.22	225	0.72	-7.903089986991944
220964.27	225	0.725	-7.903089986991944
221569.401	225	0.73	-7.903089986991944
221903.993	225	0.735	-7.903089986991944
222576.999	225	0.74	-7.903089986991944
223205.774	225	0.745	-7.903089986991944
223541.643	225	0.75	-7.903089986991944
224076.712	225	0.755	-7.903089986991944
224499.349	225	0.76	-7.903089986991944
224908.716	225	0.765	-7.903089986991944
225935.914	225	0.77	-7.903089986991944
226230.393	225	0.775	-7.903089986991944
227190.884	225	0.78	-7.903089986991944
227763.814	225	0.785	-7.903089986991944
228380.6	225	0.79	-7.903089986991944
228954.893	225	0.795	-7.903089986991944
229494.529	225	0.8	-7.903089986991944
230669.715	225	0.805	-7.903089986991944
231162.499	225	0.81	-7.903089986991944
231658.501	225	0.815	-7.903089986991944
232495.387	225	0.82	-7.903089986991944
233169.893	225	0.825	-7.903089986991944
234042.192	225	0.83	-7.903089986991944
234808.786	225	0.835	-7.903089986991944
235349.554	225	0.84	-7.903089986991944
236008.873	225	0.845	-7.903089986991944
237018.543	225	0.85	-7.903089986991944
237752.157	225	0.855	-7.903089986991944
239324.547	225	0.86	-7.903089986991944
239751.428	225	0.865	-7.903089986991944
240900.672	225	0.87	-7.903089986991944
241421.786	225	0.875	-7.903089986991944
241997.429	225	0.88	-7.903089986991944
242819.371	225	0.885	-7.903089986991944
243901.507	225	0.89	-7.903089986991944
245066.943	225	0.895	-7.903089986991944
246083.207	225	0.9	-7.903089986991944
247210.659	225	0.905	-7.903089986991944
249068.829	225	0.91	-7.903089986991944
249999.264	225	0.915	-7.903089986991944
251756.629	225	0.92	-7.903089986991944
252766.857	225	0.925	-7.903089986991944
254459.39	225	0.93	-7.903089986991944
257978.268	225	0.935	-7.903089986991944
260285.451	225	0.94	-7.903089986991944
262393.521	225	0.945	-7.903089986991944
264718.579	225	0.95	-7.903089986991944
268297.61	225	0.955	-7.903089986991944
272713.177	225	0.96	-7.903089986991944
278010.126	225	0.965	-7.903089986991944
286650.023	225	0.97	-7.903089986991944
295759.029	225	0.975	-7.903089986991944
305972.159	225	0.98	-7.903089986991944
317572.583	225	0.985	-7.903089986991944
343806.329	225	0.99	-7.903089986991944
380936.479	225	0.995	-7.903089986991944
210507.857	250	0.5	-7.903089986991944
210914.957	250	0.505	-7.903089986991944
211459.321	250	0.51	-7.903089986991944
211707.864	250	0.515	-7.903089986991944
211922.057	250	0.52	-7.903089986991944
212270.754	250	0.525	-7.903089986991944
213052.177	250	0.53	-7.903089986991944
213438.887	250	0.535	-7.903089986991944
213828.886	250	0.54	-7.903089986991944
214041.193	250	0.545	-7.903089986991944
214277.961	250	0.55	-7.903089986991944
214617.96	250	0.555	-7.903089986991944
215093.274	250	0.56	-7.903089986991944
215469.079	250	0.565	-7.903089986991944
215898.074	250	0.57	-7.903089986991944
216353.016	250	0.575	-7.903089986991944
217041.344	250	0.58	-7.903089986991944
217225.795	250	0.585	-7.903089986991944
217636.1	250	0.59	-7.903089986991944
218403.864	250	0.595	-7.903089986991944
218726.286	250	0.6	-7.903089986991944
219111.843	250	0.605	-7.903089986991944
219441.6	250	0.61	-7.903089986991944
220028.429	250	0.615	-7.903089986991944
220848.044	250	0.62	-7.903089986991944
221452.266	250	0.625	-7.903089986991944
221837.314	250	0.63	-7.903089986991944
222203.235	250	0.635	-7.903089986991944
222720.229	250	0.64	-7.903089986991944
222838.671	250	0.645	-7.903089986991944
223122.05	250	0.65	-7.903089986991944
223496.614	250	0.655	-7.903089986991944
223813.429	250	0.66	-7.903089986991944
224398.114	250	0.665	-7.903089986991944
224628.486	250	0.67	-7.903089986991944
224876.561	250	0.675	-7.903089986991944
225190.597	250	0.68	-7.903089986991944
225557.107	250	0.685	-7.903089986991944
226148.238	250	0.69	-7.903089986991944
226435.421	250	0.695	-7.903089986991944
227080.714	250	0.7	-7.903089986991944
227919.85	250	0.705	-7.903089986991944
228494.029	250	0.71	-7.903089986991944
229182.951	250	0.715	-7.903089986991944
229830.146	250	0.72	-7.903089986991944
230707.945	250	0.725	-7.903089986991944
231156.343	250	0.73	-7.903089986991944
231664.776	250	0.735	-7.903089986991944
232267.196	250	0.74	-7.903089986991944
232484.229	250	0.745	-7.903089986991944
232993.648	250	0.75	-7.903089986991944
233562.771	250	0.755	-7.903089986991944
234051.314	250	0.76	-7.903089986991944
234437.021	250	0.765	-7.903089986991944
235158.741	250	0.77	-7.903089986991944
235622.857	250	0.775	-7.903089986991944
236116.114	250	0.78	-7.903089986991944
236453.499	250	0.785	-7.903089986991944
237116.239	250	0.79	-7.903089986991944
238029.301	250	0.795	-7.903089986991944
239320.671	250	0.8	-7.903089986991944
240292.393	250	0.805	-7.903089986991944
242278.571	250	0.81	-7.903089986991944
243624.109	250	0.815	-7.903089986991944
244089.996	250	0.82	-7.903089986991944
245071.16	250	0.825	-7.903089986991944
245777.614	250	0.83	-7.903089986991944
246402.493	250	0.835	-7.903089986991944
247539.203	250	0.84	-7.903089986991944
248487.19	250	0.845	-7.903089986991944
249976.797	250	0.85	-7.903089986991944
250322.621	250	0.855	-7.903089986991944
251642.857	250	0.86	-7.903089986991944
252357.54	250	0.865	-7.903089986991944
253198.714	250	0.87	-7.903089986991944
254165.304	250	0.875	-7.903089986991944
255105.2	250	0.88	-7.903089986991944
256782.23	250	0.885	-7.903089986991944
258760.857	250	0.89	-7.903089986991944
261394.694	250	0.895	-7.903089986991944
262673.286	250	0.9	-7.903089986991944
264320.182	250	0.905	-7.903089986991944
265108.816	250	0.91	-7.903089986991944
265877.402	250	0.915	-7.903089986991944
267337.437	250	0.92	-7.903089986991944
269455.495	250	0.925	-7.903089986991944
272202.286	250	0.93	-7.903089986991944
275702.168	250	0.935	-7.903089986991944
278121.781	250	0.94	-7.903089986991944
282030.46	250	0.945	-7.903089986991944
288498.429	250	0.95	-7.903089986991944
292523.479	250	0.955	-7.903089986991944
300051.045	250	0.96	-7.903089986991944
305349.093	250	0.965	-7.903089986991944
311486.198	250	0.97	-7.903089986991944
317622.714	250	0.975	-7.903089986991944
337033.914	250	0.98	-7.903089986991944
352318.136	250	0.985	-7.903089986991944
377332.814	250	0.99	-7.903089986991944
437087.843	250	0.995	-7.903089986991944
222712.179	275	0.5	-7.903089986991944
223284.678	275	0.505	-7.903089986991944
223692.078	275	0.51	-7.903089986991944
223953.439	275	0.515	-7.903089986991944
224606.374	275	0.52	-7.903089986991944
224926.248	275	0.525	-7.903089986991944
225535.476	275	0.53	-7.903089986991944
225985.34	275	0.535	-7.903089986991944
226229.514	275	0.54	-7.903089986991944
226859.554	275	0.545	-7.903089986991944
227271.071	275	0.55	-7.903089986991944
227553.107	275	0.555	-7.903089986991944
227734.0	275	0.56	-7.903089986991944
228012.766	275	0.565	-7.903089986991944
228561.043	275	0.57	-7.903089986991944
229444.821	275	0.575	-7.903089986991944
229744.571	275	0.58	-7.903089986991944
229993.904	275	0.585	-7.903089986991944
230161.984	275	0.59	-7.903089986991944
230594.99	275	0.595	-7.903089986991944
231413.457	275	0.6	-7.903089986991944
232358.107	275	0.605	-7.903089986991944
232805.815	275	0.61	-7.903089986991944
233358.839	275	0.615	-7.903089986991944
233899.516	275	0.62	-7.903089986991944
234312.946	275	0.625	-7.903089986991944
234791.414	275	0.63	-7.903089986991944
235104.421	275	0.635	-7.903089986991944
235737.314	275	0.64	-7.903089986991944
235935.821	275	0.645	-7.903089986991944
236204.043	275	0.65	-7.903089986991944
237103.397	275	0.655	-7.903089986991944
237374.089	275	0.66	-7.903089986991944
237767.11	275	0.665	-7.903089986991944
238058.591	275	0.67	-7.903089986991944
238754.521	275	0.675	-7.903089986991944
238905.257	275	0.68	-7.903089986991944
239276.743	275	0.685	-7.903089986991944
239641.671	275	0.69	-7.903089986991944
240248.345	275	0.695	-7.903089986991944
240711.479	275	0.7	-7.903089986991944
241143.351	275	0.705	-7.903089986991944
241401.029	275	0.71	-7.903089986991944
241909.322	275	0.715	-7.903089986991944
242335.029	275	0.72	-7.903089986991944
243141.159	275	0.725	-7.903089986991944
243459.325	275	0.73	-7.903089986991944
244097.293	275	0.735	-7.903089986991944
244657.286	275	0.74	-7.903089986991944
245285.529	275	0.745	-7.903089986991944
245876.429	275	0.75	-7.903089986991944
246340.149	275	0.755	-7.903089986991944
246899.223	275	0.76	-7.903089986991944
247223.507	275	0.765	-7.903089986991944
247576.029	275	0.77	-7.903089986991944
248184.393	275	0.775	-7.903089986991944
248575.841	275	0.78	-7.903089986991944
249160.29	275	0.785	-7.903089986991944
249640.228	275	0.79	-7.903089986991944
249970.557	275	0.795	-7.903089986991944
250632.857	275	0.8	-7.903089986991944
251025.643	275	0.805	-7.903089986991944
252457.686	275	0.81	-7.903089986991944
253192.571	275	0.815	-7.903089986991944
254068.494	275	0.82	-7.903089986991944
254938.093	275	0.825	-7.903089986991944
255812.843	275	0.83	-7.903089986991944
256989.914	275	0.835	-7.903089986991944
257517.086	275	0.84	-7.903089986991944
258363.471	275	0.845	-7.903089986991944
259297.693	275	0.85	-7.903089986991944
259999.672	275	0.855	-7.903089986991944
260409.457	275	0.86	-7.903089986991944
261839.844	275	0.865	-7.903089986991944
262532.505	275	0.87	-7.903089986991944
263561.964	275	0.875	-7.903089986991944
264157.274	275	0.88	-7.903089986991944
265411.206	275	0.885	-7.903089986991944
266567.214	275	0.89	-7.903089986991944
267601.764	275	0.895	-7.903089986991944
268731.779	275	0.9	-7.903089986991944
270414.244	275	0.905	-7.903089986991944
272225.036	275	0.91	-7.903089986991944
274379.093	275	0.915	-7.903089986991944
278440.857	275	0.92	-7.903089986991944
281584.78	275	0.925	-7.903089986991944
286053.466	275	0.93	-7.903089986991944
287992.944	275	0.935	-7.903089986991944
292457.86	275	0.94	-7.903089986991944
294940.303	275	0.945	-7.903089986991944
302731.071	275	0.95	-7.903089986991944
307094.518	275	0.955	-7.903089986991944
313761.703	275	0.96	-7.903089986991944
322551.236	275	0.965	-7.903089986991944
330761.73	275	0.97	-7.903089986991944
335255.679	275	0.975	-7.903089986991944
344262.22	275	0.98	-7.903089986991944
354047.079	275	0.985	-7.903089986991944
391718.171	275	0.99	-7.903089986991944
419709.659	275	0.995	-7.903089986991944
229400.016	300	0.5	-7.903089986991944
229947.679	300	0.505	-7.903089986991944
230416.186	300	0.51	-7.903089986991944
230762.297	300	0.515	-7.903089986991944
231167.783	300	0.52	-7.903089986991944
231440.615	300	0.525	-7.903089986991944
231959.568	300	0.53	-7.903089986991944
232332.114	300	0.535	-7.903089986991944
232629.213	300	0.54	-7.903089986991944
233311.379	300	0.545	-7.903089986991944
234073.111	300	0.55	-7.903089986991944
234438.454	300	0.555	-7.903089986991944
234649.697	300	0.56	-7.903089986991944
234992.86	300	0.565	-7.903089986991944
235218.232	300	0.57	-7.903089986991944
235641.798	300	0.575	-7.903089986991944
236279.569	300	0.58	-7.903089986991944
236821.293	300	0.585	-7.903089986991944
237207.715	300	0.59	-7.903089986991944
237577.441	300	0.595	-7.903089986991944
238061.643	300	0.6	-7.903089986991944
238330.229	300	0.605	-7.903089986991944
238683.244	300	0.61	-7.903089986991944
239190.862	300	0.615	-7.903089986991944
239722.053	300	0.62	-7.903089986991944
239949.107	300	0.625	-7.903089986991944
240248.59	300	0.63	-7.903089986991944
241280.346	300	0.635	-7.903089986991944
241745.429	300	0.64	-7.903089986991944
241952.153	300	0.645	-7.903089986991944
242706.861	300	0.65	-7.903089986991944
243275.789	300	0.655	-7.903089986991944
243764.194	300	0.66	-7.903089986991944
244584.967	300	0.665	-7.903089986991944
245156.505	300	0.67	-7.903089986991944
245283.527	300	0.675	-7.903089986991944
245449.486	300	0.68	-7.903089986991944
245803.229	300	0.685	-7.903089986991944
246070.929	300	0.69	-7.903089986991944
246336.865	300	0.695	-7.903089986991944
247055.143	300	0.7	-7.903089986991944
247831.379	300	0.705	-7.903089986991944
247978.743	300	0.71	-7.903089986991944
248840.676	300	0.715	-7.903089986991944
249459.88	300	0.72	-7.903089986991944
250107.679	300	0.725	-7.903089986991944
250827.561	300	0.73	-7.903089986991944
251540.686	300	0.735	-7.903089986991944
251780.8	300	0.74	-7.903089986991944
252564.671	300	0.745	-7.903089986991944
252939.268	300	0.75	-7.903089986991944
253209.971	300	0.755	-7.903089986991944
253478.297	300	0.76	-7.903089986991944
254176.549	300	0.765	-7.903089986991944
254491.171	300	0.77	-7.903089986991944
255417.543	300	0.775	-7.903089986991944
255551.891	300	0.78	-7.903089986991944
256270.329	300	0.785	-7.903089986991944
257500.429	300	0.79	-7.903089986991944
257901.629	300	0.795	-7.903089986991944
258733.129	300	0.8	-7.903089986991944
259465.329	300	0.805	-7.903089986991944
259794.329	300	0.81	-7.903089986991944
260537.65	300	0.815	-7.903089986991944
261431.6	300	0.82	-7.903089986991944
262105.243	300	0.825	-7.903089986991944
262791.514	300	0.83	-7.903089986991944
263961.983	300	0.835	-7.903089986991944
265311.757	300	0.84	-7.903089986991944
266035.918	300	0.845	-7.903089986991944
267124.364	300	0.85	-7.903089986991944
267650.875	300	0.855	-7.903089986991944
268098.714	300	0.86	-7.903089986991944
270349.09	300	0.865	-7.903089986991944
272372.991	300	0.87	-7.903089986991944
273153.929	300	0.875	-7.903089986991944
273900.291	300	0.88	-7.903089986991944
275089.4	300	0.885	-7.903089986991944
276997.931	300	0.89	-7.903089986991944
278498.564	300	0.895	-7.903089986991944
279416.321	300	0.9	-7.903089986991944
280508.564	300	0.905	-7.903089986991944
283260.522	300	0.91	-7.903089986991944
286129.357	300	0.915	-7.903089986991944
287626.349	300	0.92	-7.903089986991944
291189.607	300	0.925	-7.903089986991944
293396.762	300	0.93	-7.903089986991944
296913.207	300	0.935	-7.903089986991944
301568.826	300	0.94	-7.903089986991944
303723.325	300	0.945	-7.903089986991944
307476.627	300	0.95	-7.903089986991944
312376.803	300	0.955	-7.903089986991944
314697.189	300	0.96	-7.903089986991944
321590.955	300	0.965	-7.903089986991944
327246.041	300	0.97	-7.903089986991944
331990.714	300	0.975	-7.903089986991944
345542.686	300	0.98	-7.903089986991944
361504.916	300	0.985	-7.903089986991944
408304.157	300	0.99	-7.903089986991944
496334.518	300	0.995	-7.903089986991944
237327.893	325	0.5	-7.903089986991944
237635.401	325	0.505	-7.903089986991944
238014.894	325	0.51	-7.903089986991944
238521.179	325	0.515	-7.903089986991944
238757.543	325	0.52	-7.903089986991944
239066.321	325	0.525	-7.903089986991944
239237.129	325	0.53	-7.903089986991944
239574.405	325	0.535	-7.903089986991944
239942.27	325	0.54	-7.903089986991944
240090.264	325	0.545	-7.903089986991944
240509.429	325	0.55	-7.903089986991944
240682.586	325	0.555	-7.903089986991944
240886.211	325	0.56	-7.903089986991944
241085.09	325	0.565	-7.903089986991944
241384.814	325	0.57	-7.903089986991944
241739.404	325	0.575	-7.903089986991944
241987.256	325	0.58	-7.903089986991944
242424.218	325	0.585	-7.903089986991944
242908.571	325	0.59	-7.903089986991944
243404.565	325	0.595	-7.903089986991944
243881.229	325	0.6	-7.903089986991944
244506.17	325	0.605	-7.903089986991944
244748.861	325	0.61	-7.903089986991944
244964.114	325	0.615	-7.903089986991944
245246.184	325	0.62	-7.903089986991944
245575.33	325	0.625	-7.903089986991944
246055.618	325	0.63	-7.903089986991944
246673.15	325	0.635	-7.903089986991944
247300.857	325	0.64	-7.903089986991944
247738.279	325	0.645	-7.903089986991944
248293.525	325	0.65	-7.903089986991944
248509.34	325	0.655	-7.903089986991944
248690.053	325	0.66	-7.903089986991944
249402.814	325	0.665	-7.903089986991944
249752.495	325	0.67	-7.903089986991944
250405.357	325	0.675	-7.903089986991944
251444.651	325	0.68	-7.903089986991944
251840.025	325	0.685	-7.903089986991944
251963.452	325	0.69	-7.903089986991944
252087.336	325	0.695	-7.903089986991944
252557.714	325	0.7	-7.903089986991944
253137.73	325	0.705	-7.903089986991944
253873.557	325	0.71	-7.903089986991944
254509.986	325	0.715	-7.903089986991944
254808.686	325	0.72	-7.903089986991944
255525.457	325	0.725	-7.903089986991944
256095.243	325	0.73	-7.903089986991944
256980.021	325	0.735	-7.903089986991944
257766.657	325	0.74	-7.903089986991944
257969.429	325	0.745	-7.903089986991944
258829.643	325	0.75	-7.903089986991944
259353.764	325	0.755	-7.903089986991944
259726.194	325	0.76	-7.903089986991944
259952.657	325	0.765	-7.903089986991944
260217.686	325	0.77	-7.903089986991944
261059.643	325	0.775	-7.903089986991944
261944.256	325	0.78	-7.903089986991944
262378.068	325	0.785	-7.903089986991944
263276.588	325	0.79	-7.903089986991944
264019.835	325	0.795	-7.903089986991944
265791.071	325	0.8	-7.903089986991944
266710.507	325	0.805	-7.903089986991944
267922.642	325	0.81	-7.903089986991944
268511.481	325	0.815	-7.903089986991944
269481.441	325	0.82	-7.903089986991944
270328.321	325	0.825	-7.903089986991944
271849.306	325	0.83	-7.903089986991944
273048.784	325	0.835	-7.903089986991944
273822.034	325	0.84	-7.903089986991944
275582.057	325	0.845	-7.903089986991944
276390.214	325	0.85	-7.903089986991944
277352.324	325	0.855	-7.903089986991944
277678.279	325	0.86	-7.903089986991944
278676.598	325	0.865	-7.903089986991944
280894.376	325	0.87	-7.903089986991944
282197.321	325	0.875	-7.903089986991944
284388.506	325	0.88	-7.903089986991944
285367.833	325	0.885	-7.903089986991944
286345.829	325	0.89	-7.903089986991944
288448.25	325	0.895	-7.903089986991944
291584.576	325	0.9	-7.903089986991944
294195.12	325	0.905	-7.903089986991944
295740.543	325	0.91	-7.903089986991944
297387.336	325	0.915	-7.903089986991944
299426.629	325	0.92	-7.903089986991944
302589.607	325	0.925	-7.903089986991944
305100.414	325	0.93	-7.903089986991944
307319.35	325	0.935	-7.903089986991944
312509.2	325	0.94	-7.903089986991944
318740.992	325	0.945	-7.903089986991944
321690.836	325	0.95	-7.903089986991944
325677.818	325	0.955	-7.903089986991944
332643.429	325	0.96	-7.903089986991944
341617.5	325	0.965	-7.903089986991944
356191.129	325	0.97	-7.903089986991944
376830.302	325	0.975	-7.903089986991944
393557.657	325	0.98	-7.903089986991944
412352.259	325	0.985	-7.903089986991944
432946.06	325	0.99	-7.903089986991944
522966.336	325	0.995	-7.903089986991944
241051.464	350	0.5	-7.903089986991944
241248.322	350	0.505	-7.903089986991944
241715.479	350	0.51	-7.903089986991944
241955.071	350	0.515	-7.903089986991944
242536.377	350	0.52	-7.903089986991944
243063.789	350	0.525	-7.903089986991944
243383.757	350	0.53	-7.903089986991944
243767.393	350	0.535	-7.903089986991944
244588.429	350	0.54	-7.903089986991944
244867.671	350	0.545	-7.903089986991944
245513.746	350	0.55	-7.903089986991944
246014.989	350	0.555	-7.903089986991944
246452.531	350	0.56	-7.903089986991944
246905.6	350	0.565	-7.903089986991944
247522.247	350	0.57	-7.903089986991944
248129.964	350	0.575	-7.903089986991944
248317.857	350	0.58	-7.903089986991944
249015.122	350	0.585	-7.903089986991944
249379.871	350	0.59	-7.903089986991944
250484.8	350	0.595	-7.903089986991944
251012.043	350	0.6	-7.903089986991944
251599.572	350	0.605	-7.903089986991944
251963.436	350	0.61	-7.903089986991944
252532.056	350	0.615	-7.903089986991944
252988.629	350	0.62	-7.903089986991944
253634.92	350	0.625	-7.903089986991944
254247.692	350	0.63	-7.903089986991944
254500.986	350	0.635	-7.903089986991944
254955.88	350	0.64	-7.903089986991944
255359.035	350	0.645	-7.903089986991944
255787.714	350	0.65	-7.903089986991944
256385.314	350	0.655	-7.903089986991944
256914.541	350	0.66	-7.903089986991944
257543.44	350	0.665	-7.903089986991944
257872.518	350	0.67	-7.903089986991944
258470.889	350	0.675	-7.903089986991944
259026.546	350	0.68	-7.903089986991944
259639.62	350	0.685	-7.903089986991944
260370.714	350	0.69	-7.903089986991944
260855.714	350	0.695	-7.903089986991944
261691.664	350	0.7	-7.903089986991944
262052.729	350	0.705	-7.903089986991944
262519.743	350	0.71	-7.903089986991944
264057.379	350	0.715	-7.903089986991944
264345.771	350	0.72	-7.903089986991944
265300.161	350	0.725	-7.903089986991944
266425.939	350	0.73	-7.903089986991944
267389.652	350	0.735	-7.903089986991944
268444.894	350	0.74	-7.903089986991944
269005.957	350	0.745	-7.903089986991944
269866.089	350	0.75	-7.903089986991944
270145.232	350	0.755	-7.903089986991944
270684.797	350	0.76	-7.903089986991944
271913.771	350	0.765	-7.903089986991944
272497.643	350	0.77	-7.903089986991944
273409.536	350	0.775	-7.903089986991944
273834.93	350	0.78	-7.903089986991944
274689.322	350	0.785	-7.903089986991944
276208.014	350	0.79	-7.903089986991944
276912.161	350	0.795	-7.903089986991944
277308.857	350	0.8	-7.903089986991944
277729.306	350	0.805	-7.903089986991944
278350.401	350	0.81	-7.903089986991944
279249.406	350	0.815	-7.903089986991944
280547.857	350	0.82	-7.903089986991944
281685.482	350	0.825	-7.903089986991944
283342.932	350	0.83	-7.903089986991944
284757.659	350	0.835	-7.903089986991944
285613.06	350	0.84	-7.903089986991944
286488.821	350	0.845	-7.903089986991944
288004.243	350	0.85	-7.903089986991944
288969.2	350	0.855	-7.903089986991944
290124.934	350	0.86	-7.903089986991944
292111.81	350	0.865	-7.903089986991944
293043.014	350	0.87	-7.903089986991944
293867.857	350	0.875	-7.903089986991944
295275.371	350	0.88	-7.903089986991944
296995.207	350	0.885	-7.903089986991944
299727.614	350	0.89	-7.903089986991944
301185.071	350	0.895	-7.903089986991944
304007.714	350	0.9	-7.903089986991944
306463.848	350	0.905	-7.903089986991944
308690.291	350	0.91	-7.903089986991944
312379.989	350	0.915	-7.903089986991944
313397.379	350	0.92	-7.903089986991944
314610.866	350	0.925	-7.903089986991944
317569.674	350	0.93	-7.903089986991944
322554.388	350	0.935	-7.903089986991944
324971.31	350	0.94	-7.903089986991944
329005.0	350	0.945	-7.903089986991944
333242.057	350	0.95	-7.903089986991944
338611.071	350	0.955	-7.903089986991944
345530.629	350	0.96	-7.903089986991944
356542.3	350	0.965	-7.903089986991944
369545.014	350	0.97	-7.903089986991944
383867.571	350	0.975	-7.903089986991944
396648.127	350	0.98	-7.903089986991944
417492.229	350	0.985	-7.903089986991944
464077.886	350	0.99	-7.903089986991944
562267.5	350	0.995	-7.903089986991944
248994.5	375	0.5	-7.903089986991944
249604.514	375	0.505	-7.903089986991944
250232.529	375	0.51	-7.903089986991944
250739.829	375	0.515	-7.903089986991944
250911.749	375	0.52	-7.903089986991944
251220.779	375	0.525	-7.903089986991944
251546.249	375	0.53	-7.903089986991944
251960.826	375	0.535	-7.903089986991944
252264.657	375	0.54	-7.903089986991944
252657.514	375	0.545	-7.903089986991944
253331.175	375	0.55	-7.903089986991944
253799.606	375	0.555	-7.903089986991944
254180.114	375	0.56	-7.903089986991944
254946.416	375	0.565	-7.903089986991944
255324.271	375	0.57	-7.903089986991944
255907.107	375	0.575	-7.903089986991944
256562.069	375	0.58	-7.903089986991944
256789.301	375	0.585	-7.903089986991944
257054.085	375	0.59	-7.903089986991944
257472.564	375	0.595	-7.903089986991944
258267.229	375	0.6	-7.903089986991944
258476.059	375	0.605	-7.903089986991944
258971.071	375	0.61	-7.903089986991944
259258.63	375	0.615	-7.903089986991944
259631.996	375	0.62	-7.903089986991944
259904.286	375	0.625	-7.903089986991944
260306.759	375	0.63	-7.903089986991944
261160.108	375	0.635	-7.903089986991944
261809.257	375	0.64	-7.903089986991944
262783.535	375	0.645	-7.903089986991944
263460.332	375	0.65	-7.903089986991944
264028.664	375	0.655	-7.903089986991944
264579.846	375	0.66	-7.903089986991944
265130.791	375	0.665	-7.903089986991944
265829.309	375	0.67	-7.903089986991944
266458.109	375	0.675	-7.903089986991944
267016.845	375	0.68	-7.903089986991944
267735.599	375	0.685	-7.903089986991944
267930.814	375	0.69	-7.903089986991944
268154.413	375	0.695	-7.903089986991944
268591.743	375	0.7	-7.903089986991944
269033.178	375	0.705	-7.903089986991944
270030.794	375	0.71	-7.903089986991944
270934.035	375	0.715	-7.903089986991944
271695.794	375	0.72	-7.903089986991944
272021.595	375	0.725	-7.903089986991944
272738.608	375	0.73	-7.903089986991944
273279.448	375	0.735	-7.903089986991944
273978.153	375	0.74	-7.903089986991944
274504.51	375	0.745	-7.903089986991944
275127.036	375	0.75	-7.903089986991944
275759.271	375	0.755	-7.903089986991944
276322.034	375	0.76	-7.903089986991944
277674.836	375	0.765	-7.903089986991944
278522.995	375	0.77	-7.903089986991944
279333.643	375	0.775	-7.903089986991944
280204.283	375	0.78	-7.903089986991944
281588.586	375	0.785	-7.903089986991944
281988.329	375	0.79	-7.903089986991944
282550.273	375	0.795	-7.903089986991944
283510.114	375	0.8	-7.903089986991944
284352.179	375	0.805	-7.903089986991944
285672.259	375	0.81	-7.903089986991944
286361.991	375	0.815	-7.903089986991944
287516.616	375	0.82	-7.903089986991944
289158.191	375	0.825	-7.903089986991944
289794.214	375	0.83	-7.903089986991944
290646.676	375	0.835	-7.903089986991944
291588.906	375	0.84	-7.903089986991944
293681.007	375	0.845	-7.903089986991944
294543.5	375	0.85	-7.903089986991944
296108.396	375	0.855	-7.903089986991944
297780.886	375	0.86	-7.903089986991944
299075.729	375	0.865	-7.903089986991944
300888.476	375	0.87	-7.903089986991944
302088.607	375	0.875	-7.903089986991944
304607.877	375	0.88	-7.903089986991944
307364.192	375	0.885	-7.903089986991944
309024.616	375	0.89	-7.903089986991944
311397.845	375	0.895	-7.903089986991944
313300.207	375	0.9	-7.903089986991944
315911.924	375	0.905	-7.903089986991944
317212.229	375	0.91	-7.903089986991944
320208.228	375	0.915	-7.903089986991944
322882.354	375	0.92	-7.903089986991944
324461.102	375	0.925	-7.903089986991944
327441.624	375	0.93	-7.903089986991944
328744.971	375	0.935	-7.903089986991944
331390.057	375	0.94	-7.903089986991944
340784.443	375	0.945	-7.903089986991944
353594.711	375	0.95	-7.903089986991944
364793.014	375	0.955	-7.903089986991944
376044.06	375	0.96	-7.903089986991944
383753.028	375	0.965	-7.903089986991944
386663.231	375	0.97	-7.903089986991944
400726.566	375	0.975	-7.903089986991944
416267.431	375	0.98	-7.903089986991944
438157.957	375	0.985	-7.903089986991944
464294.144	375	0.99	-7.903089986991944
536851.362	375	0.995	-7.903089986991944
252702.143	400	0.5	-7.903089986991944
253313.922	400	0.505	-7.903089986991944
253719.959	400	0.51	-7.903089986991944
254072.409	400	0.515	-7.903089986991944
254689.506	400	0.52	-7.903089986991944
255109.677	400	0.525	-7.903089986991944
255912.917	400	0.53	-7.903089986991944
256095.05	400	0.535	-7.903089986991944
257012.23	400	0.54	-7.903089986991944
257419.71	400	0.545	-7.903089986991944
257885.211	400	0.55	-7.903089986991944
258234.195	400	0.555	-7.903089986991944
258890.629	400	0.56	-7.903089986991944
259801.474	400	0.565	-7.903089986991944
260623.549	400	0.57	-7.903089986991944
261387.393	400	0.575	-7.903089986991944
261669.159	400	0.58	-7.903089986991944
262279.657	400	0.585	-7.903089986991944
262717.244	400	0.59	-7.903089986991944
263137.133	400	0.595	-7.903089986991944
263641.929	400	0.6	-7.903089986991944
264543.687	400	0.605	-7.903089986991944
265197.342	400	0.61	-7.903089986991944
265553.726	400	0.615	-7.903089986991944
266196.657	400	0.62	-7.903089986991944
266519.241	400	0.625	-7.903089986991944
267049.867	400	0.63	-7.903089986991944
268177.255	400	0.635	-7.903089986991944
268514.743	400	0.64	-7.903089986991944
269051.119	400	0.645	-7.903089986991944
269671.886	400	0.65	-7.903089986991944
270497.44	400	0.655	-7.903089986991944
270942.149	400	0.66	-7.903089986991944
271536.542	400	0.665	-7.903089986991944
272347.514	400	0.67	-7.903089986991944
272748.534	400	0.675	-7.903089986991944
273196.723	400	0.68	-7.903089986991944
273377.608	400	0.685	-7.903089986991944
274014.106	400	0.69	-7.903089986991944
274539.302	400	0.695	-7.903089986991944
275185.164	400	0.7	-7.903089986991944
275860.579	400	0.705	-7.903089986991944
276795.927	400	0.71	-7.903089986991944
277176.993	400	0.715	-7.903089986991944
277785.246	400	0.72	-7.903089986991944
278232.98	400	0.725	-7.903089986991944
278637.995	400	0.73	-7.903089986991944
280216.936	400	0.735	-7.903089986991944
281091.2	400	0.74	-7.903089986991944
281364.571	400	0.745	-7.903089986991944
282135.0	400	0.75	-7.903089986991944
282907.979	400	0.755	-7.903089986991944
283724.963	400	0.76	-7.903089986991944
284527.724	400	0.765	-7.903089986991944
285423.443	400	0.77	-7.903089986991944
285778.127	400	0.775	-7.903089986991944
286008.17	400	0.78	-7.903089986991944
286708.656	400	0.785	-7.903089986991944
287285.721	400	0.79	-7.903089986991944
287874.3	400	0.795	-7.903089986991944
288934.057	400	0.8	-7.903089986991944
290345.136	400	0.805	-7.903089986991944
291177.2	400	0.81	-7.903089986991944
292167.964	400	0.815	-7.903089986991944
293513.706	400	0.82	-7.903089986991944
294233.452	400	0.825	-7.903089986991944
295976.249	400	0.83	-7.903089986991944
296909.4	400	0.835	-7.903089986991944
298184.514	400	0.84	-7.903089986991944
299614.779	400	0.845	-7.903089986991944
301696.0	400	0.85	-7.903089986991944
303079.289	400	0.855	-7.903089986991944
305869.143	400	0.86	-7.903089986991944
308437.25	400	0.865	-7.903089986991944
309357.489	400	0.87	-7.903089986991944
311747.804	400	0.875	-7.903089986991944
314272.571	400	0.88	-7.903089986991944
316244.504	400	0.885	-7.903089986991944
317292.416	400	0.89	-7.903089986991944
319085.688	400	0.895	-7.903089986991944
320841.857	400	0.9	-7.903089986991944
322399.153	400	0.905	-7.903089986991944
324564.257	400	0.91	-7.903089986991944
329169.371	400	0.915	-7.903089986991944
332794.874	400	0.92	-7.903089986991944
337048.579	400	0.925	-7.903089986991944
339549.409	400	0.93	-7.903089986991944
342464.71	400	0.935	-7.903089986991944
346978.857	400	0.94	-7.903089986991944
348503.093	400	0.945	-7.903089986991944
356417.075	400	0.95	-7.903089986991944
360915.354	400	0.955	-7.903089986991944
370982.903	400	0.96	-7.903089986991944
374955.521	400	0.965	-7.903089986991944
382059.271	400	0.97	-7.903089986991944
392853.109	400	0.975	-7.903089986991944
415475.543	400	0.98	-7.903089986991944
441653.025	400	0.985	-7.903089986991944
518833.844	400	0.99	-7.903089986991944
594999.407	400	0.995	-7.903089986991944
263989.357	425	0.5	-7.903089986991944
264347.45	425	0.505	-7.903089986991944
264958.086	425	0.51	-7.903089986991944
265643.097	425	0.515	-7.903089986991944
266233.483	425	0.52	-7.903089986991944
266566.07	425	0.525	-7.903089986991944
266918.586	425	0.53	-7.903089986991944
267479.504	425	0.535	-7.903089986991944
268206.576	425	0.54	-7.903089986991944
268801.215	425	0.545	-7.903089986991944
269075.471	425	0.55	-7.903089986991944
269357.472	425	0.555	-7.903089986991944
269856.914	425	0.56	-7.903089986991944
270266.245	425	0.565	-7.903089986991944
270484.579	425	0.57	-7.903089986991944
270758.75	425	0.575	-7.903089986991944
271234.293	425	0.58	-7.903089986991944
271560.828	425	0.585	-7.903089986991944
271927.929	425	0.59	-7.903089986991944
273058.371	425	0.595	-7.903089986991944
273287.8	425	0.6	-7.903089986991944
273486.393	425	0.605	-7.903089986991944
273737.715	425	0.61	-7.903089986991944
274066.064	425	0.615	-7.903089986991944
274231.487	425	0.62	-7.903089986991944
274730.205	425	0.625	-7.903089986991944
275076.788	425	0.63	-7.903089986991944
275574.229	425	0.635	-7.903089986991944
276048.4	425	0.64	-7.903089986991944
276588.803	425	0.645	-7.903089986991944
277400.071	425	0.65	-7.903089986991944
277843.036	425	0.655	-7.903089986991944
278227.219	425	0.66	-7.903089986991944
279355.536	425	0.665	-7.903089986991944
279989.613	425	0.67	-7.903089986991944
280911.523	425	0.675	-7.903089986991944
281287.657	425	0.68	-7.903089986991944
281621.236	425	0.685	-7.903089986991944
282803.771	425	0.69	-7.903089986991944
283079.821	425	0.695	-7.903089986991944
283805.971	425	0.7	-7.903089986991944
284461.691	425	0.705	-7.903089986991944
284760.655	425	0.71	-7.903089986991944
285578.623	425	0.715	-7.903089986991944
286421.143	425	0.72	-7.903089986991944
286955.388	425	0.725	-7.903089986991944
288308.881	425	0.73	-7.903089986991944
289362.617	425	0.735	-7.903089986991944
290610.457	425	0.74	-7.903089986991944
291355.329	425	0.745	-7.903089986991944
292109.0	425	0.75	-7.903089986991944
292260.588	425	0.755	-7.903089986991944
292933.786	425	0.76	-7.903089986991944
293554.559	425	0.765	-7.903089986991944
294281.806	425	0.77	-7.903089986991944
295325.464	425	0.775	-7.903089986991944
296259.107	425	0.78	-7.903089986991944
297387.557	425	0.785	-7.903089986991944
298103.584	425	0.79	-7.903089986991944
299392.359	425	0.795	-7.903089986991944
300263.414	425	0.8	-7.903089986991944
300692.965	425	0.805	-7.903089986991944
301327.286	425	0.81	-7.903089986991944
302846.879	425	0.815	-7.903089986991944
304684.367	425	0.82	-7.903089986991944
305427.191	425	0.825	-7.903089986991944
306539.255	425	0.83	-7.903089986991944
307755.021	425	0.835	-7.903089986991944
308408.571	425	0.84	-7.903089986991944
311659.718	425	0.845	-7.903089986991944
313555.357	425	0.85	-7.903089986991944
315121.502	425	0.855	-7.903089986991944
317980.764	425	0.86	-7.903089986991944
319328.886	425	0.865	-7.903089986991944
320986.389	425	0.87	-7.903089986991944
322113.214	425	0.875	-7.903089986991944
324323.486	425	0.88	-7.903089986991944
325412.558	425	0.885	-7.903089986991944
327599.879	425	0.89	-7.903089986991944
328518.114	425	0.895	-7.903089986991944
330652.164	425	0.9	-7.903089986991944
334021.932	425	0.905	-7.903089986991944
336174.149	425	0.91	-7.903089986991944
337658.829	425	0.915	-7.903089986991944
339576.411	425	0.92	-7.903089986991944
344356.786	425	0.925	-7.903089986991944
346459.366	425	0.93	-7.903089986991944
349408.371	425	0.935	-7.903089986991944
353397.029	425	0.94	-7.903089986991944
360372.963	425	0.945	-7.903089986991944
367726.143	425	0.95	-7.903089986991944
373954.573	425	0.955	-7.903089986991944
377476.897	425	0.96	-7.903089986991944
383648.179	425	0.965	-7.903089986991944
398855.4	425	0.97	-7.903089986991944
411167.589	425	0.975	-7.903089986991944
429571.286	425	0.98	-7.903089986991944
445326.33	425	0.985	-7.903089986991944
485726.871	425	0.99	-7.903089986991944
520817.208	425	0.995	-7.903089986991944
270831.429	450	0.5	-7.903089986991944
271438.557	450	0.505	-7.903089986991944
271836.571	450	0.51	-7.903089986991944
272682.82	450	0.515	-7.903089986991944
273068.409	450	0.52	-7.903089986991944
273580.861	450	0.525	-7.903089986991944
274444.995	450	0.53	-7.903089986991944
274613.017	450	0.535	-7.903089986991944
275084.161	450	0.54	-7.903089986991944
275664.692	450	0.545	-7.903089986991944
276588.182	450	0.55	-7.903089986991944
276945.007	450	0.555	-7.903089986991944
277265.163	450	0.56	-7.903089986991944
277632.922	450	0.565	-7.903089986991944
278339.843	450	0.57	-7.903089986991944
278928.673	450	0.575	-7.903089986991944
279451.743	450	0.58	-7.903089986991944
279628.384	450	0.585	-7.903089986991944
279867.972	450	0.59	-7.903089986991944
280685.021	450	0.595	-7.903089986991944
281217.429	450	0.6	-7.903089986991944
282213.193	450	0.605	-7.903089986991944
282814.971	450	0.61	-7.903089986991944
283870.29	450	0.615	-7.903089986991944
284797.174	450	0.62	-7.903089986991944
285294.777	450	0.625	-7.903089986991944
285768.144	450	0.63	-7.903089986991944
286057.649	450	0.635	-7.903089986991944
286640.491	450	0.64	-7.903089986991944
287402.066	450	0.645	-7.903089986991944
288033.143	450	0.65	-7.903089986991944
288620.286	450	0.655	-7.903089986991944
289297.487	450	0.66	-7.903089986991944
289796.829	450	0.665	-7.903089986991944
290454.7	450	0.67	-7.903089986991944
291341.727	450	0.675	-7.903089986991944
291886.763	450	0.68	-7.903089986991944
292492.073	450	0.685	-7.903089986991944
293526.891	450	0.69	-7.903089986991944
294041.746	450	0.695	-7.903089986991944
294741.736	450	0.7	-7.903089986991944
294955.657	450	0.705	-7.903089986991944
295864.959	450	0.71	-7.903089986991944
296413.121	450	0.715	-7.903089986991944
297620.686	450	0.72	-7.903089986991944
298380.679	450	0.725	-7.903089986991944
298729.234	450	0.73	-7.903089986991944
299206.062	450	0.735	-7.903089986991944
300104.543	450	0.74	-7.903089986991944
300965.015	450	0.745	-7.903089986991944
301660.643	450	0.75	-7.903089986991944
302248.014	450	0.755	-7.903089986991944
303454.971	450	0.76	-7.903089986991944
304337.003	450	0.765	-7.903089986991944
305234.956	450	0.77	-7.903089986991944
305463.766	450	0.775	-7.903089986991944
306128.083	450	0.78	-7.903089986991944
307123.792	450	0.785	-7.903089986991944
307540.031	450	0.79	-7.903089986991944
308269.838	450	0.795	-7.903089986991944
309555.486	450	0.8	-7.903089986991944
310689.9	450	0.805	-7.903089986991944
311252.872	450	0.81	-7.903089986991944
312714.329	450	0.815	-7.903089986991944
313168.371	450	0.82	-7.903089986991944
314256.464	450	0.825	-7.903089986991944
314834.619	450	0.83	-7.903089986991944
315506.275	450	0.835	-7.903089986991944
317083.714	450	0.84	-7.903089986991944
319278.814	450	0.845	-7.903089986991944
320808.214	450	0.85	-7.903089986991944
321367.653	450	0.855	-7.903089986991944
322442.17	450	0.86	-7.903089986991944
324869.407	450	0.865	-7.903089986991944
325647.691	450	0.87	-7.903089986991944
326975.384	450	0.875	-7.903089986991944
328344.686	450	0.88	-7.903089986991944
330585.806	450	0.885	-7.903089986991944
334418.614	450	0.89	-7.903089986991944
336730.486	450	0.895	-7.903089986991944
339326.05	450	0.9	-7.903089986991944
340740.204	450	0.905	-7.903089986991944
343539.665	450	0.91	-7.903089986991944
347002.241	450	0.915	-7.903089986991944
348625.094	450	0.92	-7.903089986991944
353441.429	450	0.925	-7.903089986991944
358600.723	450	0.93	-7.903089986991944
361139.536	450	0.935	-7.903089986991944
362064.299	450	0.94	-7.903089986991944
365440.271	450	0.945	-7.903089986991944
366575.989	450	0.95	-7.903089986991944
371376.757	450	0.955	-7.903089986991944
376138.514	450	0.96	-7.903089986991944
381120.95	450	0.965	-7.903089986991944
393730.847	450	0.97	-7.903089986991944
400543.68	450	0.975	-7.903089986991944
408607.276	450	0.98	-7.903089986991944
429420.629	450	0.985	-7.903089986991944
450333.013	450	0.99	-7.903089986991944
473902.778	450	0.995	-7.903089986991944
