S*_score	SNP_num	quantile	log(local_recomb_rate)
112455.0	25	0.5	-7.903089986991944
113028.4	25	0.505	-7.903089986991944
115797.59	25	0.51	-7.903089986991944
116011.132	25	0.515	-7.903089986991944
116244.533	25	0.52	-7.903089986991944
116822.5	25	0.525	-7.903089986991944
117821.6	25	0.53	-7.903089986991944
118393.1	25	0.535	-7.903089986991944
118627.86	25	0.54	-7.903089986991944
119236.0	25	0.545	-7.903089986991944
119645.99	25	0.55	-7.903089986991944
119696.2	25	0.555	-7.903089986991944
119917.6	25	0.56	-7.903089986991944
120244.533	25	0.565	-7.903089986991944
120925.267	25	0.57	-7.903089986991944
121636.75	25	0.575	-7.903089986991944
123955.0	25	0.58	-7.903089986991944
125465.245	25	0.585	-7.903089986991944
126763.65	25	0.59	-7.903089986991944
127031.961	25	0.595	-7.903089986991944
128052.1	25	0.6	-7.903089986991944
128916.6	25	0.605	-7.903089986991944
129688.0	25	0.61	-7.903089986991944
129793.3	25	0.615	-7.903089986991944
130740.4	25	0.62	-7.903089986991944
130895.0	25	0.625	-7.903089986991944
131237.53	25	0.63	-7.903089986991944
131955.882	25	0.635	-7.903089986991944
132893.6	25	0.64	-7.903089986991944
133112.85	25	0.645	-7.903089986991944
133429.15	25	0.65	-7.903089986991944
133533.015	25	0.655	-7.903089986991944
133632.16	25	0.66	-7.903089986991944
133702.35	25	0.665	-7.903089986991944
134680.5	25	0.67	-7.903089986991944
135888.0	25	0.675	-7.903089986991944
136298.2	25	0.68	-7.903089986991944
136367.225	25	0.685	-7.903089986991944
136921.2	25	0.69	-7.903089986991944
137565.68	25	0.695	-7.903089986991944
139119.2	25	0.7	-7.903089986991944
139560.733	25	0.705	-7.903089986991944
139596.567	25	0.71	-7.903089986991944
139913.05	25	0.715	-7.903089986991944
140335.333	25	0.72	-7.903089986991944
140861.25	25	0.725	-7.903089986991944
140989.8	25	0.73	-7.903089986991944
141171.85	25	0.735	-7.903089986991944
141558.0	25	0.74	-7.903089986991944
141933.7	25	0.745	-7.903089986991944
142465.125	25	0.75	-7.903089986991944
143221.533	25	0.755	-7.903089986991944
144522.68	25	0.76	-7.903089986991944
145097.8	25	0.765	-7.903089986991944
145253.7	25	0.77	-7.903089986991944
146039.158	25	0.775	-7.903089986991944
146902.327	25	0.78	-7.903089986991944
148836.7	25	0.785	-7.903089986991944
149585.4	25	0.79	-7.903089986991944
149688.95	25	0.795	-7.903089986991944
149838.0	25	0.8	-7.903089986991944
150286.8	25	0.805	-7.903089986991944
150872.2	25	0.81	-7.903089986991944
151447.1	25	0.815	-7.903089986991944
151629.58	25	0.82	-7.903089986991944
151787.075	25	0.825	-7.903089986991944
152456.67	25	0.83	-7.903089986991944
153120.715	25	0.835	-7.903089986991944
154271.543	25	0.84	-7.903089986991944
155715.9	25	0.845	-7.903089986991944
156121.0	25	0.85	-7.903089986991944
157201.7	25	0.855	-7.903089986991944
157921.6	25	0.86	-7.903089986991944
158282.133	25	0.865	-7.903089986991944
159304.067	25	0.87	-7.903089986991944
161307.5	25	0.875	-7.903089986991944
162614.4	25	0.88	-7.903089986991944
162810.1	25	0.885	-7.903089986991944
164255.99	25	0.89	-7.903089986991944
165356.455	25	0.895	-7.903089986991944
165756.0	25	0.9	-7.903089986991944
168725.1	25	0.905	-7.903089986991944
168948.01	25	0.91	-7.903089986991944
169195.835	25	0.915	-7.903089986991944
173027.2	25	0.92	-7.903089986991944
174233.5	25	0.925	-7.903089986991944
174786.97	25	0.93	-7.903089986991944
175565.2	25	0.935	-7.903089986991944
177748.133	25	0.94	-7.903089986991944
178396.805	25	0.945	-7.903089986991944
179842.0	25	0.95	-7.903089986991944
182602.55	25	0.955	-7.903089986991944
183639.2	25	0.96	-7.903089986991944
185751.9	25	0.965	-7.903089986991944
186599.2	25	0.97	-7.903089986991944
188061.5	25	0.975	-7.903089986991944
188503.2	25	0.98	-7.903089986991944
189847.7	25	0.985	-7.903089986991944
193490.7	25	0.99	-7.903089986991944
197758.5	25	0.995	-7.903089986991944
115460.0	50	0.5	-7.903089986991944
116631.04	50	0.505	-7.903089986991944
117482.424	50	0.51	-7.903089986991944
118186.0	50	0.515	-7.903089986991944
118738.608	50	0.52	-7.903089986991944
119944.0	50	0.525	-7.903089986991944
120356.0	50	0.53	-7.903089986991944
120793.6	50	0.535	-7.903089986991944
121717.733	50	0.54	-7.903089986991944
122048.587	50	0.545	-7.903089986991944
122242.88	50	0.55	-7.903089986991944
122607.52	50	0.555	-7.903089986991944
123611.55	50	0.56	-7.903089986991944
124181.6	50	0.565	-7.903089986991944
125343.296	50	0.57	-7.903089986991944
125648.857	50	0.575	-7.903089986991944
125951.6	50	0.58	-7.903089986991944
126439.067	50	0.585	-7.903089986991944
127201.84	50	0.59	-7.903089986991944
127833.067	50	0.595	-7.903089986991944
128133.333	50	0.6	-7.903089986991944
128598.756	50	0.605	-7.903089986991944
129155.733	50	0.61	-7.903089986991944
129536.0	50	0.615	-7.903089986991944
130039.88	50	0.62	-7.903089986991944
130220.0	50	0.625	-7.903089986991944
130948.8	50	0.63	-7.903089986991944
131720.8	50	0.635	-7.903089986991944
132162.72	50	0.64	-7.903089986991944
132589.6	50	0.645	-7.903089986991944
132896.0	50	0.65	-7.903089986991944
133372.533	50	0.655	-7.903089986991944
133742.72	50	0.66	-7.903089986991944
134550.8	50	0.665	-7.903089986991944
135168.267	50	0.67	-7.903089986991944
135581.9	50	0.675	-7.903089986991944
136197.12	50	0.68	-7.903089986991944
136586.0	50	0.685	-7.903089986991944
137081.24	50	0.69	-7.903089986991944
137629.11	50	0.695	-7.903089986991944
137874.6	50	0.7	-7.903089986991944
138187.36	50	0.705	-7.903089986991944
138517.04	50	0.71	-7.903089986991944
138807.94	50	0.715	-7.903089986991944
139522.29	50	0.72	-7.903089986991944
140715.143	50	0.725	-7.903089986991944
141359.76	50	0.73	-7.903089986991944
142314.4	50	0.735	-7.903089986991944
143032.92	50	0.74	-7.903089986991944
144332.8	50	0.745	-7.903089986991944
144836.0	50	0.75	-7.903089986991944
145546.8	50	0.755	-7.903089986991944
145873.2	50	0.76	-7.903089986991944
146319.293	50	0.765	-7.903089986991944
147182.7	50	0.77	-7.903089986991944
147657.373	50	0.775	-7.903089986991944
148220.88	50	0.78	-7.903089986991944
149515.8	50	0.785	-7.903089986991944
149870.4	50	0.79	-7.903089986991944
150518.4	50	0.795	-7.903089986991944
151711.8	50	0.8	-7.903089986991944
152066.08	50	0.805	-7.903089986991944
152302.4	50	0.81	-7.903089986991944
152650.8	50	0.815	-7.903089986991944
153051.173	50	0.82	-7.903089986991944
153826.28	50	0.825	-7.903089986991944
154988.0	50	0.83	-7.903089986991944
155898.4	50	0.835	-7.903089986991944
156469.28	50	0.84	-7.903089986991944
157613.82	50	0.845	-7.903089986991944
158651.6	50	0.85	-7.903089986991944
159879.2	50	0.855	-7.903089986991944
160569.2	50	0.86	-7.903089986991944
161174.091	50	0.865	-7.903089986991944
162064.8	50	0.87	-7.903089986991944
163473.5	50	0.875	-7.903089986991944
164495.28	50	0.88	-7.903089986991944
165112.0	50	0.885	-7.903089986991944
165541.6	50	0.89	-7.903089986991944
166123.24	50	0.895	-7.903089986991944
167106.667	50	0.9	-7.903089986991944
167694.933	50	0.905	-7.903089986991944
168461.6	50	0.91	-7.903089986991944
169451.68	50	0.915	-7.903089986991944
170410.88	50	0.92	-7.903089986991944
171048.0	50	0.925	-7.903089986991944
172844.627	50	0.93	-7.903089986991944
174802.8	50	0.935	-7.903089986991944
176052.0	50	0.94	-7.903089986991944
176889.6	50	0.945	-7.903089986991944
177479.457	50	0.95	-7.903089986991944
178808.38	50	0.955	-7.903089986991944
181285.6	50	0.96	-7.903089986991944
185224.533	50	0.965	-7.903089986991944
186563.733	50	0.97	-7.903089986991944
188098.0	50	0.975	-7.903089986991944
190789.856	50	0.98	-7.903089986991944
193343.2	50	0.985	-7.903089986991944
198405.6	50	0.99	-7.903089986991944
211763.2	50	0.995	-7.903089986991944
122655.0	75	0.5	-7.903089986991944
123429.133	75	0.505	-7.903089986991944
123732.635	75	0.51	-7.903089986991944
124308.86	75	0.515	-7.903089986991944
124549.6	75	0.52	-7.903089986991944
124990.619	75	0.525	-7.903089986991944
125358.101	75	0.53	-7.903089986991944
125628.29	75	0.535	-7.903089986991944
126161.867	75	0.54	-7.903089986991944
126790.3	75	0.545	-7.903089986991944
127092.931	75	0.55	-7.903089986991944
127400.413	75	0.555	-7.903089986991944
127684.8	75	0.56	-7.903089986991944
127782.68	75	0.565	-7.903089986991944
128143.6	75	0.57	-7.903089986991944
128406.425	75	0.575	-7.903089986991944
128749.69	75	0.58	-7.903089986991944
129040.967	75	0.585	-7.903089986991944
129208.142	75	0.59	-7.903089986991944
130054.093	75	0.595	-7.903089986991944
130449.189	75	0.6	-7.903089986991944
130925.544	75	0.605	-7.903089986991944
131285.025	75	0.61	-7.903089986991944
131541.436	75	0.615	-7.903089986991944
131741.72	75	0.62	-7.903089986991944
132111.667	75	0.625	-7.903089986991944
132403.914	75	0.63	-7.903089986991944
133070.872	75	0.635	-7.903089986991944
133333.68	75	0.64	-7.903089986991944
133871.863	75	0.645	-7.903089986991944
134191.525	75	0.65	-7.903089986991944
134494.7	75	0.655	-7.903089986991944
134922.468	75	0.66	-7.903089986991944
135498.444	75	0.665	-7.903089986991944
136289.693	75	0.67	-7.903089986991944
136622.625	75	0.675	-7.903089986991944
136953.84	75	0.68	-7.903089986991944
137227.675	75	0.685	-7.903089986991944
137878.086	75	0.69	-7.903089986991944
138711.433	75	0.695	-7.903089986991944
139403.59	75	0.7	-7.903089986991944
139660.684	75	0.705	-7.903089986991944
140062.28	75	0.71	-7.903089986991944
140379.1	75	0.715	-7.903089986991944
140821.509	75	0.72	-7.903089986991944
141375.0	75	0.725	-7.903089986991944
141885.384	75	0.73	-7.903089986991944
142837.207	75	0.735	-7.903089986991944
143512.695	75	0.74	-7.903089986991944
143766.25	75	0.745	-7.903089986991944
144356.25	75	0.75	-7.903089986991944
144867.25	75	0.755	-7.903089986991944
145236.6	75	0.76	-7.903089986991944
145930.91	75	0.765	-7.903089986991944
146349.022	75	0.77	-7.903089986991944
146850.8	75	0.775	-7.903089986991944
147637.8	75	0.78	-7.903089986991944
148542.783	75	0.785	-7.903089986991944
148803.154	75	0.79	-7.903089986991944
148974.116	75	0.795	-7.903089986991944
149411.0	75	0.8	-7.903089986991944
150097.126	75	0.805	-7.903089986991944
150463.233	75	0.81	-7.903089986991944
151001.243	75	0.815	-7.903089986991944
151542.8	75	0.82	-7.903089986991944
152561.938	75	0.825	-7.903089986991944
153311.238	75	0.83	-7.903089986991944
154174.467	75	0.835	-7.903089986991944
154916.0	75	0.84	-7.903089986991944
155727.353	75	0.845	-7.903089986991944
156480.014	75	0.85	-7.903089986991944
156925.933	75	0.855	-7.903089986991944
157643.467	75	0.86	-7.903089986991944
158590.5	75	0.865	-7.903089986991944
159127.36	75	0.87	-7.903089986991944
159772.5	75	0.875	-7.903089986991944
160863.267	75	0.88	-7.903089986991944
161649.524	75	0.885	-7.903089986991944
162218.38	75	0.89	-7.903089986991944
162665.255	75	0.895	-7.903089986991944
163281.091	75	0.9	-7.903089986991944
163644.129	75	0.905	-7.903089986991944
164722.845	75	0.91	-7.903089986991944
165295.823	75	0.915	-7.903089986991944
166104.8	75	0.92	-7.903089986991944
167515.95	75	0.925	-7.903089986991944
168817.4	75	0.93	-7.903089986991944
170458.55	75	0.935	-7.903089986991944
171115.9	75	0.94	-7.903089986991944
172803.2	75	0.945	-7.903089986991944
174499.0	75	0.95	-7.903089986991944
176804.56	75	0.955	-7.903089986991944
179264.0	75	0.96	-7.903089986991944
184168.7	75	0.965	-7.903089986991944
185961.333	75	0.97	-7.903089986991944
189649.438	75	0.975	-7.903089986991944
191921.6	75	0.98	-7.903089986991944
195154.5	75	0.985	-7.903089986991944
197699.8	75	0.99	-7.903089986991944
206020.3	75	0.995	-7.903089986991944
129366.0	100	0.5	-7.903089986991944
129552.694	100	0.505	-7.903089986991944
129795.767	100	0.51	-7.903089986991944
130281.492	100	0.515	-7.903089986991944
130760.3	100	0.52	-7.903089986991944
131031.671	100	0.525	-7.903089986991944
131229.426	100	0.53	-7.903089986991944
131930.516	100	0.535	-7.903089986991944
132309.91	100	0.54	-7.903089986991944
132852.444	100	0.545	-7.903089986991944
133079.237	100	0.55	-7.903089986991944
133550.889	100	0.555	-7.903089986991944
133839.289	100	0.56	-7.903089986991944
134154.557	100	0.565	-7.903089986991944
134336.674	100	0.57	-7.903089986991944
134633.934	100	0.575	-7.903089986991944
134939.327	100	0.58	-7.903089986991944
135165.777	100	0.585	-7.903089986991944
135405.631	100	0.59	-7.903089986991944
135752.041	100	0.595	-7.903089986991944
136004.2	100	0.6	-7.903089986991944
136595.099	100	0.605	-7.903089986991944
137066.544	100	0.61	-7.903089986991944
137418.144	100	0.615	-7.903089986991944
137948.73	100	0.62	-7.903089986991944
138430.236	100	0.625	-7.903089986991944
138831.705	100	0.63	-7.903089986991944
139023.75	100	0.635	-7.903089986991944
139232.855	100	0.64	-7.903089986991944
139672.535	100	0.645	-7.903089986991944
139779.491	100	0.65	-7.903089986991944
140151.577	100	0.655	-7.903089986991944
140327.0	100	0.66	-7.903089986991944
140701.297	100	0.665	-7.903089986991944
141020.971	100	0.67	-7.903089986991944
141343.677	100	0.675	-7.903089986991944
141665.257	100	0.68	-7.903089986991944
142232.523	100	0.685	-7.903089986991944
142960.521	100	0.69	-7.903089986991944
143569.591	100	0.695	-7.903089986991944
144010.6	100	0.7	-7.903089986991944
144173.466	100	0.705	-7.903089986991944
144536.76	100	0.71	-7.903089986991944
145097.068	100	0.715	-7.903089986991944
145532.78	100	0.72	-7.903089986991944
146078.5	100	0.725	-7.903089986991944
146516.055	100	0.73	-7.903089986991944
146777.277	100	0.735	-7.903089986991944
147479.977	100	0.74	-7.903089986991944
147998.69	100	0.745	-7.903089986991944
148286.333	100	0.75	-7.903089986991944
148677.126	100	0.755	-7.903089986991944
149045.695	100	0.76	-7.903089986991944
149437.748	100	0.765	-7.903089986991944
149883.871	100	0.77	-7.903089986991944
150421.905	100	0.775	-7.903089986991944
151095.533	100	0.78	-7.903089986991944
151284.108	100	0.785	-7.903089986991944
151729.377	100	0.79	-7.903089986991944
152377.953	100	0.795	-7.903089986991944
153286.048	100	0.8	-7.903089986991944
153962.06	100	0.805	-7.903089986991944
154529.838	100	0.81	-7.903089986991944
155335.67	100	0.815	-7.903089986991944
155761.973	100	0.82	-7.903089986991944
156571.363	100	0.825	-7.903089986991944
157363.33	100	0.83	-7.903089986991944
157946.163	100	0.835	-7.903089986991944
158515.916	100	0.84	-7.903089986991944
159281.586	100	0.845	-7.903089986991944
160059.221	100	0.85	-7.903089986991944
160342.41	100	0.855	-7.903089986991944
160638.462	100	0.86	-7.903089986991944
161440.069	100	0.865	-7.903089986991944
162749.777	100	0.87	-7.903089986991944
163463.75	100	0.875	-7.903089986991944
163973.04	100	0.88	-7.903089986991944
164853.816	100	0.885	-7.903089986991944
165374.055	100	0.89	-7.903089986991944
166490.144	100	0.895	-7.903089986991944
168879.75	100	0.9	-7.903089986991944
170111.7	100	0.905	-7.903089986991944
170655.803	100	0.91	-7.903089986991944
171691.126	100	0.915	-7.903089986991944
172631.776	100	0.92	-7.903089986991944
173140.32	100	0.925	-7.903089986991944
174301.619	100	0.93	-7.903089986991944
175212.638	100	0.935	-7.903089986991944
176835.265	100	0.94	-7.903089986991944
179363.451	100	0.945	-7.903089986991944
180660.863	100	0.95	-7.903089986991944
181655.94	100	0.955	-7.903089986991944
182492.253	100	0.96	-7.903089986991944
183438.3	100	0.965	-7.903089986991944
184774.438	100	0.97	-7.903089986991944
185883.171	100	0.975	-7.903089986991944
189648.493	100	0.98	-7.903089986991944
193395.096	100	0.985	-7.903089986991944
201173.309	100	0.99	-7.903089986991944
209363.213	100	0.995	-7.903089986991944
134734.333	125	0.5	-7.903089986991944
135056.159	125	0.505	-7.903089986991944
135884.713	125	0.51	-7.903089986991944
136188.795	125	0.515	-7.903089986991944
136502.002	125	0.52	-7.903089986991944
136909.875	125	0.525	-7.903089986991944
137201.33	125	0.53	-7.903089986991944
137378.25	125	0.535	-7.903089986991944
137618.119	125	0.54	-7.903089986991944
137801.633	125	0.545	-7.903089986991944
137994.0	125	0.55	-7.903089986991944
138181.403	125	0.555	-7.903089986991944
138409.333	125	0.56	-7.903089986991944
138578.904	125	0.565	-7.903089986991944
138765.875	125	0.57	-7.903089986991944
139272.727	125	0.575	-7.903089986991944
139613.271	125	0.58	-7.903089986991944
139936.896	125	0.585	-7.903089986991944
140252.4	125	0.59	-7.903089986991944
140298.942	125	0.595	-7.903089986991944
140915.0	125	0.6	-7.903089986991944
141131.527	125	0.605	-7.903089986991944
141776.705	125	0.61	-7.903089986991944
142096.436	125	0.615	-7.903089986991944
142396.23	125	0.62	-7.903089986991944
142820.488	125	0.625	-7.903089986991944
143499.179	125	0.63	-7.903089986991944
143999.825	125	0.635	-7.903089986991944
144339.667	125	0.64	-7.903089986991944
144574.146	125	0.645	-7.903089986991944
144811.489	125	0.65	-7.903089986991944
144909.431	125	0.655	-7.903089986991944
145571.827	125	0.66	-7.903089986991944
145991.766	125	0.665	-7.903089986991944
146340.694	125	0.67	-7.903089986991944
146614.84	125	0.675	-7.903089986991944
147163.528	125	0.68	-7.903089986991944
147470.658	125	0.685	-7.903089986991944
147928.214	125	0.69	-7.903089986991944
148275.092	125	0.695	-7.903089986991944
148506.304	125	0.7	-7.903089986991944
148711.892	125	0.705	-7.903089986991944
149102.235	125	0.71	-7.903089986991944
149969.715	125	0.715	-7.903089986991944
150177.0	125	0.72	-7.903089986991944
150670.417	125	0.725	-7.903089986991944
151161.77	125	0.73	-7.903089986991944
151871.643	125	0.735	-7.903089986991944
152465.933	125	0.74	-7.903089986991944
152802.983	125	0.745	-7.903089986991944
153257.167	125	0.75	-7.903089986991944
153921.502	125	0.755	-7.903089986991944
154189.433	125	0.76	-7.903089986991944
154794.167	125	0.765	-7.903089986991944
155389.554	125	0.77	-7.903089986991944
155848.087	125	0.775	-7.903089986991944
156253.155	125	0.78	-7.903089986991944
156445.119	125	0.785	-7.903089986991944
157000.421	125	0.79	-7.903089986991944
157257.133	125	0.795	-7.903089986991944
157806.667	125	0.8	-7.903089986991944
158257.8	125	0.805	-7.903089986991944
159280.75	125	0.81	-7.903089986991944
159860.575	125	0.815	-7.903089986991944
160587.856	125	0.82	-7.903089986991944
160924.873	125	0.825	-7.903089986991944
161560.833	125	0.83	-7.903089986991944
162280.958	125	0.835	-7.903089986991944
163106.343	125	0.84	-7.903089986991944
163588.988	125	0.845	-7.903089986991944
164191.167	125	0.85	-7.903089986991944
165458.643	125	0.855	-7.903089986991944
165764.373	125	0.86	-7.903089986991944
166128.373	125	0.865	-7.903089986991944
166544.0	125	0.87	-7.903089986991944
166870.893	125	0.875	-7.903089986991944
167591.619	125	0.88	-7.903089986991944
168130.048	125	0.885	-7.903089986991944
168977.8	125	0.89	-7.903089986991944
169812.758	125	0.895	-7.903089986991944
170604.615	125	0.9	-7.903089986991944
171669.738	125	0.905	-7.903089986991944
172268.564	125	0.91	-7.903089986991944
173120.833	125	0.915	-7.903089986991944
174048.0	125	0.92	-7.903089986991944
174847.625	125	0.925	-7.903089986991944
175728.218	125	0.93	-7.903089986991944
177307.333	125	0.935	-7.903089986991944
178844.1	125	0.94	-7.903089986991944
181713.438	125	0.945	-7.903089986991944
183427.957	125	0.95	-7.903089986991944
186036.365	125	0.955	-7.903089986991944
188893.691	125	0.96	-7.903089986991944
192084.917	125	0.965	-7.903089986991944
193244.333	125	0.97	-7.903089986991944
195295.989	125	0.975	-7.903089986991944
197753.633	125	0.98	-7.903089986991944
203224.335	125	0.985	-7.903089986991944
211878.25	125	0.99	-7.903089986991944
226705.361	125	0.995	-7.903089986991944
143587.5	150	0.5	-7.903089986991944
143807.965	150	0.505	-7.903089986991944
144100.672	150	0.51	-7.903089986991944
144204.698	150	0.515	-7.903089986991944
144615.08	150	0.52	-7.903089986991944
144912.739	150	0.525	-7.903089986991944
145183.604	150	0.53	-7.903089986991944
145394.415	150	0.535	-7.903089986991944
146040.822	150	0.54	-7.903089986991944
146346.039	150	0.545	-7.903089986991944
146562.204	150	0.55	-7.903089986991944
146935.373	150	0.555	-7.903089986991944
147079.067	150	0.56	-7.903089986991944
147438.747	150	0.565	-7.903089986991944
147639.281	150	0.57	-7.903089986991944
147970.34	150	0.575	-7.903089986991944
148284.527	150	0.58	-7.903089986991944
148715.275	150	0.585	-7.903089986991944
149159.715	150	0.59	-7.903089986991944
149400.167	150	0.595	-7.903089986991944
149563.461	150	0.6	-7.903089986991944
149840.189	150	0.605	-7.903089986991944
150325.732	150	0.61	-7.903089986991944
150433.489	150	0.615	-7.903089986991944
150605.064	150	0.62	-7.903089986991944
150949.048	150	0.625	-7.903089986991944
151505.213	150	0.63	-7.903089986991944
152022.302	150	0.635	-7.903089986991944
152595.868	150	0.64	-7.903089986991944
152687.327	150	0.645	-7.903089986991944
153090.973	150	0.65	-7.903089986991944
153213.47	150	0.655	-7.903089986991944
153450.24	150	0.66	-7.903089986991944
153902.579	150	0.665	-7.903089986991944
154120.906	150	0.67	-7.903089986991944
154567.502	150	0.675	-7.903089986991944
154854.044	150	0.68	-7.903089986991944
155048.833	150	0.685	-7.903089986991944
155180.294	150	0.69	-7.903089986991944
155484.007	150	0.695	-7.903089986991944
155613.55	150	0.7	-7.903089986991944
155860.796	150	0.705	-7.903089986991944
156198.059	150	0.71	-7.903089986991944
156503.628	150	0.715	-7.903089986991944
157251.663	150	0.72	-7.903089986991944
157698.75	150	0.725	-7.903089986991944
158057.963	150	0.73	-7.903089986991944
158351.795	150	0.735	-7.903089986991944
158623.76	150	0.74	-7.903089986991944
158831.478	150	0.745	-7.903089986991944
159123.167	150	0.75	-7.903089986991944
159675.586	150	0.755	-7.903089986991944
159887.379	150	0.76	-7.903089986991944
160401.396	150	0.765	-7.903089986991944
161010.222	150	0.77	-7.903089986991944
161465.57	150	0.775	-7.903089986991944
161730.998	150	0.78	-7.903089986991944
162312.858	150	0.785	-7.903089986991944
162548.998	150	0.79	-7.903089986991944
162645.857	150	0.795	-7.903089986991944
163249.063	150	0.8	-7.903089986991944
163366.458	150	0.805	-7.903089986991944
163665.118	150	0.81	-7.903089986991944
163865.777	150	0.815	-7.903089986991944
164349.508	150	0.82	-7.903089986991944
164819.375	150	0.825	-7.903089986991944
165543.603	150	0.83	-7.903089986991944
166139.282	150	0.835	-7.903089986991944
166730.663	150	0.84	-7.903089986991944
167274.458	150	0.845	-7.903089986991944
167781.825	150	0.85	-7.903089986991944
168090.012	150	0.855	-7.903089986991944
168311.737	150	0.86	-7.903089986991944
168771.985	150	0.865	-7.903089986991944
169430.754	150	0.87	-7.903089986991944
169858.569	150	0.875	-7.903089986991944
170204.207	150	0.88	-7.903089986991944
170440.736	150	0.885	-7.903089986991944
170715.761	150	0.89	-7.903089986991944
171706.8	150	0.895	-7.903089986991944
172248.83	150	0.9	-7.903089986991944
173014.545	150	0.905	-7.903089986991944
173982.113	150	0.91	-7.903089986991944
174472.74	150	0.915	-7.903089986991944
175006.28	150	0.92	-7.903089986991944
175645.416	150	0.925	-7.903089986991944
176862.587	150	0.93	-7.903089986991944
179733.77	150	0.935	-7.903089986991944
181052.696	150	0.94	-7.903089986991944
183554.699	150	0.945	-7.903089986991944
185495.167	150	0.95	-7.903089986991944
187556.973	150	0.955	-7.903089986991944
188586.52	150	0.96	-7.903089986991944
189886.269	150	0.965	-7.903089986991944
191544.798	150	0.97	-7.903089986991944
193366.45	150	0.975	-7.903089986991944
196397.263	150	0.98	-7.903089986991944
202126.055	150	0.985	-7.903089986991944
205687.233	150	0.99	-7.903089986991944
210977.747	150	0.995	-7.903089986991944
150686.364	175	0.5	-7.903089986991944
151040.162	175	0.505	-7.903089986991944
151268.955	175	0.51	-7.903089986991944
151364.62	175	0.515	-7.903089986991944
151983.791	175	0.52	-7.903089986991944
152379.555	175	0.525	-7.903089986991944
152685.983	175	0.53	-7.903089986991944
152990.103	175	0.535	-7.903089986991944
153200.835	175	0.54	-7.903089986991944
153525.493	175	0.545	-7.903089986991944
153894.667	175	0.55	-7.903089986991944
154214.393	175	0.555	-7.903089986991944
154333.503	175	0.56	-7.903089986991944
154541.327	175	0.565	-7.903089986991944
154749.837	175	0.57	-7.903089986991944
154959.047	175	0.575	-7.903089986991944
155080.407	175	0.58	-7.903089986991944
155271.863	175	0.585	-7.903089986991944
155396.614	175	0.59	-7.903089986991944
155688.428	175	0.595	-7.903089986991944
156203.333	175	0.6	-7.903089986991944
156427.608	175	0.605	-7.903089986991944
156662.939	175	0.61	-7.903089986991944
156949.477	175	0.615	-7.903089986991944
157223.688	175	0.62	-7.903089986991944
157406.591	175	0.625	-7.903089986991944
157616.22	175	0.63	-7.903089986991944
157926.026	175	0.635	-7.903089986991944
158188.064	175	0.64	-7.903089986991944
158332.946	175	0.645	-7.903089986991944
158613.146	175	0.65	-7.903089986991944
158946.594	175	0.655	-7.903089986991944
159296.943	175	0.66	-7.903089986991944
159610.092	175	0.665	-7.903089986991944
159870.545	175	0.67	-7.903089986991944
160249.85	175	0.675	-7.903089986991944
160477.124	175	0.68	-7.903089986991944
160619.96	175	0.685	-7.903089986991944
161036.677	175	0.69	-7.903089986991944
161598.327	175	0.695	-7.903089986991944
161900.053	175	0.7	-7.903089986991944
162360.667	175	0.705	-7.903089986991944
162637.686	175	0.71	-7.903089986991944
162925.845	175	0.715	-7.903089986991944
163267.273	175	0.72	-7.903089986991944
163566.699	175	0.725	-7.903089986991944
163926.278	175	0.73	-7.903089986991944
164287.036	175	0.735	-7.903089986991944
165139.681	175	0.74	-7.903089986991944
165321.408	175	0.745	-7.903089986991944
165623.406	175	0.75	-7.903089986991944
166406.46	175	0.755	-7.903089986991944
166883.648	175	0.76	-7.903089986991944
167208.162	175	0.765	-7.903089986991944
167500.636	175	0.77	-7.903089986991944
167698.019	175	0.775	-7.903089986991944
167950.183	175	0.78	-7.903089986991944
168322.894	175	0.785	-7.903089986991944
168730.913	175	0.79	-7.903089986991944
169209.329	175	0.795	-7.903089986991944
169471.418	175	0.8	-7.903089986991944
169804.783	175	0.805	-7.903089986991944
170122.643	175	0.81	-7.903089986991944
170327.092	175	0.815	-7.903089986991944
170826.288	175	0.82	-7.903089986991944
170937.247	175	0.825	-7.903089986991944
171363.886	175	0.83	-7.903089986991944
171719.439	175	0.835	-7.903089986991944
172092.488	175	0.84	-7.903089986991944
172611.385	175	0.845	-7.903089986991944
173186.329	175	0.85	-7.903089986991944
173405.765	175	0.855	-7.903089986991944
173913.104	175	0.86	-7.903089986991944
174637.218	175	0.865	-7.903089986991944
175297.4	175	0.87	-7.903089986991944
176204.24	175	0.875	-7.903089986991944
177172.741	175	0.88	-7.903089986991944
177532.742	175	0.885	-7.903089986991944
177869.86	175	0.89	-7.903089986991944
178839.863	175	0.895	-7.903089986991944
179608.15	175	0.9	-7.903089986991944
181202.137	175	0.905	-7.903089986991944
182105.25	175	0.91	-7.903089986991944
182486.262	175	0.915	-7.903089986991944
183740.498	175	0.92	-7.903089986991944
184161.728	175	0.925	-7.903089986991944
184502.962	175	0.93	-7.903089986991944
185348.611	175	0.935	-7.903089986991944
186901.462	175	0.94	-7.903089986991944
188029.546	175	0.945	-7.903089986991944
188787.021	175	0.95	-7.903089986991944
190686.952	175	0.955	-7.903089986991944
191825.326	175	0.96	-7.903089986991944
193492.287	175	0.965	-7.903089986991944
194637.758	175	0.97	-7.903089986991944
196394.889	175	0.975	-7.903089986991944
198893.947	175	0.98	-7.903089986991944
206286.262	175	0.985	-7.903089986991944
216031.179	175	0.99	-7.903089986991944
222582.765	175	0.995	-7.903089986991944
155711.354	200	0.5	-7.903089986991944
155844.984	200	0.505	-7.903089986991944
155939.224	200	0.51	-7.903089986991944
156180.419	200	0.515	-7.903089986991944
156520.06	200	0.52	-7.903089986991944
156924.193	200	0.525	-7.903089986991944
157229.847	200	0.53	-7.903089986991944
157506.296	200	0.535	-7.903089986991944
157766.373	200	0.54	-7.903089986991944
157870.046	200	0.545	-7.903089986991944
158339.032	200	0.55	-7.903089986991944
158786.607	200	0.555	-7.903089986991944
158989.991	200	0.56	-7.903089986991944
159280.102	200	0.565	-7.903089986991944
159485.097	200	0.57	-7.903089986991944
159800.455	200	0.575	-7.903089986991944
160090.732	200	0.58	-7.903089986991944
160341.275	200	0.585	-7.903089986991944
160515.747	200	0.59	-7.903089986991944
160896.416	200	0.595	-7.903089986991944
161146.573	200	0.6	-7.903089986991944
161333.223	200	0.605	-7.903089986991944
161571.217	200	0.61	-7.903089986991944
161852.661	200	0.615	-7.903089986991944
162119.584	200	0.62	-7.903089986991944
162680.365	200	0.625	-7.903089986991944
163098.44	200	0.63	-7.903089986991944
163887.012	200	0.635	-7.903089986991944
164055.237	200	0.64	-7.903089986991944
164552.26	200	0.645	-7.903089986991944
164984.1	200	0.65	-7.903089986991944
165271.162	200	0.655	-7.903089986991944
165833.0	200	0.66	-7.903089986991944
166303.242	200	0.665	-7.903089986991944
166570.124	200	0.67	-7.903089986991944
166820.192	200	0.675	-7.903089986991944
167362.953	200	0.68	-7.903089986991944
167635.032	200	0.685	-7.903089986991944
168047.631	200	0.69	-7.903089986991944
168311.949	200	0.695	-7.903089986991944
168824.585	200	0.7	-7.903089986991944
169526.473	200	0.705	-7.903089986991944
169996.775	200	0.71	-7.903089986991944
170242.15	200	0.715	-7.903089986991944
170794.463	200	0.72	-7.903089986991944
170893.01	200	0.725	-7.903089986991944
171120.502	200	0.73	-7.903089986991944
171402.703	200	0.735	-7.903089986991944
171883.29	200	0.74	-7.903089986991944
172345.229	200	0.745	-7.903089986991944
172614.092	200	0.75	-7.903089986991944
173035.09	200	0.755	-7.903089986991944
173301.171	200	0.76	-7.903089986991944
173701.484	200	0.765	-7.903089986991944
174028.453	200	0.77	-7.903089986991944
174310.203	200	0.775	-7.903089986991944
174684.22	200	0.78	-7.903089986991944
175181.403	200	0.785	-7.903089986991944
175578.201	200	0.79	-7.903089986991944
175999.181	200	0.795	-7.903089986991944
176739.029	200	0.8	-7.903089986991944
176926.748	200	0.805	-7.903089986991944
177447.184	200	0.81	-7.903089986991944
178000.136	200	0.815	-7.903089986991944
178565.597	200	0.82	-7.903089986991944
178857.276	200	0.825	-7.903089986991944
179224.023	200	0.83	-7.903089986991944
179759.696	200	0.835	-7.903089986991944
180579.056	200	0.84	-7.903089986991944
180771.191	200	0.845	-7.903089986991944
181005.842	200	0.85	-7.903089986991944
181281.221	200	0.855	-7.903089986991944
181743.112	200	0.86	-7.903089986991944
182295.922	200	0.865	-7.903089986991944
182583.795	200	0.87	-7.903089986991944
183233.25	200	0.875	-7.903089986991944
184342.004	200	0.88	-7.903089986991944
185107.419	200	0.885	-7.903089986991944
185555.021	200	0.89	-7.903089986991944
186233.263	200	0.895	-7.903089986991944
187041.444	200	0.9	-7.903089986991944
187772.14	200	0.905	-7.903089986991944
188854.83	200	0.91	-7.903089986991944
189891.877	200	0.915	-7.903089986991944
191083.344	200	0.92	-7.903089986991944
191688.05	200	0.925	-7.903089986991944
192745.959	200	0.93	-7.903089986991944
193635.84	200	0.935	-7.903089986991944
195410.248	200	0.94	-7.903089986991944
196921.808	200	0.945	-7.903089986991944
197853.214	200	0.95	-7.903089986991944
199795.803	200	0.955	-7.903089986991944
201140.56	200	0.96	-7.903089986991944
202022.003	200	0.965	-7.903089986991944
205311.166	200	0.97	-7.903089986991944
206390.507	200	0.975	-7.903089986991944
209847.46	200	0.98	-7.903089986991944
214920.305	200	0.985	-7.903089986991944
219943.023	200	0.99	-7.903089986991944
232883.255	200	0.995	-7.903089986991944
162977.405	225	0.5	-7.903089986991944
163333.389	225	0.505	-7.903089986991944
163575.341	225	0.51	-7.903089986991944
164026.831	225	0.515	-7.903089986991944
164265.829	225	0.52	-7.903089986991944
164717.792	225	0.525	-7.903089986991944
164836.753	225	0.53	-7.903089986991944
165159.492	225	0.535	-7.903089986991944
165518.238	225	0.54	-7.903089986991944
165989.64	225	0.545	-7.903089986991944
166332.679	225	0.55	-7.903089986991944
166557.939	225	0.555	-7.903089986991944
166716.305	225	0.56	-7.903089986991944
167141.997	225	0.565	-7.903089986991944
167311.884	225	0.57	-7.903089986991944
167633.915	225	0.575	-7.903089986991944
167735.96	225	0.58	-7.903089986991944
167997.437	225	0.585	-7.903089986991944
168276.818	225	0.59	-7.903089986991944
168432.576	225	0.595	-7.903089986991944
168603.846	225	0.6	-7.903089986991944
168718.621	225	0.605	-7.903089986991944
168978.101	225	0.61	-7.903089986991944
169207.036	225	0.615	-7.903089986991944
169414.866	225	0.62	-7.903089986991944
169870.519	225	0.625	-7.903089986991944
169975.612	225	0.63	-7.903089986991944
170270.345	225	0.635	-7.903089986991944
170654.743	225	0.64	-7.903089986991944
170783.626	225	0.645	-7.903089986991944
170914.55	225	0.65	-7.903089986991944
171168.3	225	0.655	-7.903089986991944
171500.857	225	0.66	-7.903089986991944
171832.472	225	0.665	-7.903089986991944
172176.005	225	0.67	-7.903089986991944
172410.194	225	0.675	-7.903089986991944
172730.377	225	0.68	-7.903089986991944
172960.716	225	0.685	-7.903089986991944
173338.111	225	0.69	-7.903089986991944
173689.19	225	0.695	-7.903089986991944
173978.126	225	0.7	-7.903089986991944
174662.077	225	0.705	-7.903089986991944
175024.16	225	0.71	-7.903089986991944
175582.429	225	0.715	-7.903089986991944
175792.618	225	0.72	-7.903089986991944
176124.767	225	0.725	-7.903089986991944
176417.208	225	0.73	-7.903089986991944
176715.003	225	0.735	-7.903089986991944
176965.943	225	0.74	-7.903089986991944
177248.553	225	0.745	-7.903089986991944
177594.151	225	0.75	-7.903089986991944
177885.991	225	0.755	-7.903089986991944
178047.539	225	0.76	-7.903089986991944
178733.404	225	0.765	-7.903089986991944
178934.697	225	0.77	-7.903089986991944
179173.0	225	0.775	-7.903089986991944
179472.476	225	0.78	-7.903089986991944
179661.879	225	0.785	-7.903089986991944
180384.667	225	0.79	-7.903089986991944
181112.295	225	0.795	-7.903089986991944
181612.923	225	0.8	-7.903089986991944
181986.533	225	0.805	-7.903089986991944
182366.071	225	0.81	-7.903089986991944
182863.077	225	0.815	-7.903089986991944
183073.383	225	0.82	-7.903089986991944
183845.871	225	0.825	-7.903089986991944
184320.862	225	0.83	-7.903089986991944
184828.955	225	0.835	-7.903089986991944
185440.44	225	0.84	-7.903089986991944
186205.016	225	0.845	-7.903089986991944
186794.39	225	0.85	-7.903089986991944
187907.197	225	0.855	-7.903089986991944
188534.85	225	0.86	-7.903089986991944
188835.679	225	0.865	-7.903089986991944
189340.886	225	0.87	-7.903089986991944
189870.591	225	0.875	-7.903089986991944
190295.457	225	0.88	-7.903089986991944
191270.725	225	0.885	-7.903089986991944
191815.89	225	0.89	-7.903089986991944
192230.8	225	0.895	-7.903089986991944
192915.791	225	0.9	-7.903089986991944
193688.642	225	0.905	-7.903089986991944
194884.522	225	0.91	-7.903089986991944
195065.108	225	0.915	-7.903089986991944
195914.521	225	0.92	-7.903089986991944
197443.923	225	0.925	-7.903089986991944
197886.855	225	0.93	-7.903089986991944
198947.886	225	0.935	-7.903089986991944
199630.238	225	0.94	-7.903089986991944
200763.23	225	0.945	-7.903089986991944
203041.712	225	0.95	-7.903089986991944
203890.193	225	0.955	-7.903089986991944
206351.908	225	0.96	-7.903089986991944
210872.076	225	0.965	-7.903089986991944
212770.9	225	0.97	-7.903089986991944
215557.468	225	0.975	-7.903089986991944
217304.401	225	0.98	-7.903089986991944
223632.808	225	0.985	-7.903089986991944
226213.329	225	0.99	-7.903089986991944
230531.094	225	0.995	-7.903089986991944
169481.978	250	0.5	-7.903089986991944
169673.761	250	0.505	-7.903089986991944
170042.927	250	0.51	-7.903089986991944
170479.4	250	0.515	-7.903089986991944
170696.08	250	0.52	-7.903089986991944
170894.167	250	0.525	-7.903089986991944
171357.536	250	0.53	-7.903089986991944
171719.018	250	0.535	-7.903089986991944
172008.414	250	0.54	-7.903089986991944
172224.068	250	0.545	-7.903089986991944
172587.254	250	0.55	-7.903089986991944
172704.372	250	0.555	-7.903089986991944
172963.903	250	0.56	-7.903089986991944
173422.511	250	0.565	-7.903089986991944
173746.165	250	0.57	-7.903089986991944
173850.691	250	0.575	-7.903089986991944
174283.045	250	0.58	-7.903089986991944
174784.92	250	0.585	-7.903089986991944
175028.445	250	0.59	-7.903089986991944
175212.262	250	0.595	-7.903089986991944
175530.086	250	0.6	-7.903089986991944
175781.237	250	0.605	-7.903089986991944
176016.885	250	0.61	-7.903089986991944
176462.653	250	0.615	-7.903089986991944
176787.977	250	0.62	-7.903089986991944
177233.604	250	0.625	-7.903089986991944
177526.96	250	0.63	-7.903089986991944
177907.722	250	0.635	-7.903089986991944
178262.571	250	0.64	-7.903089986991944
178567.745	250	0.645	-7.903089986991944
178706.114	250	0.65	-7.903089986991944
178935.236	250	0.655	-7.903089986991944
179340.941	250	0.66	-7.903089986991944
179581.546	250	0.665	-7.903089986991944
179818.579	250	0.67	-7.903089986991944
180132.452	250	0.675	-7.903089986991944
180662.043	250	0.68	-7.903089986991944
181130.943	250	0.685	-7.903089986991944
181320.846	250	0.69	-7.903089986991944
181475.83	250	0.695	-7.903089986991944
181755.994	250	0.7	-7.903089986991944
182430.793	250	0.705	-7.903089986991944
182706.416	250	0.71	-7.903089986991944
183178.415	250	0.715	-7.903089986991944
183599.542	250	0.72	-7.903089986991944
183924.819	250	0.725	-7.903089986991944
184280.395	250	0.73	-7.903089986991944
184673.326	250	0.735	-7.903089986991944
185009.581	250	0.74	-7.903089986991944
185413.028	250	0.745	-7.903089986991944
185726.25	250	0.75	-7.903089986991944
186118.742	250	0.755	-7.903089986991944
186347.709	250	0.76	-7.903089986991944
186563.025	250	0.765	-7.903089986991944
187025.826	250	0.77	-7.903089986991944
187499.338	250	0.775	-7.903089986991944
188068.163	250	0.78	-7.903089986991944
188336.42	250	0.785	-7.903089986991944
188736.952	250	0.79	-7.903089986991944
189472.718	250	0.795	-7.903089986991944
189832.718	250	0.8	-7.903089986991944
190289.342	250	0.805	-7.903089986991944
191155.156	250	0.81	-7.903089986991944
191325.238	250	0.815	-7.903089986991944
191688.499	250	0.82	-7.903089986991944
191944.264	250	0.825	-7.903089986991944
192141.729	250	0.83	-7.903089986991944
192882.475	250	0.835	-7.903089986991944
193313.002	250	0.84	-7.903089986991944
193611.904	250	0.845	-7.903089986991944
194601.481	250	0.85	-7.903089986991944
194834.7	250	0.855	-7.903089986991944
195750.643	250	0.86	-7.903089986991944
196237.803	250	0.865	-7.903089986991944
196943.15	250	0.87	-7.903089986991944
197546.67	250	0.875	-7.903089986991944
198506.418	250	0.88	-7.903089986991944
199351.678	250	0.885	-7.903089986991944
199675.063	250	0.89	-7.903089986991944
200474.981	250	0.895	-7.903089986991944
201151.615	250	0.9	-7.903089986991944
201725.362	250	0.905	-7.903089986991944
202042.523	250	0.91	-7.903089986991944
202717.391	250	0.915	-7.903089986991944
203559.846	250	0.92	-7.903089986991944
204354.816	250	0.925	-7.903089986991944
205098.8	250	0.93	-7.903089986991944
206750.178	250	0.935	-7.903089986991944
208682.706	250	0.94	-7.903089986991944
209379.871	250	0.945	-7.903089986991944
210544.214	250	0.95	-7.903089986991944
211927.644	250	0.955	-7.903089986991944
214098.83	250	0.96	-7.903089986991944
215571.212	250	0.965	-7.903089986991944
218022.954	250	0.97	-7.903089986991944
219973.542	250	0.975	-7.903089986991944
223598.989	250	0.98	-7.903089986991944
229535.549	250	0.985	-7.903089986991944
241223.685	250	0.99	-7.903089986991944
263430.617	250	0.995	-7.903089986991944
176540.512	275	0.5	-7.903089986991944
176786.074	275	0.505	-7.903089986991944
177131.438	275	0.51	-7.903089986991944
177425.229	275	0.515	-7.903089986991944
177563.651	275	0.52	-7.903089986991944
177789.179	275	0.525	-7.903089986991944
178014.743	275	0.53	-7.903089986991944
178358.361	275	0.535	-7.903089986991944
178511.866	275	0.54	-7.903089986991944
178792.188	275	0.545	-7.903089986991944
179209.377	275	0.55	-7.903089986991944
179401.201	275	0.555	-7.903089986991944
179690.05	275	0.56	-7.903089986991944
179936.648	275	0.565	-7.903089986991944
180211.63	275	0.57	-7.903089986991944
180524.107	275	0.575	-7.903089986991944
180705.817	275	0.58	-7.903089986991944
180983.135	275	0.585	-7.903089986991944
181321.457	275	0.59	-7.903089986991944
181578.864	275	0.595	-7.903089986991944
181846.229	275	0.6	-7.903089986991944
182027.053	275	0.605	-7.903089986991944
182252.798	275	0.61	-7.903089986991944
182510.004	275	0.615	-7.903089986991944
182752.592	275	0.62	-7.903089986991944
182980.634	275	0.625	-7.903089986991944
183355.869	275	0.63	-7.903089986991944
183936.243	275	0.635	-7.903089986991944
184159.524	275	0.64	-7.903089986991944
184503.229	275	0.645	-7.903089986991944
184824.193	275	0.65	-7.903089986991944
185112.731	275	0.655	-7.903089986991944
185290.271	275	0.66	-7.903089986991944
185650.331	275	0.665	-7.903089986991944
185932.895	275	0.67	-7.903089986991944
186181.739	275	0.675	-7.903089986991944
186634.309	275	0.68	-7.903089986991944
187040.93	275	0.685	-7.903089986991944
187320.421	275	0.69	-7.903089986991944
187628.838	275	0.695	-7.903089986991944
187976.027	275	0.7	-7.903089986991944
188106.577	275	0.705	-7.903089986991944
188408.953	275	0.71	-7.903089986991944
188662.131	275	0.715	-7.903089986991944
188939.56	275	0.72	-7.903089986991944
189206.777	275	0.725	-7.903089986991944
189540.477	275	0.73	-7.903089986991944
189913.225	275	0.735	-7.903089986991944
190265.916	275	0.74	-7.903089986991944
190996.769	275	0.745	-7.903089986991944
191355.548	275	0.75	-7.903089986991944
191602.57	275	0.755	-7.903089986991944
192078.686	275	0.76	-7.903089986991944
192385.437	275	0.765	-7.903089986991944
192713.881	275	0.77	-7.903089986991944
193022.964	275	0.775	-7.903089986991944
193456.177	275	0.78	-7.903089986991944
194007.065	275	0.785	-7.903089986991944
194143.574	275	0.79	-7.903089986991944
194473.086	275	0.795	-7.903089986991944
195432.116	275	0.8	-7.903089986991944
195724.934	275	0.805	-7.903089986991944
196558.447	275	0.81	-7.903089986991944
196796.644	275	0.815	-7.903089986991944
197093.017	275	0.82	-7.903089986991944
197345.032	275	0.825	-7.903089986991944
197655.902	275	0.83	-7.903089986991944
197958.888	275	0.835	-7.903089986991944
198596.218	275	0.84	-7.903089986991944
199085.818	275	0.845	-7.903089986991944
199687.198	275	0.85	-7.903089986991944
200301.688	275	0.855	-7.903089986991944
200844.494	275	0.86	-7.903089986991944
201207.433	275	0.865	-7.903089986991944
201503.356	275	0.87	-7.903089986991944
201763.865	275	0.875	-7.903089986991944
202078.183	275	0.88	-7.903089986991944
202855.89	275	0.885	-7.903089986991944
203918.034	275	0.89	-7.903089986991944
204844.992	275	0.895	-7.903089986991944
205595.062	275	0.9	-7.903089986991944
206112.605	275	0.905	-7.903089986991944
206392.591	275	0.91	-7.903089986991944
207035.569	275	0.915	-7.903089986991944
207740.16	275	0.92	-7.903089986991944
208408.489	275	0.925	-7.903089986991944
208918.968	275	0.93	-7.903089986991944
211224.086	275	0.935	-7.903089986991944
212693.466	275	0.94	-7.903089986991944
213583.618	275	0.945	-7.903089986991944
214636.937	275	0.95	-7.903089986991944
215833.971	275	0.955	-7.903089986991944
216810.069	275	0.96	-7.903089986991944
221102.108	275	0.965	-7.903089986991944
222968.486	275	0.97	-7.903089986991944
224350.358	275	0.975	-7.903089986991944
228878.762	275	0.98	-7.903089986991944
234124.015	275	0.985	-7.903089986991944
242584.731	275	0.99	-7.903089986991944
257268.283	275	0.995	-7.903089986991944
181971.883	300	0.5	-7.903089986991944
182336.429	300	0.505	-7.903089986991944
182884.975	300	0.51	-7.903089986991944
183133.992	300	0.515	-7.903089986991944
183212.354	300	0.52	-7.903089986991944
183457.165	300	0.525	-7.903089986991944
183977.965	300	0.53	-7.903089986991944
184092.159	300	0.535	-7.903089986991944
184415.567	300	0.54	-7.903089986991944
184665.428	300	0.545	-7.903089986991944
185027.182	300	0.55	-7.903089986991944
185446.222	300	0.555	-7.903089986991944
185636.12	300	0.56	-7.903089986991944
185738.191	300	0.565	-7.903089986991944
185841.8	300	0.57	-7.903089986991944
186111.021	300	0.575	-7.903089986991944
186558.523	300	0.58	-7.903089986991944
186770.44	300	0.585	-7.903089986991944
187048.255	300	0.59	-7.903089986991944
187377.692	300	0.595	-7.903089986991944
187598.143	300	0.6	-7.903089986991944
187770.024	300	0.605	-7.903089986991944
188063.725	300	0.61	-7.903089986991944
188156.557	300	0.615	-7.903089986991944
188381.022	300	0.62	-7.903089986991944
188753.259	300	0.625	-7.903089986991944
188857.797	300	0.63	-7.903089986991944
189159.598	300	0.635	-7.903089986991944
189363.589	300	0.64	-7.903089986991944
189503.072	300	0.645	-7.903089986991944
189689.938	300	0.65	-7.903089986991944
190054.55	300	0.655	-7.903089986991944
190333.029	300	0.66	-7.903089986991944
190430.727	300	0.665	-7.903089986991944
191021.077	300	0.67	-7.903089986991944
191324.288	300	0.675	-7.903089986991944
191666.629	300	0.68	-7.903089986991944
191872.171	300	0.685	-7.903089986991944
192020.401	300	0.69	-7.903089986991944
192329.173	300	0.695	-7.903089986991944
192719.424	300	0.7	-7.903089986991944
192957.666	300	0.705	-7.903089986991944
193207.375	300	0.71	-7.903089986991944
193681.644	300	0.715	-7.903089986991944
193975.823	300	0.72	-7.903089986991944
194396.575	300	0.725	-7.903089986991944
194768.486	300	0.73	-7.903089986991944
195210.15	300	0.735	-7.903089986991944
195477.591	300	0.74	-7.903089986991944
195755.636	300	0.745	-7.903089986991944
196267.911	300	0.75	-7.903089986991944
196576.649	300	0.755	-7.903089986991944
197084.649	300	0.76	-7.903089986991944
197398.59	300	0.765	-7.903089986991944
197801.298	300	0.77	-7.903089986991944
198491.607	300	0.775	-7.903089986991944
198898.469	300	0.78	-7.903089986991944
199526.79	300	0.785	-7.903089986991944
199936.598	300	0.79	-7.903089986991944
200203.221	300	0.795	-7.903089986991944
200761.121	300	0.8	-7.903089986991944
201103.1	300	0.805	-7.903089986991944
201456.674	300	0.81	-7.903089986991944
202248.936	300	0.815	-7.903089986991944
202664.374	300	0.82	-7.903089986991944
202872.304	300	0.825	-7.903089986991944
203230.238	300	0.83	-7.903089986991944
203497.926	300	0.835	-7.903089986991944
203660.425	300	0.84	-7.903089986991944
203877.629	300	0.845	-7.903089986991944
204551.643	300	0.85	-7.903089986991944
205504.34	300	0.855	-7.903089986991944
206474.687	300	0.86	-7.903089986991944
207680.481	300	0.865	-7.903089986991944
208524.315	300	0.87	-7.903089986991944
209520.833	300	0.875	-7.903089986991944
209783.752	300	0.88	-7.903089986991944
210125.992	300	0.885	-7.903089986991944
210940.291	300	0.89	-7.903089986991944
211385.386	300	0.895	-7.903089986991944
211697.843	300	0.9	-7.903089986991944
212041.864	300	0.905	-7.903089986991944
213127.465	300	0.91	-7.903089986991944
213606.084	300	0.915	-7.903089986991944
214314.006	300	0.92	-7.903089986991944
215043.86	300	0.925	-7.903089986991944
217049.37	300	0.93	-7.903089986991944
217922.844	300	0.935	-7.903089986991944
219196.523	300	0.94	-7.903089986991944
220634.16	300	0.945	-7.903089986991944
221960.929	300	0.95	-7.903089986991944
222709.789	300	0.955	-7.903089986991944
223014.265	300	0.96	-7.903089986991944
225924.2	300	0.965	-7.903089986991944
228250.38	300	0.97	-7.903089986991944
231642.325	300	0.975	-7.903089986991944
235994.441	300	0.98	-7.903089986991944
241724.433	300	0.985	-7.903089986991944
244764.093	300	0.99	-7.903089986991944
261070.421	300	0.995	-7.903089986991944
188497.896	325	0.5	-7.903089986991944
188640.783	325	0.505	-7.903089986991944
188855.912	325	0.51	-7.903089986991944
189221.506	325	0.515	-7.903089986991944
189368.4	325	0.52	-7.903089986991944
189539.131	325	0.525	-7.903089986991944
189689.396	325	0.53	-7.903089986991944
189977.702	325	0.535	-7.903089986991944
190141.692	325	0.54	-7.903089986991944
190349.242	325	0.545	-7.903089986991944
190483.615	325	0.55	-7.903089986991944
190823.482	325	0.555	-7.903089986991944
191034.126	325	0.56	-7.903089986991944
191270.01	325	0.565	-7.903089986991944
191513.981	325	0.57	-7.903089986991944
191715.639	325	0.575	-7.903089986991944
192059.755	325	0.58	-7.903089986991944
192408.783	325	0.585	-7.903089986991944
192730.63	325	0.59	-7.903089986991944
192974.729	325	0.595	-7.903089986991944
193207.714	325	0.6	-7.903089986991944
193504.264	325	0.605	-7.903089986991944
193773.223	325	0.61	-7.903089986991944
193922.38	325	0.615	-7.903089986991944
194522.19	325	0.62	-7.903089986991944
194802.065	325	0.625	-7.903089986991944
195198.298	325	0.63	-7.903089986991944
195929.014	325	0.635	-7.903089986991944
196145.369	325	0.64	-7.903089986991944
196544.814	325	0.645	-7.903089986991944
196910.5	325	0.65	-7.903089986991944
197253.621	325	0.655	-7.903089986991944
197373.15	325	0.66	-7.903089986991944
197697.01	325	0.665	-7.903089986991944
198098.029	325	0.67	-7.903089986991944
198237.857	325	0.675	-7.903089986991944
198563.486	325	0.68	-7.903089986991944
198926.302	325	0.685	-7.903089986991944
199340.078	325	0.69	-7.903089986991944
199594.858	325	0.695	-7.903089986991944
199989.736	325	0.7	-7.903089986991944
200395.567	325	0.705	-7.903089986991944
200563.399	325	0.71	-7.903089986991944
200790.679	325	0.715	-7.903089986991944
201031.483	325	0.72	-7.903089986991944
201203.588	325	0.725	-7.903089986991944
201286.149	325	0.73	-7.903089986991944
201655.524	325	0.735	-7.903089986991944
201857.477	325	0.74	-7.903089986991944
202040.099	325	0.745	-7.903089986991944
202257.335	325	0.75	-7.903089986991944
202575.952	325	0.755	-7.903089986991944
202773.746	325	0.76	-7.903089986991944
203235.952	325	0.765	-7.903089986991944
203649.547	325	0.77	-7.903089986991944
203980.614	325	0.775	-7.903089986991944
204427.269	325	0.78	-7.903089986991944
204843.124	325	0.785	-7.903089986991944
205546.869	325	0.79	-7.903089986991944
206011.478	325	0.795	-7.903089986991944
206408.631	325	0.8	-7.903089986991944
207002.206	325	0.805	-7.903089986991944
207389.771	325	0.81	-7.903089986991944
208080.278	325	0.815	-7.903089986991944
208458.044	325	0.82	-7.903089986991944
208913.155	325	0.825	-7.903089986991944
209358.486	325	0.83	-7.903089986991944
209764.933	325	0.835	-7.903089986991944
210021.691	325	0.84	-7.903089986991944
210460.597	325	0.845	-7.903089986991944
211161.308	325	0.85	-7.903089986991944
211700.583	325	0.855	-7.903089986991944
211978.041	325	0.86	-7.903089986991944
212187.249	325	0.865	-7.903089986991944
212640.281	325	0.87	-7.903089986991944
212970.0	325	0.875	-7.903089986991944
213143.086	325	0.88	-7.903089986991944
213488.514	325	0.885	-7.903089986991944
214367.257	325	0.89	-7.903089986991944
214657.178	325	0.895	-7.903089986991944
215146.114	325	0.9	-7.903089986991944
215387.684	325	0.905	-7.903089986991944
215930.023	325	0.91	-7.903089986991944
216833.624	325	0.915	-7.903089986991944
217804.486	325	0.92	-7.903089986991944
219420.868	325	0.925	-7.903089986991944
220842.856	325	0.93	-7.903089986991944
221792.092	325	0.935	-7.903089986991944
222645.673	325	0.94	-7.903089986991944
223431.926	325	0.945	-7.903089986991944
224351.718	325	0.95	-7.903089986991944
225498.913	325	0.955	-7.903089986991944
226318.98	325	0.96	-7.903089986991944
228069.678	325	0.965	-7.903089986991944
230925.462	325	0.97	-7.903089986991944
232308.818	325	0.975	-7.903089986991944
235462.054	325	0.98	-7.903089986991944
251063.032	325	0.985	-7.903089986991944
255585.342	325	0.99	-7.903089986991944
269148.622	325	0.995	-7.903089986991944
193082.31	350	0.5	-7.903089986991944
193429.84	350	0.505	-7.903089986991944
193554.843	350	0.51	-7.903089986991944
193700.601	350	0.515	-7.903089986991944
194153.257	350	0.52	-7.903089986991944
194304.07	350	0.525	-7.903089986991944
194512.588	350	0.53	-7.903089986991944
194732.591	350	0.535	-7.903089986991944
194992.462	350	0.54	-7.903089986991944
195460.189	350	0.545	-7.903089986991944
195702.807	350	0.55	-7.903089986991944
195947.847	350	0.555	-7.903089986991944
196324.669	350	0.56	-7.903089986991944
196759.138	350	0.565	-7.903089986991944
196928.198	350	0.57	-7.903089986991944
197047.275	350	0.575	-7.903089986991944
197314.943	350	0.58	-7.903089986991944
197802.754	350	0.585	-7.903089986991944
197926.266	350	0.59	-7.903089986991944
198191.571	350	0.595	-7.903089986991944
198432.629	350	0.6	-7.903089986991944
198628.779	350	0.605	-7.903089986991944
198983.759	350	0.61	-7.903089986991944
199110.36	350	0.615	-7.903089986991944
199387.113	350	0.62	-7.903089986991944
199742.995	350	0.625	-7.903089986991944
200117.189	350	0.63	-7.903089986991944
200422.074	350	0.635	-7.903089986991944
200892.674	350	0.64	-7.903089986991944
201142.997	350	0.645	-7.903089986991944
201339.714	350	0.65	-7.903089986991944
201637.583	350	0.655	-7.903089986991944
201910.668	350	0.66	-7.903089986991944
202223.986	350	0.665	-7.903089986991944
202536.786	350	0.67	-7.903089986991944
202808.821	350	0.675	-7.903089986991944
202996.523	350	0.68	-7.903089986991944
203712.589	350	0.685	-7.903089986991944
204000.007	350	0.69	-7.903089986991944
204392.965	350	0.695	-7.903089986991944
204636.575	350	0.7	-7.903089986991944
204730.793	350	0.705	-7.903089986991944
205004.714	350	0.71	-7.903089986991944
205254.879	350	0.715	-7.903089986991944
205527.886	350	0.72	-7.903089986991944
205798.441	350	0.725	-7.903089986991944
206117.624	350	0.73	-7.903089986991944
206631.356	350	0.735	-7.903089986991944
206943.19	350	0.74	-7.903089986991944
207079.289	350	0.745	-7.903089986991944
207417.534	350	0.75	-7.903089986991944
207643.965	350	0.755	-7.903089986991944
208005.289	350	0.76	-7.903089986991944
208434.143	350	0.765	-7.903089986991944
208985.157	350	0.77	-7.903089986991944
209218.821	350	0.775	-7.903089986991944
209438.016	350	0.78	-7.903089986991944
209729.058	350	0.785	-7.903089986991944
210224.666	350	0.79	-7.903089986991944
210828.901	350	0.795	-7.903089986991944
211139.714	350	0.8	-7.903089986991944
211898.253	350	0.805	-7.903089986991944
212818.66	350	0.81	-7.903089986991944
213108.078	350	0.815	-7.903089986991944
213502.03	350	0.82	-7.903089986991944
213854.68	350	0.825	-7.903089986991944
214338.941	350	0.83	-7.903089986991944
214736.171	350	0.835	-7.903089986991944
215097.486	350	0.84	-7.903089986991944
215805.562	350	0.845	-7.903089986991944
216301.011	350	0.85	-7.903089986991944
216870.04	350	0.855	-7.903089986991944
217398.74	350	0.86	-7.903089986991944
218207.214	350	0.865	-7.903089986991944
218485.038	350	0.87	-7.903089986991944
219674.784	350	0.875	-7.903089986991944
220258.146	350	0.88	-7.903089986991944
220594.913	350	0.885	-7.903089986991944
221405.398	350	0.89	-7.903089986991944
222303.2	350	0.895	-7.903089986991944
223334.923	350	0.9	-7.903089986991944
224210.143	350	0.905	-7.903089986991944
224588.805	350	0.91	-7.903089986991944
225306.541	350	0.915	-7.903089986991944
226143.342	350	0.92	-7.903089986991944
227620.684	350	0.925	-7.903089986991944
228857.9	350	0.93	-7.903089986991944
230246.483	350	0.935	-7.903089986991944
230798.129	350	0.94	-7.903089986991944
232538.043	350	0.945	-7.903089986991944
233495.075	350	0.95	-7.903089986991944
235431.596	350	0.955	-7.903089986991944
236772.171	350	0.96	-7.903089986991944
239051.707	350	0.965	-7.903089986991944
242191.548	350	0.97	-7.903089986991944
243729.112	350	0.975	-7.903089986991944
247414.308	350	0.98	-7.903089986991944
255999.278	350	0.985	-7.903089986991944
265346.216	350	0.99	-7.903089986991944
278603.835	350	0.995	-7.903089986991944
200053.137	375	0.5	-7.903089986991944
200203.7	375	0.505	-7.903089986991944
200491.108	375	0.51	-7.903089986991944
200675.56	375	0.515	-7.903089986991944
201011.761	375	0.52	-7.903089986991944
201306.279	375	0.525	-7.903089986991944
201608.791	375	0.53	-7.903089986991944
201799.607	375	0.535	-7.903089986991944
201932.692	375	0.54	-7.903089986991944
202420.545	375	0.545	-7.903089986991944
202847.5	375	0.55	-7.903089986991944
203184.012	375	0.555	-7.903089986991944
203784.101	375	0.56	-7.903089986991944
204099.508	375	0.565	-7.903089986991944
204174.141	375	0.57	-7.903089986991944
204348.64	375	0.575	-7.903089986991944
204626.399	375	0.58	-7.903089986991944
204787.399	375	0.585	-7.903089986991944
205212.488	375	0.59	-7.903089986991944
205552.61	375	0.595	-7.903089986991944
205872.057	375	0.6	-7.903089986991944
206063.422	375	0.605	-7.903089986991944
206648.514	375	0.61	-7.903089986991944
206832.433	375	0.615	-7.903089986991944
207079.714	375	0.62	-7.903089986991944
207224.366	375	0.625	-7.903089986991944
207692.704	375	0.63	-7.903089986991944
208058.273	375	0.635	-7.903089986991944
208412.574	375	0.64	-7.903089986991944
208821.95	375	0.645	-7.903089986991944
208960.997	375	0.65	-7.903089986991944
209236.385	375	0.655	-7.903089986991944
209594.743	375	0.66	-7.903089986991944
209846.207	375	0.665	-7.903089986991944
210338.8	375	0.67	-7.903089986991944
210617.977	375	0.675	-7.903089986991944
210795.885	375	0.68	-7.903089986991944
211214.929	375	0.685	-7.903089986991944
211542.246	375	0.69	-7.903089986991944
211866.078	375	0.695	-7.903089986991944
212023.857	375	0.7	-7.903089986991944
212213.308	375	0.705	-7.903089986991944
212630.003	375	0.71	-7.903089986991944
212917.086	375	0.715	-7.903089986991944
213215.657	375	0.72	-7.903089986991944
213701.762	375	0.725	-7.903089986991944
213954.129	375	0.73	-7.903089986991944
214524.066	375	0.735	-7.903089986991944
214916.118	375	0.74	-7.903089986991944
215338.346	375	0.745	-7.903089986991944
216079.038	375	0.75	-7.903089986991944
216427.611	375	0.755	-7.903089986991944
216787.843	375	0.76	-7.903089986991944
217260.588	375	0.765	-7.903089986991944
217515.853	375	0.77	-7.903089986991944
218054.821	375	0.775	-7.903089986991944
218464.176	375	0.78	-7.903089986991944
218720.951	375	0.785	-7.903089986991944
218958.473	375	0.79	-7.903089986991944
219274.45	375	0.795	-7.903089986991944
219512.086	375	0.8	-7.903089986991944
219761.65	375	0.805	-7.903089986991944
220224.397	375	0.81	-7.903089986991944
220453.486	375	0.815	-7.903089986991944
220768.979	375	0.82	-7.903089986991944
221356.036	375	0.825	-7.903089986991944
222193.954	375	0.83	-7.903089986991944
222831.869	375	0.835	-7.903089986991944
223077.524	375	0.84	-7.903089986991944
223267.982	375	0.845	-7.903089986991944
223644.243	375	0.85	-7.903089986991944
223797.257	375	0.855	-7.903089986991944
225005.43	375	0.86	-7.903089986991944
225430.24	375	0.865	-7.903089986991944
226069.51	375	0.87	-7.903089986991944
226662.509	375	0.875	-7.903089986991944
227732.046	375	0.88	-7.903089986991944
228223.814	375	0.885	-7.903089986991944
228771.786	375	0.89	-7.903089986991944
229580.102	375	0.895	-7.903089986991944
229811.143	375	0.9	-7.903089986991944
230297.121	375	0.905	-7.903089986991944
230938.092	375	0.91	-7.903089986991944
231438.892	375	0.915	-7.903089986991944
232131.886	375	0.92	-7.903089986991944
232832.558	375	0.925	-7.903089986991944
234246.995	375	0.93	-7.903089986991944
235680.153	375	0.935	-7.903089986991944
237411.974	375	0.94	-7.903089986991944
238306.461	375	0.945	-7.903089986991944
240194.439	375	0.95	-7.903089986991944
241195.225	375	0.955	-7.903089986991944
242946.237	375	0.96	-7.903089986991944
245197.107	375	0.965	-7.903089986991944
246759.512	375	0.97	-7.903089986991944
249146.357	375	0.975	-7.903089986991944
251049.748	375	0.98	-7.903089986991944
262430.671	375	0.985	-7.903089986991944
269483.015	375	0.99	-7.903089986991944
285472.813	375	0.995	-7.903089986991944
204102.143	400	0.5	-7.903089986991944
204451.779	400	0.505	-7.903089986991944
204637.859	400	0.51	-7.903089986991944
204887.526	400	0.515	-7.903089986991944
205192.518	400	0.52	-7.903089986991944
205561.804	400	0.525	-7.903089986991944
206037.8	400	0.53	-7.903089986991944
206261.085	400	0.535	-7.903089986991944
206647.927	400	0.54	-7.903089986991944
206853.259	400	0.545	-7.903089986991944
207089.104	400	0.55	-7.903089986991944
207389.187	400	0.555	-7.903089986991944
207657.069	400	0.56	-7.903089986991944
208247.743	400	0.565	-7.903089986991944
208413.626	400	0.57	-7.903089986991944
208647.121	400	0.575	-7.903089986991944
208831.8	400	0.58	-7.903089986991944
209034.975	400	0.585	-7.903089986991944
209228.958	400	0.59	-7.903089986991944
209455.012	400	0.595	-7.903089986991944
209843.143	400	0.6	-7.903089986991944
210055.571	400	0.605	-7.903089986991944
210558.121	400	0.61	-7.903089986991944
210940.821	400	0.615	-7.903089986991944
211341.021	400	0.62	-7.903089986991944
211671.875	400	0.625	-7.903089986991944
211895.457	400	0.63	-7.903089986991944
212151.043	400	0.635	-7.903089986991944
212635.657	400	0.64	-7.903089986991944
213111.137	400	0.645	-7.903089986991944
213359.266	400	0.65	-7.903089986991944
213740.903	400	0.655	-7.903089986991944
214002.486	400	0.66	-7.903089986991944
214289.872	400	0.665	-7.903089986991944
214522.284	400	0.67	-7.903089986991944
214980.893	400	0.675	-7.903089986991944
215218.197	400	0.68	-7.903089986991944
215639.51	400	0.685	-7.903089986991944
216110.101	400	0.69	-7.903089986991944
216314.921	400	0.695	-7.903089986991944
216584.357	400	0.7	-7.903089986991944
216742.992	400	0.705	-7.903089986991944
217029.422	400	0.71	-7.903089986991944
217348.653	400	0.715	-7.903089986991944
217749.169	400	0.72	-7.903089986991944
218055.118	400	0.725	-7.903089986991944
218616.242	400	0.73	-7.903089986991944
219129.843	400	0.735	-7.903089986991944
219431.19	400	0.74	-7.903089986991944
220008.071	400	0.745	-7.903089986991944
220342.554	400	0.75	-7.903089986991944
220680.429	400	0.755	-7.903089986991944
221484.431	400	0.76	-7.903089986991944
222098.981	400	0.765	-7.903089986991944
222440.036	400	0.77	-7.903089986991944
222615.091	400	0.775	-7.903089986991944
223186.531	400	0.78	-7.903089986991944
223796.355	400	0.785	-7.903089986991944
224209.214	400	0.79	-7.903089986991944
224578.158	400	0.795	-7.903089986991944
224716.014	400	0.8	-7.903089986991944
225167.463	400	0.805	-7.903089986991944
225517.947	400	0.81	-7.903089986991944
225957.757	400	0.815	-7.903089986991944
226324.624	400	0.82	-7.903089986991944
226925.739	400	0.825	-7.903089986991944
227496.984	400	0.83	-7.903089986991944
228089.779	400	0.835	-7.903089986991944
228669.829	400	0.84	-7.903089986991944
229494.419	400	0.845	-7.903089986991944
230349.714	400	0.85	-7.903089986991944
230919.264	400	0.855	-7.903089986991944
231276.71	400	0.86	-7.903089986991944
231912.036	400	0.865	-7.903089986991944
232301.967	400	0.87	-7.903089986991944
232617.51	400	0.875	-7.903089986991944
233252.305	400	0.88	-7.903089986991944
233630.321	400	0.885	-7.903089986991944
234336.322	400	0.89	-7.903089986991944
235080.691	400	0.895	-7.903089986991944
235639.35	400	0.9	-7.903089986991944
236000.265	400	0.905	-7.903089986991944
236712.687	400	0.91	-7.903089986991944
238346.018	400	0.915	-7.903089986991944
238967.446	400	0.92	-7.903089986991944
240051.176	400	0.925	-7.903089986991944
242061.613	400	0.93	-7.903089986991944
243349.776	400	0.935	-7.903089986991944
244459.354	400	0.94	-7.903089986991944
245056.807	400	0.945	-7.903089986991944
245831.361	400	0.95	-7.903089986991944
246732.89	400	0.955	-7.903089986991944
249136.251	400	0.96	-7.903089986991944
251736.834	400	0.965	-7.903089986991944
253988.771	400	0.97	-7.903089986991944
260652.609	400	0.975	-7.903089986991944
263249.491	400	0.98	-7.903089986991944
274531.376	400	0.985	-7.903089986991944
277425.171	400	0.99	-7.903089986991944
287043.625	400	0.995	-7.903089986991944
209350.0	425	0.5	-7.903089986991944
209847.581	425	0.505	-7.903089986991944
210236.086	425	0.51	-7.903089986991944
210411.857	425	0.515	-7.903089986991944
211169.4	425	0.52	-7.903089986991944
211266.018	425	0.525	-7.903089986991944
211360.447	425	0.53	-7.903089986991944
211524.088	425	0.535	-7.903089986991944
211712.497	425	0.54	-7.903089986991944
211860.136	425	0.545	-7.903089986991944
212303.779	425	0.55	-7.903089986991944
212828.49	425	0.555	-7.903089986991944
213128.826	425	0.56	-7.903089986991944
213489.845	425	0.565	-7.903089986991944
213602.634	425	0.57	-7.903089986991944
213685.998	425	0.575	-7.903089986991944
213817.08	425	0.58	-7.903089986991944
213976.213	425	0.585	-7.903089986991944
214190.304	425	0.59	-7.903089986991944
214626.293	425	0.595	-7.903089986991944
214860.043	425	0.6	-7.903089986991944
215149.294	425	0.605	-7.903089986991944
215394.687	425	0.61	-7.903089986991944
215821.0	425	0.615	-7.903089986991944
216096.11	425	0.62	-7.903089986991944
216582.205	425	0.625	-7.903089986991944
217046.098	425	0.63	-7.903089986991944
217187.479	425	0.635	-7.903089986991944
217370.143	425	0.64	-7.903089986991944
217699.821	425	0.645	-7.903089986991944
218087.832	425	0.65	-7.903089986991944
218930.256	425	0.655	-7.903089986991944
219197.434	425	0.66	-7.903089986991944
219590.818	425	0.665	-7.903089986991944
219781.984	425	0.67	-7.903089986991944
220182.868	425	0.675	-7.903089986991944
220528.274	425	0.68	-7.903089986991944
220825.663	425	0.685	-7.903089986991944
221062.641	425	0.69	-7.903089986991944
221364.714	425	0.695	-7.903089986991944
221499.0	425	0.7	-7.903089986991944
221840.329	425	0.705	-7.903089986991944
222307.189	425	0.71	-7.903089986991944
222620.984	425	0.715	-7.903089986991944
222970.42	425	0.72	-7.903089986991944
223085.357	425	0.725	-7.903089986991944
223524.034	425	0.73	-7.903089986991944
223968.778	425	0.735	-7.903089986991944
224146.2	425	0.74	-7.903089986991944
224426.168	425	0.745	-7.903089986991944
224841.786	425	0.75	-7.903089986991944
225152.597	425	0.755	-7.903089986991944
225559.499	425	0.76	-7.903089986991944
225804.733	425	0.765	-7.903089986991944
226285.157	425	0.77	-7.903089986991944
226558.484	425	0.775	-7.903089986991944
226702.59	425	0.78	-7.903089986991944
227013.205	425	0.785	-7.903089986991944
227303.443	425	0.79	-7.903089986991944
228069.045	425	0.795	-7.903089986991944
228203.077	425	0.8	-7.903089986991944
228468.878	425	0.805	-7.903089986991944
229257.413	425	0.81	-7.903089986991944
229798.243	425	0.815	-7.903089986991944
230159.567	425	0.82	-7.903089986991944
230339.666	425	0.825	-7.903089986991944
230745.086	425	0.83	-7.903089986991944
231106.597	425	0.835	-7.903089986991944
231583.429	425	0.84	-7.903089986991944
232178.768	425	0.845	-7.903089986991944
232763.439	425	0.85	-7.903089986991944
233203.189	425	0.855	-7.903089986991944
235044.516	425	0.86	-7.903089986991944
235606.286	425	0.865	-7.903089986991944
236356.126	425	0.87	-7.903089986991944
236871.911	425	0.875	-7.903089986991944
237408.422	425	0.88	-7.903089986991944
237794.454	425	0.885	-7.903089986991944
238401.257	425	0.89	-7.903089986991944
239260.128	425	0.895	-7.903089986991944
239618.022	425	0.9	-7.903089986991944
240814.178	425	0.905	-7.903089986991944
241744.214	425	0.91	-7.903089986991944
243596.593	425	0.915	-7.903089986991944
244857.494	425	0.92	-7.903089986991944
245024.184	425	0.925	-7.903089986991944
246774.405	425	0.93	-7.903089986991944
248133.986	425	0.935	-7.903089986991944
249158.699	425	0.94	-7.903089986991944
250447.282	425	0.945	-7.903089986991944
251025.718	425	0.95	-7.903089986991944
255078.071	425	0.955	-7.903089986991944
258395.829	425	0.96	-7.903089986991944
261053.723	425	0.965	-7.903089986991944
262760.826	425	0.97	-7.903089986991944
265310.75	425	0.975	-7.903089986991944
274044.887	425	0.98	-7.903089986991944
286034.881	425	0.985	-7.903089986991944
296317.817	425	0.99	-7.903089986991944
329442.5	425	0.995	-7.903089986991944
213417.179	450	0.5	-7.903089986991944
213558.429	450	0.505	-7.903089986991944
213917.134	450	0.51	-7.903089986991944
214175.357	450	0.515	-7.903089986991944
214458.582	450	0.52	-7.903089986991944
214861.689	450	0.525	-7.903089986991944
215032.1	450	0.53	-7.903089986991944
215568.248	450	0.535	-7.903089986991944
215823.21	450	0.54	-7.903089986991944
215999.782	450	0.545	-7.903089986991944
216127.596	450	0.55	-7.903089986991944
216348.607	450	0.555	-7.903089986991944
216579.393	450	0.56	-7.903089986991944
216849.255	450	0.565	-7.903089986991944
217077.457	450	0.57	-7.903089986991944
217397.893	450	0.575	-7.903089986991944
217796.356	450	0.58	-7.903089986991944
217890.376	450	0.585	-7.903089986991944
218043.238	450	0.59	-7.903089986991944
218470.179	450	0.595	-7.903089986991944
218684.1	450	0.6	-7.903089986991944
218995.598	450	0.605	-7.903089986991944
219181.156	450	0.61	-7.903089986991944
219355.016	450	0.615	-7.903089986991944
219886.456	450	0.62	-7.903089986991944
220097.732	450	0.625	-7.903089986991944
220495.657	450	0.63	-7.903089986991944
220781.65	450	0.635	-7.903089986991944
221168.686	450	0.64	-7.903089986991944
221579.625	450	0.645	-7.903089986991944
221781.071	450	0.65	-7.903089986991944
222340.148	450	0.655	-7.903089986991944
222631.31	450	0.66	-7.903089986991944
222969.704	450	0.665	-7.903089986991944
223107.457	450	0.67	-7.903089986991944
223347.143	450	0.675	-7.903089986991944
223586.189	450	0.68	-7.903089986991944
223735.192	450	0.685	-7.903089986991944
224256.789	450	0.69	-7.903089986991944
224620.4	450	0.695	-7.903089986991944
224852.857	450	0.7	-7.903089986991944
225412.806	450	0.705	-7.903089986991944
225715.799	450	0.71	-7.903089986991944
226146.086	450	0.715	-7.903089986991944
226358.909	450	0.72	-7.903089986991944
226880.686	450	0.725	-7.903089986991944
227167.108	450	0.73	-7.903089986991944
227577.655	450	0.735	-7.903089986991944
228008.999	450	0.74	-7.903089986991944
228159.889	450	0.745	-7.903089986991944
228815.464	450	0.75	-7.903089986991944
229162.208	450	0.755	-7.903089986991944
229547.991	450	0.76	-7.903089986991944
230036.481	450	0.765	-7.903089986991944
230293.071	450	0.77	-7.903089986991944
230716.27	450	0.775	-7.903089986991944
230975.916	450	0.78	-7.903089986991944
231404.875	450	0.785	-7.903089986991944
231598.471	450	0.79	-7.903089986991944
231994.665	450	0.795	-7.903089986991944
232274.043	450	0.8	-7.903089986991944
232541.566	450	0.805	-7.903089986991944
233043.858	450	0.81	-7.903089986991944
233543.27	450	0.815	-7.903089986991944
234035.457	450	0.82	-7.903089986991944
234374.036	450	0.825	-7.903089986991944
234886.343	450	0.83	-7.903089986991944
235328.079	450	0.835	-7.903089986991944
235876.571	450	0.84	-7.903089986991944
236544.957	450	0.845	-7.903089986991944
237001.736	450	0.85	-7.903089986991944
237894.732	450	0.855	-7.903089986991944
239025.87	450	0.86	-7.903089986991944
240164.496	450	0.865	-7.903089986991944
240966.771	450	0.87	-7.903089986991944
241596.563	450	0.875	-7.903089986991944
242591.283	450	0.88	-7.903089986991944
244356.409	450	0.885	-7.903089986991944
244719.662	450	0.89	-7.903089986991944
246232.626	450	0.895	-7.903089986991944
246916.214	450	0.9	-7.903089986991944
247492.39	450	0.905	-7.903089986991944
248043.857	450	0.91	-7.903089986991944
248826.334	450	0.915	-7.903089986991944
249617.406	450	0.92	-7.903089986991944
251015.302	450	0.925	-7.903089986991944
252138.853	450	0.93	-7.903089986991944
253288.057	450	0.935	-7.903089986991944
253829.483	450	0.94	-7.903089986991944
256191.664	450	0.945	-7.903089986991944
258497.96	450	0.95	-7.903089986991944
260771.986	450	0.955	-7.903089986991944
264816.517	450	0.96	-7.903089986991944
272136.025	450	0.965	-7.903089986991944
278425.611	450	0.97	-7.903089986991944
279763.968	450	0.975	-7.903089986991944
285384.587	450	0.98	-7.903089986991944
294963.924	450	0.985	-7.903089986991944
307160.844	450	0.99	-7.903089986991944
320247.253	450	0.995	-7.903089986991944
