S*_score	SNP_num	quantile	log(local_recomb_rate)
114680.0	25	0.5	-7.903089986991944
114804.0	25	0.505	-7.903089986991944
115128.0	25	0.51	-7.903089986991944
115619.2	25	0.515	-7.903089986991944
117172.0	25	0.52	-7.903089986991944
117865.0	25	0.525	-7.903089986991944
118569.1	25	0.53	-7.903089986991944
118858.0	25	0.535	-7.903089986991944
120359.6	25	0.54	-7.903089986991944
120907.0	25	0.545	-7.903089986991944
122076.917	25	0.55	-7.903089986991944
122419.075	25	0.555	-7.903089986991944
123496.0	25	0.56	-7.903089986991944
123550.45	25	0.565	-7.903089986991944
124297.9	25	0.57	-7.903089986991944
124541.25	25	0.575	-7.903089986991944
125328.0	25	0.58	-7.903089986991944
126999.5	25	0.585	-7.903089986991944
127422.1	25	0.59	-7.903089986991944
127612.0	25	0.595	-7.903089986991944
128000.0	25	0.6	-7.903089986991944
128423.0	25	0.605	-7.903089986991944
129702.0	25	0.61	-7.903089986991944
130674.0	25	0.615	-7.903089986991944
132572.0	25	0.62	-7.903089986991944
132939.75	25	0.625	-7.903089986991944
133291.0	25	0.63	-7.903089986991944
134443.45	25	0.635	-7.903089986991944
134668.2	25	0.64	-7.903089986991944
135226.667	25	0.645	-7.903089986991944
135740.0	25	0.65	-7.903089986991944
135834.0	25	0.655	-7.903089986991944
136240.0	25	0.66	-7.903089986991944
136648.0	25	0.665	-7.903089986991944
137206.0	25	0.67	-7.903089986991944
137595.0	25	0.675	-7.903089986991944
137712.0	25	0.68	-7.903089986991944
138252.0	25	0.685	-7.903089986991944
138301.5	25	0.69	-7.903089986991944
138431.0	25	0.695	-7.903089986991944
140020.0	25	0.7	-7.903089986991944
140154.0	25	0.705	-7.903089986991944
140670.0	25	0.71	-7.903089986991944
140945.0	25	0.715	-7.903089986991944
141064.0	25	0.72	-7.903089986991944
141515.0	25	0.725	-7.903089986991944
142300.0	25	0.73	-7.903089986991944
142552.0	25	0.735	-7.903089986991944
142692.0	25	0.74	-7.903089986991944
143130.0	25	0.745	-7.903089986991944
143370.0	25	0.75	-7.903089986991944
143508.0	25	0.755	-7.903089986991944
143800.267	25	0.76	-7.903089986991944
144789.0	25	0.765	-7.903089986991944
145458.0	25	0.77	-7.903089986991944
145846.25	25	0.775	-7.903089986991944
145945.7	25	0.78	-7.903089986991944
146766.308	25	0.785	-7.903089986991944
147854.0	25	0.79	-7.903089986991944
149116.667	25	0.795	-7.903089986991944
149761.0	25	0.8	-7.903089986991944
149980.0	25	0.805	-7.903089986991944
150846.667	25	0.81	-7.903089986991944
151254.95	25	0.815	-7.903089986991944
152276.0	25	0.82	-7.903089986991944
154085.75	25	0.825	-7.903089986991944
156352.0	25	0.83	-7.903089986991944
158026.0	25	0.835	-7.903089986991944
158748.0	25	0.84	-7.903089986991944
159547.25	25	0.845	-7.903089986991944
160226.667	25	0.85	-7.903089986991944
160788.5	25	0.855	-7.903089986991944
163122.0	25	0.86	-7.903089986991944
164968.5	25	0.865	-7.903089986991944
167916.0	25	0.87	-7.903089986991944
168460.0	25	0.875	-7.903089986991944
168868.0	25	0.88	-7.903089986991944
170044.0	25	0.885	-7.903089986991944
170432.0	25	0.89	-7.903089986991944
170681.0	25	0.895	-7.903089986991944
171880.0	25	0.9	-7.903089986991944
173412.5	25	0.905	-7.903089986991944
174026.0	25	0.91	-7.903089986991944
174254.5	25	0.915	-7.903089986991944
174736.0	25	0.92	-7.903089986991944
176065.0	25	0.925	-7.903089986991944
177587.0	25	0.93	-7.903089986991944
178266.5	25	0.935	-7.903089986991944
179508.0	25	0.94	-7.903089986991944
179887.425	25	0.945	-7.903089986991944
180690.0	25	0.95	-7.903089986991944
182921.0	25	0.955	-7.903089986991944
184140.0	25	0.96	-7.903089986991944
185161.0	25	0.965	-7.903089986991944
185908.0	25	0.97	-7.903089986991944
187920.0	25	0.975	-7.903089986991944
190020.0	25	0.98	-7.903089986991944
199800.0	25	0.985	-7.903089986991944
201694.0	25	0.99	-7.903089986991944
204164.0	25	0.995	-7.903089986991944
116955.0	50	0.5	-7.903089986991944
117653.835	50	0.505	-7.903089986991944
117854.606	50	0.51	-7.903089986991944
118013.72	50	0.515	-7.903089986991944
118379.2	50	0.52	-7.903089986991944
118869.7	50	0.525	-7.903089986991944
119199.8	50	0.53	-7.903089986991944
119477.533	50	0.535	-7.903089986991944
120295.92	50	0.54	-7.903089986991944
120649.437	50	0.545	-7.903089986991944
120856.0	50	0.55	-7.903089986991944
121154.6	50	0.555	-7.903089986991944
121344.72	50	0.56	-7.903089986991944
121393.387	50	0.565	-7.903089986991944
121564.8	50	0.57	-7.903089986991944
121812.025	50	0.575	-7.903089986991944
122102.8	50	0.58	-7.903089986991944
122760.88	50	0.585	-7.903089986991944
123344.8	50	0.59	-7.903089986991944
123858.2	50	0.595	-7.903089986991944
124467.086	50	0.6	-7.903089986991944
124703.73	50	0.605	-7.903089986991944
124950.2	50	0.61	-7.903089986991944
125673.6	50	0.615	-7.903089986991944
126170.133	50	0.62	-7.903089986991944
126667.562	50	0.625	-7.903089986991944
126949.0	50	0.63	-7.903089986991944
127500.88	50	0.635	-7.903089986991944
127646.04	50	0.64	-7.903089986991944
127993.0	50	0.645	-7.903089986991944
128614.667	50	0.65	-7.903089986991944
129008.333	50	0.655	-7.903089986991944
129871.2	50	0.66	-7.903089986991944
130079.62	50	0.665	-7.903089986991944
130860.0	50	0.67	-7.903089986991944
131497.05	50	0.675	-7.903089986991944
131677.6	50	0.68	-7.903089986991944
132177.733	50	0.685	-7.903089986991944
132613.6	50	0.69	-7.903089986991944
133129.9	50	0.695	-7.903089986991944
133425.68	50	0.7	-7.903089986991944
133722.267	50	0.705	-7.903089986991944
134087.787	50	0.71	-7.903089986991944
134300.0	50	0.715	-7.903089986991944
134784.21	50	0.72	-7.903089986991944
135391.333	50	0.725	-7.903089986991944
135991.68	50	0.73	-7.903089986991944
136646.81	50	0.735	-7.903089986991944
137174.8	50	0.74	-7.903089986991944
137667.6	50	0.745	-7.903089986991944
138080.0	50	0.75	-7.903089986991944
138570.1	50	0.755	-7.903089986991944
139006.413	50	0.76	-7.903089986991944
139584.0	50	0.765	-7.903089986991944
140329.6	50	0.77	-7.903089986991944
140544.667	50	0.775	-7.903089986991944
141349.6	50	0.78	-7.903089986991944
142337.067	50	0.785	-7.903089986991944
142563.394	50	0.79	-7.903089986991944
143220.34	50	0.795	-7.903089986991944
143948.4	50	0.8	-7.903089986991944
144430.4	50	0.805	-7.903089986991944
145207.2	50	0.81	-7.903089986991944
146215.267	50	0.815	-7.903089986991944
146753.92	50	0.82	-7.903089986991944
147822.057	50	0.825	-7.903089986991944
148779.733	50	0.83	-7.903089986991944
149428.7	50	0.835	-7.903089986991944
150163.6	50	0.84	-7.903089986991944
151222.976	50	0.845	-7.903089986991944
152142.857	50	0.85	-7.903089986991944
153016.52	50	0.855	-7.903089986991944
153778.4	50	0.86	-7.903089986991944
154531.0	50	0.865	-7.903089986991944
156064.0	50	0.87	-7.903089986991944
156597.0	50	0.875	-7.903089986991944
157161.2	50	0.88	-7.903089986991944
158926.4	50	0.885	-7.903089986991944
161214.2	50	0.89	-7.903089986991944
162251.6	50	0.895	-7.903089986991944
162681.333	50	0.9	-7.903089986991944
163407.955	50	0.905	-7.903089986991944
164253.427	50	0.91	-7.903089986991944
164480.0	50	0.915	-7.903089986991944
166316.8	50	0.92	-7.903089986991944
167819.0	50	0.925	-7.903089986991944
168605.44	50	0.93	-7.903089986991944
171011.8	50	0.935	-7.903089986991944
171924.368	50	0.94	-7.903089986991944
172939.467	50	0.945	-7.903089986991944
174488.3	50	0.95	-7.903089986991944
175557.991	50	0.955	-7.903089986991944
177169.067	50	0.96	-7.903089986991944
178161.82	50	0.965	-7.903089986991944
180279.2	50	0.97	-7.903089986991944
184071.714	50	0.975	-7.903089986991944
188249.6	50	0.98	-7.903089986991944
192564.4	50	0.985	-7.903089986991944
199488.8	50	0.99	-7.903089986991944
202167.2	50	0.995	-7.903089986991944
121961.917	75	0.5	-7.903089986991944
122393.45	75	0.505	-7.903089986991944
122809.769	75	0.51	-7.903089986991944
123365.189	75	0.515	-7.903089986991944
123668.229	75	0.52	-7.903089986991944
123915.682	75	0.525	-7.903089986991944
124464.935	75	0.53	-7.903089986991944
124681.23	75	0.535	-7.903089986991944
125468.531	75	0.54	-7.903089986991944
125700.0	75	0.545	-7.903089986991944
126113.717	75	0.55	-7.903089986991944
126593.638	75	0.555	-7.903089986991944
126979.143	75	0.56	-7.903089986991944
127204.353	75	0.565	-7.903089986991944
127637.66	75	0.57	-7.903089986991944
128185.339	75	0.575	-7.903089986991944
128460.2	75	0.58	-7.903089986991944
129265.467	75	0.585	-7.903089986991944
130100.689	75	0.59	-7.903089986991944
130446.187	75	0.595	-7.903089986991944
130648.0	75	0.6	-7.903089986991944
131061.715	75	0.605	-7.903089986991944
131484.433	75	0.61	-7.903089986991944
131890.022	75	0.615	-7.903089986991944
132145.57	75	0.62	-7.903089986991944
132446.319	75	0.625	-7.903089986991944
133229.755	75	0.63	-7.903089986991944
133571.55	75	0.635	-7.903089986991944
133792.655	75	0.64	-7.903089986991944
134234.533	75	0.645	-7.903089986991944
135103.738	75	0.65	-7.903089986991944
135793.243	75	0.655	-7.903089986991944
136308.038	75	0.66	-7.903089986991944
136473.212	75	0.665	-7.903089986991944
136872.65	75	0.67	-7.903089986991944
137085.67	75	0.675	-7.903089986991944
137600.057	75	0.68	-7.903089986991944
138090.2	75	0.685	-7.903089986991944
138402.121	75	0.69	-7.903089986991944
138830.881	75	0.695	-7.903089986991944
139378.333	75	0.7	-7.903089986991944
140027.667	75	0.705	-7.903089986991944
140632.439	75	0.71	-7.903089986991944
141176.507	75	0.715	-7.903089986991944
141692.08	75	0.72	-7.903089986991944
142131.135	75	0.725	-7.903089986991944
142499.924	75	0.73	-7.903089986991944
142877.403	75	0.735	-7.903089986991944
143300.82	75	0.74	-7.903089986991944
143488.191	75	0.745	-7.903089986991944
143959.25	75	0.75	-7.903089986991944
144342.376	75	0.755	-7.903089986991944
144778.0	75	0.76	-7.903089986991944
145968.833	75	0.765	-7.903089986991944
146430.333	75	0.77	-7.903089986991944
147465.581	75	0.775	-7.903089986991944
147850.4	75	0.78	-7.903089986991944
148654.914	75	0.785	-7.903089986991944
149223.663	75	0.79	-7.903089986991944
149504.642	75	0.795	-7.903089986991944
150039.667	75	0.8	-7.903089986991944
150532.017	75	0.805	-7.903089986991944
151547.267	75	0.81	-7.903089986991944
152412.967	75	0.815	-7.903089986991944
153580.355	75	0.82	-7.903089986991944
154167.2	75	0.825	-7.903089986991944
154702.8	75	0.83	-7.903089986991944
155086.286	75	0.835	-7.903089986991944
155642.24	75	0.84	-7.903089986991944
156573.466	75	0.845	-7.903089986991944
157066.25	75	0.85	-7.903089986991944
158318.482	75	0.855	-7.903089986991944
158759.4	75	0.86	-7.903089986991944
159936.028	75	0.865	-7.903089986991944
160285.15	75	0.87	-7.903089986991944
161244.063	75	0.875	-7.903089986991944
162327.776	75	0.88	-7.903089986991944
163250.133	75	0.885	-7.903089986991944
163927.05	75	0.89	-7.903089986991944
165742.04	75	0.895	-7.903089986991944
166188.0	75	0.9	-7.903089986991944
167149.95	75	0.905	-7.903089986991944
168060.64	75	0.91	-7.903089986991944
169102.18	75	0.915	-7.903089986991944
169891.733	75	0.92	-7.903089986991944
170631.0	75	0.925	-7.903089986991944
171343.64	75	0.93	-7.903089986991944
172476.134	75	0.935	-7.903089986991944
174124.0	75	0.94	-7.903089986991944
175781.254	75	0.945	-7.903089986991944
176826.075	75	0.95	-7.903089986991944
178366.5	75	0.955	-7.903089986991944
180252.6	75	0.96	-7.903089986991944
183232.34	75	0.965	-7.903089986991944
186085.22	75	0.97	-7.903089986991944
189713.767	75	0.975	-7.903089986991944
192822.4	75	0.98	-7.903089986991944
197209.67	75	0.985	-7.903089986991944
200624.2	75	0.99	-7.903089986991944
206649.888	75	0.995	-7.903089986991944
128571.429	100	0.5	-7.903089986991944
128862.6	100	0.505	-7.903089986991944
129124.05	100	0.51	-7.903089986991944
129353.741	100	0.515	-7.903089986991944
129573.92	100	0.52	-7.903089986991944
130044.764	100	0.525	-7.903089986991944
130329.867	100	0.53	-7.903089986991944
130996.45	100	0.535	-7.903089986991944
131514.824	100	0.54	-7.903089986991944
131758.781	100	0.545	-7.903089986991944
132047.761	100	0.55	-7.903089986991944
132423.69	100	0.555	-7.903089986991944
132874.969	100	0.56	-7.903089986991944
133327.567	100	0.565	-7.903089986991944
133739.074	100	0.57	-7.903089986991944
133983.95	100	0.575	-7.903089986991944
134548.799	100	0.58	-7.903089986991944
134652.725	100	0.585	-7.903089986991944
134731.919	100	0.59	-7.903089986991944
135106.558	100	0.595	-7.903089986991944
135330.525	100	0.6	-7.903089986991944
136053.551	100	0.605	-7.903089986991944
136276.229	100	0.61	-7.903089986991944
136731.332	100	0.615	-7.903089986991944
137061.92	100	0.62	-7.903089986991944
137545.881	100	0.625	-7.903089986991944
137835.007	100	0.63	-7.903089986991944
138273.77	100	0.635	-7.903089986991944
139200.2	100	0.64	-7.903089986991944
139899.6	100	0.645	-7.903089986991944
140455.939	100	0.65	-7.903089986991944
140649.061	100	0.655	-7.903089986991944
140971.367	100	0.66	-7.903089986991944
141712.76	100	0.665	-7.903089986991944
142203.055	100	0.67	-7.903089986991944
142488.392	100	0.675	-7.903089986991944
142841.368	100	0.68	-7.903089986991944
143164.039	100	0.685	-7.903089986991944
143385.159	100	0.69	-7.903089986991944
143794.315	100	0.695	-7.903089986991944
144065.636	100	0.7	-7.903089986991944
144611.093	100	0.705	-7.903089986991944
144792.893	100	0.71	-7.903089986991944
144968.663	100	0.715	-7.903089986991944
145239.227	100	0.72	-7.903089986991944
145754.953	100	0.725	-7.903089986991944
146401.726	100	0.73	-7.903089986991944
146655.237	100	0.735	-7.903089986991944
147029.425	100	0.74	-7.903089986991944
147317.597	100	0.745	-7.903089986991944
147588.45	100	0.75	-7.903089986991944
148346.013	100	0.755	-7.903089986991944
148554.73	100	0.76	-7.903089986991944
149045.556	100	0.765	-7.903089986991944
149848.135	100	0.77	-7.903089986991944
150110.794	100	0.775	-7.903089986991944
150414.438	100	0.78	-7.903089986991944
150784.7	100	0.785	-7.903089986991944
151297.503	100	0.79	-7.903089986991944
151779.467	100	0.795	-7.903089986991944
152294.171	100	0.8	-7.903089986991944
153132.969	100	0.805	-7.903089986991944
153614.719	100	0.81	-7.903089986991944
153925.233	100	0.815	-7.903089986991944
154378.56	100	0.82	-7.903089986991944
154900.944	100	0.825	-7.903089986991944
155267.036	100	0.83	-7.903089986991944
155866.089	100	0.835	-7.903089986991944
156375.496	100	0.84	-7.903089986991944
156909.5	100	0.845	-7.903089986991944
157768.818	100	0.85	-7.903089986991944
158190.267	100	0.855	-7.903089986991944
158862.7	100	0.86	-7.903089986991944
159684.25	100	0.865	-7.903089986991944
160142.46	100	0.87	-7.903089986991944
160797.5	100	0.875	-7.903089986991944
161118.64	100	0.88	-7.903089986991944
162394.011	100	0.885	-7.903089986991944
163429.413	100	0.89	-7.903089986991944
164377.7	100	0.895	-7.903089986991944
166105.0	100	0.9	-7.903089986991944
167268.706	100	0.905	-7.903089986991944
167888.02	100	0.91	-7.903089986991944
168696.649	100	0.915	-7.903089986991944
169742.353	100	0.92	-7.903089986991944
170391.2	100	0.925	-7.903089986991944
171865.575	100	0.93	-7.903089986991944
172694.095	100	0.935	-7.903089986991944
175149.241	100	0.94	-7.903089986991944
176070.888	100	0.945	-7.903089986991944
176951.758	100	0.95	-7.903089986991944
179285.584	100	0.955	-7.903089986991944
180572.64	100	0.96	-7.903089986991944
181529.71	100	0.965	-7.903089986991944
183460.2	100	0.97	-7.903089986991944
189141.417	100	0.975	-7.903089986991944
190495.87	100	0.98	-7.903089986991944
195672.8	100	0.985	-7.903089986991944
200746.321	100	0.99	-7.903089986991944
218082.769	100	0.995	-7.903089986991944
134081.667	125	0.5	-7.903089986991944
134474.394	125	0.505	-7.903089986991944
134815.306	125	0.51	-7.903089986991944
135001.589	125	0.515	-7.903089986991944
135165.0	125	0.52	-7.903089986991944
135538.235	125	0.525	-7.903089986991944
135816.245	125	0.53	-7.903089986991944
136091.702	125	0.535	-7.903089986991944
136287.597	125	0.54	-7.903089986991944
136554.567	125	0.545	-7.903089986991944
136920.532	125	0.55	-7.903089986991944
137176.498	125	0.555	-7.903089986991944
137556.0	125	0.56	-7.903089986991944
137915.974	125	0.565	-7.903089986991944
138582.917	125	0.57	-7.903089986991944
138774.129	125	0.575	-7.903089986991944
139114.073	125	0.58	-7.903089986991944
139620.124	125	0.585	-7.903089986991944
139738.455	125	0.59	-7.903089986991944
140046.329	125	0.595	-7.903089986991944
140312.773	125	0.6	-7.903089986991944
140522.285	125	0.605	-7.903089986991944
140772.275	125	0.61	-7.903089986991944
140917.444	125	0.615	-7.903089986991944
141375.903	125	0.62	-7.903089986991944
141714.453	125	0.625	-7.903089986991944
142033.26	125	0.63	-7.903089986991944
142229.899	125	0.635	-7.903089986991944
142546.833	125	0.64	-7.903089986991944
142914.511	125	0.645	-7.903089986991944
143305.375	125	0.65	-7.903089986991944
143657.896	125	0.655	-7.903089986991944
143832.56	125	0.66	-7.903089986991944
144393.176	125	0.665	-7.903089986991944
145209.376	125	0.67	-7.903089986991944
145492.58	125	0.675	-7.903089986991944
145792.0	125	0.68	-7.903089986991944
146023.792	125	0.685	-7.903089986991944
146406.442	125	0.69	-7.903089986991944
146793.586	125	0.695	-7.903089986991944
147181.0	125	0.7	-7.903089986991944
147586.701	125	0.705	-7.903089986991944
147815.066	125	0.71	-7.903089986991944
148119.6	125	0.715	-7.903089986991944
148305.943	125	0.72	-7.903089986991944
148674.03	125	0.725	-7.903089986991944
149103.964	125	0.73	-7.903089986991944
149433.978	125	0.735	-7.903089986991944
149651.562	125	0.74	-7.903089986991944
150418.054	125	0.745	-7.903089986991944
150698.5	125	0.75	-7.903089986991944
151047.92	125	0.755	-7.903089986991944
151431.838	125	0.76	-7.903089986991944
151857.586	125	0.765	-7.903089986991944
152504.9	125	0.77	-7.903089986991944
152741.973	125	0.775	-7.903089986991944
153134.96	125	0.78	-7.903089986991944
153434.474	125	0.785	-7.903089986991944
153884.582	125	0.79	-7.903089986991944
154225.74	125	0.795	-7.903089986991944
154546.057	125	0.8	-7.903089986991944
155006.461	125	0.805	-7.903089986991944
155403.751	125	0.81	-7.903089986991944
155498.9	125	0.815	-7.903089986991944
155756.816	125	0.82	-7.903089986991944
156122.656	125	0.825	-7.903089986991944
156482.033	125	0.83	-7.903089986991944
157031.118	125	0.835	-7.903089986991944
157253.4	125	0.84	-7.903089986991944
157919.22	125	0.845	-7.903089986991944
158750.5	125	0.85	-7.903089986991944
159461.285	125	0.855	-7.903089986991944
159908.562	125	0.86	-7.903089986991944
160816.046	125	0.865	-7.903089986991944
161348.993	125	0.87	-7.903089986991944
161792.917	125	0.875	-7.903089986991944
162627.044	125	0.88	-7.903089986991944
163653.962	125	0.885	-7.903089986991944
164423.4	125	0.89	-7.903089986991944
165264.471	125	0.895	-7.903089986991944
166594.186	125	0.9	-7.903089986991944
167149.329	125	0.905	-7.903089986991944
168132.4	125	0.91	-7.903089986991944
168872.02	125	0.915	-7.903089986991944
169551.2	125	0.92	-7.903089986991944
169950.188	125	0.925	-7.903089986991944
170915.71	125	0.93	-7.903089986991944
172824.818	125	0.935	-7.903089986991944
174035.333	125	0.94	-7.903089986991944
176171.592	125	0.945	-7.903089986991944
178275.382	125	0.95	-7.903089986991944
179546.011	125	0.955	-7.903089986991944
181536.667	125	0.96	-7.903089986991944
183250.675	125	0.965	-7.903089986991944
184881.271	125	0.97	-7.903089986991944
188378.608	125	0.975	-7.903089986991944
191989.5	125	0.98	-7.903089986991944
193913.14	125	0.985	-7.903089986991944
196546.483	125	0.99	-7.903089986991944
203582.8	125	0.995	-7.903089986991944
139372.1	150	0.5	-7.903089986991944
139714.428	150	0.505	-7.903089986991944
140021.533	150	0.51	-7.903089986991944
140308.888	150	0.515	-7.903089986991944
140573.508	150	0.52	-7.903089986991944
140815.094	150	0.525	-7.903089986991944
141098.239	150	0.53	-7.903089986991944
141393.116	150	0.535	-7.903089986991944
141526.057	150	0.54	-7.903089986991944
141682.518	150	0.545	-7.903089986991944
142089.6	150	0.55	-7.903089986991944
142391.333	150	0.555	-7.903089986991944
142893.449	150	0.56	-7.903089986991944
143348.967	150	0.565	-7.903089986991944
143495.621	150	0.57	-7.903089986991944
143845.749	150	0.575	-7.903089986991944
144342.632	150	0.58	-7.903089986991944
144663.992	150	0.585	-7.903089986991944
144918.308	150	0.59	-7.903089986991944
145466.543	150	0.595	-7.903089986991944
145722.044	150	0.6	-7.903089986991944
145975.622	150	0.605	-7.903089986991944
146481.21	150	0.61	-7.903089986991944
147102.52	150	0.615	-7.903089986991944
147234.704	150	0.62	-7.903089986991944
147336.307	150	0.625	-7.903089986991944
147556.699	150	0.63	-7.903089986991944
147734.09	150	0.635	-7.903089986991944
147964.604	150	0.64	-7.903089986991944
148201.139	150	0.645	-7.903089986991944
148517.795	150	0.65	-7.903089986991944
148974.123	150	0.655	-7.903089986991944
149194.236	150	0.66	-7.903089986991944
149478.383	150	0.665	-7.903089986991944
149951.469	150	0.67	-7.903089986991944
150356.532	150	0.675	-7.903089986991944
150629.076	150	0.68	-7.903089986991944
150995.164	150	0.685	-7.903089986991944
151072.089	150	0.69	-7.903089986991944
151594.3	150	0.695	-7.903089986991944
151982.66	150	0.7	-7.903089986991944
152300.345	150	0.705	-7.903089986991944
152928.163	150	0.71	-7.903089986991944
153256.825	150	0.715	-7.903089986991944
154014.551	150	0.72	-7.903089986991944
154342.76	150	0.725	-7.903089986991944
154585.372	150	0.73	-7.903089986991944
155170.447	150	0.735	-7.903089986991944
155504.824	150	0.74	-7.903089986991944
155957.287	150	0.745	-7.903089986991944
156165.643	150	0.75	-7.903089986991944
156474.417	150	0.755	-7.903089986991944
157152.575	150	0.76	-7.903089986991944
157834.147	150	0.765	-7.903089986991944
158327.945	150	0.77	-7.903089986991944
158593.429	150	0.775	-7.903089986991944
159007.413	150	0.78	-7.903089986991944
159345.981	150	0.785	-7.903089986991944
159660.75	150	0.79	-7.903089986991944
160226.233	150	0.795	-7.903089986991944
160502.741	150	0.8	-7.903089986991944
161234.454	150	0.805	-7.903089986991944
161730.943	150	0.81	-7.903089986991944
161944.496	150	0.815	-7.903089986991944
162530.364	150	0.82	-7.903089986991944
162843.523	150	0.825	-7.903089986991944
163320.262	150	0.83	-7.903089986991944
163684.096	150	0.835	-7.903089986991944
163900.08	150	0.84	-7.903089986991944
164291.939	150	0.845	-7.903089986991944
165220.273	150	0.85	-7.903089986991944
166075.344	150	0.855	-7.903089986991944
166731.667	150	0.86	-7.903089986991944
166887.639	150	0.865	-7.903089986991944
168016.528	150	0.87	-7.903089986991944
168549.044	150	0.875	-7.903089986991944
168763.36	150	0.88	-7.903089986991944
169034.5	150	0.885	-7.903089986991944
169708.917	150	0.89	-7.903089986991944
170540.213	150	0.895	-7.903089986991944
170993.026	150	0.9	-7.903089986991944
171816.622	150	0.905	-7.903089986991944
172501.77	150	0.91	-7.903089986991944
172756.773	150	0.915	-7.903089986991944
173650.341	150	0.92	-7.903089986991944
174967.75	150	0.925	-7.903089986991944
175687.522	150	0.93	-7.903089986991944
176514.182	150	0.935	-7.903089986991944
177344.138	150	0.94	-7.903089986991944
178251.114	150	0.945	-7.903089986991944
180186.105	150	0.95	-7.903089986991944
180996.645	150	0.955	-7.903089986991944
182708.968	150	0.96	-7.903089986991944
184122.16	150	0.965	-7.903089986991944
185633.404	150	0.97	-7.903089986991944
188541.375	150	0.975	-7.903089986991944
195261.915	150	0.98	-7.903089986991944
198311.408	150	0.985	-7.903089986991944
203703.508	150	0.99	-7.903089986991944
218190.049	150	0.995	-7.903089986991944
147540.179	175	0.5	-7.903089986991944
147718.97	175	0.505	-7.903089986991944
147923.9	175	0.51	-7.903089986991944
148256.038	175	0.515	-7.903089986991944
148648.48	175	0.52	-7.903089986991944
149146.094	175	0.525	-7.903089986991944
149817.144	175	0.53	-7.903089986991944
149997.85	175	0.535	-7.903089986991944
150161.829	175	0.54	-7.903089986991944
150360.098	175	0.545	-7.903089986991944
150805.49	175	0.55	-7.903089986991944
151075.942	175	0.555	-7.903089986991944
151273.427	175	0.56	-7.903089986991944
151704.525	175	0.565	-7.903089986991944
152104.54	175	0.57	-7.903089986991944
152547.318	175	0.575	-7.903089986991944
152937.2	175	0.58	-7.903089986991944
153266.471	175	0.585	-7.903089986991944
153566.571	175	0.59	-7.903089986991944
153814.229	175	0.595	-7.903089986991944
154332.015	175	0.6	-7.903089986991944
154613.695	175	0.605	-7.903089986991944
154938.379	175	0.61	-7.903089986991944
155551.275	175	0.615	-7.903089986991944
155726.988	175	0.62	-7.903089986991944
155832.107	175	0.625	-7.903089986991944
156060.489	175	0.63	-7.903089986991944
156437.575	175	0.635	-7.903089986991944
156828.291	175	0.64	-7.903089986991944
157022.143	175	0.645	-7.903089986991944
157278.742	175	0.65	-7.903089986991944
157819.062	175	0.655	-7.903089986991944
158473.067	175	0.66	-7.903089986991944
158886.667	175	0.665	-7.903089986991944
159132.952	175	0.67	-7.903089986991944
159579.837	175	0.675	-7.903089986991944
159744.407	175	0.68	-7.903089986991944
159828.482	175	0.685	-7.903089986991944
160238.214	175	0.69	-7.903089986991944
160464.919	175	0.695	-7.903089986991944
160882.568	175	0.7	-7.903089986991944
161070.24	175	0.705	-7.903089986991944
161345.566	175	0.71	-7.903089986991944
161484.429	175	0.715	-7.903089986991944
161760.848	175	0.72	-7.903089986991944
161880.205	175	0.725	-7.903089986991944
162756.803	175	0.73	-7.903089986991944
163417.341	175	0.735	-7.903089986991944
163889.218	175	0.74	-7.903089986991944
164202.807	175	0.745	-7.903089986991944
164783.481	175	0.75	-7.903089986991944
165491.713	175	0.755	-7.903089986991944
165762.413	175	0.76	-7.903089986991944
166276.899	175	0.765	-7.903089986991944
166538.671	175	0.77	-7.903089986991944
167138.151	175	0.775	-7.903089986991944
167620.287	175	0.78	-7.903089986991944
168077.253	175	0.785	-7.903089986991944
168314.24	175	0.79	-7.903089986991944
168687.653	175	0.795	-7.903089986991944
168987.624	175	0.8	-7.903089986991944
169279.502	175	0.805	-7.903089986991944
169836.445	175	0.81	-7.903089986991944
170063.144	175	0.815	-7.903089986991944
170602.204	175	0.82	-7.903089986991944
170871.876	175	0.825	-7.903089986991944
171251.812	175	0.83	-7.903089986991944
171443.993	175	0.835	-7.903089986991944
171801.695	175	0.84	-7.903089986991944
172138.934	175	0.845	-7.903089986991944
173023.362	175	0.85	-7.903089986991944
173503.842	175	0.855	-7.903089986991944
173999.871	175	0.86	-7.903089986991944
174640.11	175	0.865	-7.903089986991944
175260.902	175	0.87	-7.903089986991944
175503.573	175	0.875	-7.903089986991944
176112.724	175	0.88	-7.903089986991944
177258.551	175	0.885	-7.903089986991944
178225.531	175	0.89	-7.903089986991944
178926.741	175	0.895	-7.903089986991944
179791.043	175	0.9	-7.903089986991944
181068.956	175	0.905	-7.903089986991944
181716.657	175	0.91	-7.903089986991944
182169.919	175	0.915	-7.903089986991944
182478.235	175	0.92	-7.903089986991944
184004.846	175	0.925	-7.903089986991944
185319.198	175	0.93	-7.903089986991944
186401.693	175	0.935	-7.903089986991944
187493.803	175	0.94	-7.903089986991944
189686.567	175	0.945	-7.903089986991944
190823.575	175	0.95	-7.903089986991944
192441.117	175	0.955	-7.903089986991944
193359.867	175	0.96	-7.903089986991944
195659.546	175	0.965	-7.903089986991944
198053.421	175	0.97	-7.903089986991944
200215.753	175	0.975	-7.903089986991944
203191.2	175	0.98	-7.903089986991944
207311.98	175	0.985	-7.903089986991944
209716.596	175	0.99	-7.903089986991944
218090.043	175	0.995	-7.903089986991944
153617.143	200	0.5	-7.903089986991944
154030.99	200	0.505	-7.903089986991944
154517.531	200	0.51	-7.903089986991944
155170.359	200	0.515	-7.903089986991944
155392.205	200	0.52	-7.903089986991944
155827.606	200	0.525	-7.903089986991944
156071.846	200	0.53	-7.903089986991944
156418.279	200	0.535	-7.903089986991944
157113.588	200	0.54	-7.903089986991944
157233.261	200	0.545	-7.903089986991944
157480.324	200	0.55	-7.903089986991944
157669.664	200	0.555	-7.903089986991944
157839.68	200	0.56	-7.903089986991944
158078.214	200	0.565	-7.903089986991944
158608.111	200	0.57	-7.903089986991944
158742.142	200	0.575	-7.903089986991944
158897.556	200	0.58	-7.903089986991944
159048.583	200	0.585	-7.903089986991944
159128.132	200	0.59	-7.903089986991944
159373.631	200	0.595	-7.903089986991944
159483.648	200	0.6	-7.903089986991944
159792.888	200	0.605	-7.903089986991944
160417.516	200	0.61	-7.903089986991944
160775.933	200	0.615	-7.903089986991944
161216.86	200	0.62	-7.903089986991944
161463.962	200	0.625	-7.903089986991944
161802.508	200	0.63	-7.903089986991944
161927.067	200	0.635	-7.903089986991944
162327.36	200	0.64	-7.903089986991944
162857.487	200	0.645	-7.903089986991944
163075.202	200	0.65	-7.903089986991944
163195.856	200	0.655	-7.903089986991944
163732.511	200	0.66	-7.903089986991944
164098.854	200	0.665	-7.903089986991944
164404.662	200	0.67	-7.903089986991944
164551.613	200	0.675	-7.903089986991944
165091.82	200	0.68	-7.903089986991944
165572.951	200	0.685	-7.903089986991944
166009.048	200	0.69	-7.903089986991944
166285.19	200	0.695	-7.903089986991944
166563.038	200	0.7	-7.903089986991944
166868.633	200	0.705	-7.903089986991944
167363.641	200	0.71	-7.903089986991944
167710.393	200	0.715	-7.903089986991944
168046.508	200	0.72	-7.903089986991944
168410.791	200	0.725	-7.903089986991944
168603.792	200	0.73	-7.903089986991944
168809.877	200	0.735	-7.903089986991944
169152.594	200	0.74	-7.903089986991944
169761.866	200	0.745	-7.903089986991944
170098.818	200	0.75	-7.903089986991944
170272.686	200	0.755	-7.903089986991944
170403.556	200	0.76	-7.903089986991944
170638.984	200	0.765	-7.903089986991944
171283.47	200	0.77	-7.903089986991944
171693.679	200	0.775	-7.903089986991944
172089.8	200	0.78	-7.903089986991944
172283.343	200	0.785	-7.903089986991944
172520.075	200	0.79	-7.903089986991944
172689.502	200	0.795	-7.903089986991944
172976.764	200	0.8	-7.903089986991944
173352.848	200	0.805	-7.903089986991944
173738.865	200	0.81	-7.903089986991944
173961.646	200	0.815	-7.903089986991944
174224.26	200	0.82	-7.903089986991944
174695.385	200	0.825	-7.903089986991944
175051.15	200	0.83	-7.903089986991944
175268.502	200	0.835	-7.903089986991944
175876.181	200	0.84	-7.903089986991944
176730.11	200	0.845	-7.903089986991944
177157.833	200	0.85	-7.903089986991944
177600.333	200	0.855	-7.903089986991944
177788.06	200	0.86	-7.903089986991944
178420.302	200	0.865	-7.903089986991944
178843.344	200	0.87	-7.903089986991944
179859.545	200	0.875	-7.903089986991944
180474.803	200	0.88	-7.903089986991944
181275.312	200	0.885	-7.903089986991944
182833.314	200	0.89	-7.903089986991944
183151.733	200	0.895	-7.903089986991944
183632.204	200	0.9	-7.903089986991944
184692.562	200	0.905	-7.903089986991944
185355.905	200	0.91	-7.903089986991944
186323.636	200	0.915	-7.903089986991944
187050.4	200	0.92	-7.903089986991944
188523.061	200	0.925	-7.903089986991944
189083.491	200	0.93	-7.903089986991944
190153.634	200	0.935	-7.903089986991944
191826.366	200	0.94	-7.903089986991944
193718.853	200	0.945	-7.903089986991944
194335.715	200	0.95	-7.903089986991944
195971.491	200	0.955	-7.903089986991944
198800.99	200	0.96	-7.903089986991944
199964.727	200	0.965	-7.903089986991944
203157.149	200	0.97	-7.903089986991944
204343.465	200	0.975	-7.903089986991944
209611.834	200	0.98	-7.903089986991944
214288.769	200	0.985	-7.903089986991944
224121.52	200	0.99	-7.903089986991944
240333.411	200	0.995	-7.903089986991944
161438.75	225	0.5	-7.903089986991944
161638.633	225	0.505	-7.903089986991944
161869.657	225	0.51	-7.903089986991944
162013.51	225	0.515	-7.903089986991944
162319.361	225	0.52	-7.903089986991944
162505.205	225	0.525	-7.903089986991944
162700.985	225	0.53	-7.903089986991944
163018.6	225	0.535	-7.903089986991944
163765.738	225	0.54	-7.903089986991944
164087.593	225	0.545	-7.903089986991944
164394.079	225	0.55	-7.903089986991944
164759.75	225	0.555	-7.903089986991944
165152.646	225	0.56	-7.903089986991944
165418.715	225	0.565	-7.903089986991944
165727.206	225	0.57	-7.903089986991944
166036.714	225	0.575	-7.903089986991944
166208.09	225	0.58	-7.903089986991944
166478.672	225	0.585	-7.903089986991944
166569.355	225	0.59	-7.903089986991944
167104.183	225	0.595	-7.903089986991944
167499.666	225	0.6	-7.903089986991944
167771.539	225	0.605	-7.903089986991944
167998.029	225	0.61	-7.903089986991944
168153.196	225	0.615	-7.903089986991944
168437.583	225	0.62	-7.903089986991944
168745.704	225	0.625	-7.903089986991944
168903.362	225	0.63	-7.903089986991944
169196.625	225	0.635	-7.903089986991944
169541.551	225	0.64	-7.903089986991944
169896.977	225	0.645	-7.903089986991944
170224.685	225	0.65	-7.903089986991944
170344.488	225	0.655	-7.903089986991944
170607.723	225	0.66	-7.903089986991944
171114.673	225	0.665	-7.903089986991944
171303.796	225	0.67	-7.903089986991944
171569.343	225	0.675	-7.903089986991944
171869.908	225	0.68	-7.903089986991944
172338.473	225	0.685	-7.903089986991944
172523.344	225	0.69	-7.903089986991944
172952.228	225	0.695	-7.903089986991944
173026.846	225	0.7	-7.903089986991944
173680.88	225	0.705	-7.903089986991944
174129.705	225	0.71	-7.903089986991944
174712.443	225	0.715	-7.903089986991944
174883.6	225	0.72	-7.903089986991944
175503.325	225	0.725	-7.903089986991944
175900.699	225	0.73	-7.903089986991944
176088.584	225	0.735	-7.903089986991944
176616.671	225	0.74	-7.903089986991944
176786.149	225	0.745	-7.903089986991944
177089.286	225	0.75	-7.903089986991944
177239.415	225	0.755	-7.903089986991944
177492.673	225	0.76	-7.903089986991944
177754.778	225	0.765	-7.903089986991944
178072.189	225	0.77	-7.903089986991944
178589.698	225	0.775	-7.903089986991944
179036.311	225	0.78	-7.903089986991944
179582.077	225	0.785	-7.903089986991944
179940.772	225	0.79	-7.903089986991944
180646.998	225	0.795	-7.903089986991944
180938.317	225	0.8	-7.903089986991944
181472.945	225	0.805	-7.903089986991944
181783.529	225	0.81	-7.903089986991944
182303.223	225	0.815	-7.903089986991944
182756.454	225	0.82	-7.903089986991944
183167.275	225	0.825	-7.903089986991944
183573.901	225	0.83	-7.903089986991944
183813.912	225	0.835	-7.903089986991944
184167.709	225	0.84	-7.903089986991944
184356.833	225	0.845	-7.903089986991944
184711.773	225	0.85	-7.903089986991944
185111.187	225	0.855	-7.903089986991944
185760.574	225	0.86	-7.903089986991944
185996.098	225	0.865	-7.903089986991944
186646.74	225	0.87	-7.903089986991944
186839.753	225	0.875	-7.903089986991944
187757.623	225	0.88	-7.903089986991944
188385.77	225	0.885	-7.903089986991944
189228.238	225	0.89	-7.903089986991944
189618.98	225	0.895	-7.903089986991944
191585.15	225	0.9	-7.903089986991944
192452.219	225	0.905	-7.903089986991944
193434.453	225	0.91	-7.903089986991944
194361.772	225	0.915	-7.903089986991944
194860.97	225	0.92	-7.903089986991944
195751.46	225	0.925	-7.903089986991944
196816.52	225	0.93	-7.903089986991944
197876.352	225	0.935	-7.903089986991944
198433.14	225	0.94	-7.903089986991944
198985.049	225	0.945	-7.903089986991944
201254.075	225	0.95	-7.903089986991944
202605.909	225	0.955	-7.903089986991944
203683.64	225	0.96	-7.903089986991944
205011.218	225	0.965	-7.903089986991944
207716.201	225	0.97	-7.903089986991944
210608.286	225	0.975	-7.903089986991944
214948.041	225	0.98	-7.903089986991944
218119.778	225	0.985	-7.903089986991944
226969.69	225	0.99	-7.903089986991944
254516.96	225	0.995	-7.903089986991944
167891.448	250	0.5	-7.903089986991944
168213.182	250	0.505	-7.903089986991944
168621.567	250	0.51	-7.903089986991944
168892.126	250	0.515	-7.903089986991944
169368.031	250	0.52	-7.903089986991944
169601.312	250	0.525	-7.903089986991944
169764.313	250	0.53	-7.903089986991944
169968.686	250	0.535	-7.903089986991944
170246.8	250	0.54	-7.903089986991944
170404.664	250	0.545	-7.903089986991944
170600.94	250	0.55	-7.903089986991944
171069.62	250	0.555	-7.903089986991944
171487.089	250	0.56	-7.903089986991944
171633.92	250	0.565	-7.903089986991944
171775.165	250	0.57	-7.903089986991944
172201.212	250	0.575	-7.903089986991944
172551.448	250	0.58	-7.903089986991944
172888.932	250	0.585	-7.903089986991944
173105.649	250	0.59	-7.903089986991944
173362.735	250	0.595	-7.903089986991944
173815.427	250	0.6	-7.903089986991944
174103.058	250	0.605	-7.903089986991944
174530.885	250	0.61	-7.903089986991944
174923.202	250	0.615	-7.903089986991944
175143.245	250	0.62	-7.903089986991944
175570.786	250	0.625	-7.903089986991944
175809.164	250	0.63	-7.903089986991944
176084.638	250	0.635	-7.903089986991944
176361.69	250	0.64	-7.903089986991944
176698.543	250	0.645	-7.903089986991944
177185.526	250	0.65	-7.903089986991944
177741.278	250	0.655	-7.903089986991944
178098.945	250	0.66	-7.903089986991944
178512.11	250	0.665	-7.903089986991944
178825.846	250	0.67	-7.903089986991944
179089.845	250	0.675	-7.903089986991944
179285.0	250	0.68	-7.903089986991944
179649.473	250	0.685	-7.903089986991944
179787.143	250	0.69	-7.903089986991944
180091.92	250	0.695	-7.903089986991944
180240.907	250	0.7	-7.903089986991944
180654.909	250	0.705	-7.903089986991944
181063.811	250	0.71	-7.903089986991944
181147.75	250	0.715	-7.903089986991944
181507.425	250	0.72	-7.903089986991944
181947.464	250	0.725	-7.903089986991944
182195.431	250	0.73	-7.903089986991944
182513.801	250	0.735	-7.903089986991944
182851.733	250	0.74	-7.903089986991944
183115.814	250	0.745	-7.903089986991944
183464.038	250	0.75	-7.903089986991944
183964.739	250	0.755	-7.903089986991944
184289.2	250	0.76	-7.903089986991944
184485.804	250	0.765	-7.903089986991944
185411.762	250	0.77	-7.903089986991944
185642.972	250	0.775	-7.903089986991944
186289.199	250	0.78	-7.903089986991944
186634.108	250	0.785	-7.903089986991944
186837.406	250	0.79	-7.903089986991944
187190.436	250	0.795	-7.903089986991944
187599.729	250	0.8	-7.903089986991944
188081.55	250	0.805	-7.903089986991944
188554.245	250	0.81	-7.903089986991944
189183.386	250	0.815	-7.903089986991944
189498.873	250	0.82	-7.903089986991944
189881.195	250	0.825	-7.903089986991944
190120.444	250	0.83	-7.903089986991944
190433.496	250	0.835	-7.903089986991944
190854.629	250	0.84	-7.903089986991944
191318.59	250	0.845	-7.903089986991944
191647.231	250	0.85	-7.903089986991944
191956.308	250	0.855	-7.903089986991944
192442.41	250	0.86	-7.903089986991944
192592.96	250	0.865	-7.903089986991944
192975.229	250	0.87	-7.903089986991944
193440.241	250	0.875	-7.903089986991944
193830.171	250	0.88	-7.903089986991944
194350.947	250	0.885	-7.903089986991944
194991.962	250	0.89	-7.903089986991944
196115.235	250	0.895	-7.903089986991944
196518.989	250	0.9	-7.903089986991944
197639.847	250	0.905	-7.903089986991944
197873.245	250	0.91	-7.903089986991944
198640.536	250	0.915	-7.903089986991944
199136.791	250	0.92	-7.903089986991944
200327.643	250	0.925	-7.903089986991944
201581.688	250	0.93	-7.903089986991944
203015.559	250	0.935	-7.903089986991944
204387.686	250	0.94	-7.903089986991944
206048.242	250	0.945	-7.903089986991944
206763.429	250	0.95	-7.903089986991944
208504.062	250	0.955	-7.903089986991944
210080.823	250	0.96	-7.903089986991944
210788.902	250	0.965	-7.903089986991944
214891.184	250	0.97	-7.903089986991944
217811.28	250	0.975	-7.903089986991944
220317.945	250	0.98	-7.903089986991944
224136.289	250	0.985	-7.903089986991944
228696.83	250	0.99	-7.903089986991944
253725.654	250	0.995	-7.903089986991944
173253.91	275	0.5	-7.903089986991944
173534.222	275	0.505	-7.903089986991944
173829.239	275	0.51	-7.903089986991944
174187.421	275	0.515	-7.903089986991944
174716.969	275	0.52	-7.903089986991944
174885.75	275	0.525	-7.903089986991944
175299.455	275	0.53	-7.903089986991944
175535.5	275	0.535	-7.903089986991944
175813.574	275	0.54	-7.903089986991944
176089.853	275	0.545	-7.903089986991944
176566.309	275	0.55	-7.903089986991944
176771.753	275	0.555	-7.903089986991944
177002.911	275	0.56	-7.903089986991944
177322.776	275	0.565	-7.903089986991944
177723.13	275	0.57	-7.903089986991944
177949.334	275	0.575	-7.903089986991944
178318.769	275	0.58	-7.903089986991944
178628.466	275	0.585	-7.903089986991944
178884.961	275	0.59	-7.903089986991944
179189.495	275	0.595	-7.903089986991944
179560.971	275	0.6	-7.903089986991944
179947.415	275	0.605	-7.903089986991944
180209.582	275	0.61	-7.903089986991944
180582.406	275	0.615	-7.903089986991944
180886.331	275	0.62	-7.903089986991944
181131.875	275	0.625	-7.903089986991944
181337.152	275	0.63	-7.903089986991944
181688.676	275	0.635	-7.903089986991944
181898.748	275	0.64	-7.903089986991944
182069.504	275	0.645	-7.903089986991944
182282.636	275	0.65	-7.903089986991944
182466.341	275	0.655	-7.903089986991944
182676.081	275	0.66	-7.903089986991944
182953.362	275	0.665	-7.903089986991944
183216.124	275	0.67	-7.903089986991944
183596.573	275	0.675	-7.903089986991944
184264.589	275	0.68	-7.903089986991944
184421.512	275	0.685	-7.903089986991944
184748.233	275	0.69	-7.903089986991944
185092.468	275	0.695	-7.903089986991944
185447.522	275	0.7	-7.903089986991944
185719.521	275	0.705	-7.903089986991944
186208.65	275	0.71	-7.903089986991944
186671.928	275	0.715	-7.903089986991944
187016.451	275	0.72	-7.903089986991944
187575.853	275	0.725	-7.903089986991944
187885.301	275	0.73	-7.903089986991944
188204.421	275	0.735	-7.903089986991944
188468.784	275	0.74	-7.903089986991944
188715.121	275	0.745	-7.903089986991944
189102.676	275	0.75	-7.903089986991944
189400.685	275	0.755	-7.903089986991944
189792.19	275	0.76	-7.903089986991944
189967.945	275	0.765	-7.903089986991944
190409.952	275	0.77	-7.903089986991944
190757.964	275	0.775	-7.903089986991944
191213.566	275	0.78	-7.903089986991944
191852.223	275	0.785	-7.903089986991944
192359.154	275	0.79	-7.903089986991944
193075.209	275	0.795	-7.903089986991944
193584.0	275	0.8	-7.903089986991944
193952.515	275	0.805	-7.903089986991944
194600.922	275	0.81	-7.903089986991944
194871.421	275	0.815	-7.903089986991944
195175.446	275	0.82	-7.903089986991944
195659.832	275	0.825	-7.903089986991944
196062.019	275	0.83	-7.903089986991944
196260.125	275	0.835	-7.903089986991944
196646.231	275	0.84	-7.903089986991944
196949.961	275	0.845	-7.903089986991944
197627.162	275	0.85	-7.903089986991944
197695.361	275	0.855	-7.903089986991944
198413.669	275	0.86	-7.903089986991944
198657.888	275	0.865	-7.903089986991944
199302.416	275	0.87	-7.903089986991944
200224.808	275	0.875	-7.903089986991944
200734.185	275	0.88	-7.903089986991944
201013.343	275	0.885	-7.903089986991944
201698.452	275	0.89	-7.903089986991944
202088.127	275	0.895	-7.903089986991944
202680.857	275	0.9	-7.903089986991944
203258.886	275	0.905	-7.903089986991944
204326.487	275	0.91	-7.903089986991944
204797.697	275	0.915	-7.903089986991944
205348.379	275	0.92	-7.903089986991944
205783.596	275	0.925	-7.903089986991944
206944.674	275	0.93	-7.903089986991944
207723.079	275	0.935	-7.903089986991944
208331.947	275	0.94	-7.903089986991944
209739.789	275	0.945	-7.903089986991944
210830.687	275	0.95	-7.903089986991944
212440.203	275	0.955	-7.903089986991944
213138.338	275	0.96	-7.903089986991944
216635.939	275	0.965	-7.903089986991944
220586.833	275	0.97	-7.903089986991944
224343.134	275	0.975	-7.903089986991944
227662.602	275	0.98	-7.903089986991944
235347.578	275	0.985	-7.903089986991944
239498.485	275	0.99	-7.903089986991944
244731.123	275	0.995	-7.903089986991944
178573.278	300	0.5	-7.903089986991944
179080.0	300	0.505	-7.903089986991944
179268.092	300	0.51	-7.903089986991944
179588.64	300	0.515	-7.903089986991944
179940.913	300	0.52	-7.903089986991944
180411.457	300	0.525	-7.903089986991944
180553.786	300	0.53	-7.903089986991944
180747.504	300	0.535	-7.903089986991944
181151.353	300	0.54	-7.903089986991944
181330.946	300	0.545	-7.903089986991944
181540.164	300	0.55	-7.903089986991944
181633.319	300	0.555	-7.903089986991944
181944.743	300	0.56	-7.903089986991944
182274.606	300	0.565	-7.903089986991944
182446.232	300	0.57	-7.903089986991944
182800.701	300	0.575	-7.903089986991944
183058.839	300	0.58	-7.903089986991944
183389.364	300	0.585	-7.903089986991944
183915.271	300	0.59	-7.903089986991944
184132.886	300	0.595	-7.903089986991944
184398.081	300	0.6	-7.903089986991944
184499.495	300	0.605	-7.903089986991944
184709.705	300	0.61	-7.903089986991944
184952.044	300	0.615	-7.903089986991944
185183.622	300	0.62	-7.903089986991944
185716.633	300	0.625	-7.903089986991944
185781.549	300	0.63	-7.903089986991944
186234.878	300	0.635	-7.903089986991944
186597.889	300	0.64	-7.903089986991944
186858.505	300	0.645	-7.903089986991944
187234.261	300	0.65	-7.903089986991944
187519.952	300	0.655	-7.903089986991944
187637.881	300	0.66	-7.903089986991944
187907.723	300	0.665	-7.903089986991944
188152.739	300	0.67	-7.903089986991944
188658.746	300	0.675	-7.903089986991944
189025.543	300	0.68	-7.903089986991944
189669.093	300	0.685	-7.903089986991944
190187.202	300	0.69	-7.903089986991944
190429.016	300	0.695	-7.903089986991944
190969.194	300	0.7	-7.903089986991944
191155.943	300	0.705	-7.903089986991944
191501.258	300	0.71	-7.903089986991944
191822.095	300	0.715	-7.903089986991944
192548.906	300	0.72	-7.903089986991944
192993.198	300	0.725	-7.903089986991944
193399.942	300	0.73	-7.903089986991944
193921.893	300	0.735	-7.903089986991944
194293.531	300	0.74	-7.903089986991944
194957.652	300	0.745	-7.903089986991944
195453.442	300	0.75	-7.903089986991944
195803.705	300	0.755	-7.903089986991944
196314.979	300	0.76	-7.903089986991944
196696.353	300	0.765	-7.903089986991944
197110.862	300	0.77	-7.903089986991944
197514.25	300	0.775	-7.903089986991944
198022.975	300	0.78	-7.903089986991944
198323.119	300	0.785	-7.903089986991944
198742.614	300	0.79	-7.903089986991944
199083.079	300	0.795	-7.903089986991944
199583.443	300	0.8	-7.903089986991944
200170.824	300	0.805	-7.903089986991944
200384.421	300	0.81	-7.903089986991944
200595.771	300	0.815	-7.903089986991944
201264.589	300	0.82	-7.903089986991944
201433.03	300	0.825	-7.903089986991944
201732.752	300	0.83	-7.903089986991944
202275.033	300	0.835	-7.903089986991944
202561.31	300	0.84	-7.903089986991944
202820.909	300	0.845	-7.903089986991944
203452.561	300	0.85	-7.903089986991944
204034.043	300	0.855	-7.903089986991944
205458.429	300	0.86	-7.903089986991944
205949.697	300	0.865	-7.903089986991944
206543.0	300	0.87	-7.903089986991944
206976.786	300	0.875	-7.903089986991944
207544.734	300	0.88	-7.903089986991944
208114.152	300	0.885	-7.903089986991944
208644.829	300	0.89	-7.903089986991944
209349.208	300	0.895	-7.903089986991944
210780.129	300	0.9	-7.903089986991944
211993.888	300	0.905	-7.903089986991944
212399.456	300	0.91	-7.903089986991944
212941.747	300	0.915	-7.903089986991944
213719.94	300	0.92	-7.903089986991944
214965.536	300	0.925	-7.903089986991944
216513.443	300	0.93	-7.903089986991944
217090.594	300	0.935	-7.903089986991944
218010.333	300	0.94	-7.903089986991944
220013.487	300	0.945	-7.903089986991944
222867.4	300	0.95	-7.903089986991944
225609.586	300	0.955	-7.903089986991944
227369.657	300	0.96	-7.903089986991944
230578.128	300	0.965	-7.903089986991944
233507.026	300	0.97	-7.903089986991944
235307.679	300	0.975	-7.903089986991944
236530.886	300	0.98	-7.903089986991944
242189.283	300	0.985	-7.903089986991944
255680.56	300	0.99	-7.903089986991944
290486.96	300	0.995	-7.903089986991944
185234.357	325	0.5	-7.903089986991944
185399.66	325	0.505	-7.903089986991944
186239.441	325	0.51	-7.903089986991944
186423.952	325	0.515	-7.903089986991944
186634.629	325	0.52	-7.903089986991944
186763.119	325	0.525	-7.903089986991944
187072.466	325	0.53	-7.903089986991944
187226.576	325	0.535	-7.903089986991944
187610.066	325	0.54	-7.903089986991944
187886.38	325	0.545	-7.903089986991944
188137.079	325	0.55	-7.903089986991944
188360.071	325	0.555	-7.903089986991944
188648.683	325	0.56	-7.903089986991944
189012.813	325	0.565	-7.903089986991944
189461.2	325	0.57	-7.903089986991944
189806.852	325	0.575	-7.903089986991944
190228.761	325	0.58	-7.903089986991944
190617.921	325	0.585	-7.903089986991944
190717.368	325	0.59	-7.903089986991944
190964.978	325	0.595	-7.903089986991944
191168.0	325	0.6	-7.903089986991944
191266.623	325	0.605	-7.903089986991944
191614.302	325	0.61	-7.903089986991944
192075.052	325	0.615	-7.903089986991944
192252.018	325	0.62	-7.903089986991944
192429.134	325	0.625	-7.903089986991944
192641.355	325	0.63	-7.903089986991944
192967.067	325	0.635	-7.903089986991944
193245.64	325	0.64	-7.903089986991944
193486.099	325	0.645	-7.903089986991944
193689.475	325	0.65	-7.903089986991944
193924.455	325	0.655	-7.903089986991944
194334.081	325	0.66	-7.903089986991944
194501.086	325	0.665	-7.903089986991944
194732.119	325	0.67	-7.903089986991944
194905.204	325	0.675	-7.903089986991944
195150.826	325	0.68	-7.903089986991944
195590.221	325	0.685	-7.903089986991944
195853.735	325	0.69	-7.903089986991944
196297.558	325	0.695	-7.903089986991944
196842.308	325	0.7	-7.903089986991944
197237.936	325	0.705	-7.903089986991944
197389.765	325	0.71	-7.903089986991944
197596.464	325	0.715	-7.903089986991944
197827.771	325	0.72	-7.903089986991944
198244.857	325	0.725	-7.903089986991944
198822.685	325	0.73	-7.903089986991944
199270.307	325	0.735	-7.903089986991944
199435.349	325	0.74	-7.903089986991944
199761.354	325	0.745	-7.903089986991944
199980.75	325	0.75	-7.903089986991944
200188.54	325	0.755	-7.903089986991944
200499.6	325	0.76	-7.903089986991944
200964.312	325	0.765	-7.903089986991944
201271.335	325	0.77	-7.903089986991944
201479.464	325	0.775	-7.903089986991944
201702.96	325	0.78	-7.903089986991944
202163.357	325	0.785	-7.903089986991944
202350.444	325	0.79	-7.903089986991944
203025.879	325	0.795	-7.903089986991944
203633.846	325	0.8	-7.903089986991944
203947.308	325	0.805	-7.903089986991944
204361.771	325	0.81	-7.903089986991944
204904.011	325	0.815	-7.903089986991944
205237.899	325	0.82	-7.903089986991944
205435.523	325	0.825	-7.903089986991944
205939.377	325	0.83	-7.903089986991944
206518.939	325	0.835	-7.903089986991944
207335.671	325	0.84	-7.903089986991944
208237.674	325	0.845	-7.903089986991944
208735.478	325	0.85	-7.903089986991944
209287.281	325	0.855	-7.903089986991944
209720.337	325	0.86	-7.903089986991944
210048.171	325	0.865	-7.903089986991944
210260.905	325	0.87	-7.903089986991944
210868.884	325	0.875	-7.903089986991944
212101.021	325	0.88	-7.903089986991944
212509.531	325	0.885	-7.903089986991944
213185.995	325	0.89	-7.903089986991944
213462.715	325	0.895	-7.903089986991944
213924.593	325	0.9	-7.903089986991944
214708.92	325	0.905	-7.903089986991944
215363.8	325	0.91	-7.903089986991944
216112.873	325	0.915	-7.903089986991944
217405.408	325	0.92	-7.903089986991944
218345.768	325	0.925	-7.903089986991944
219395.294	325	0.93	-7.903089986991944
221199.867	325	0.935	-7.903089986991944
221967.411	325	0.94	-7.903089986991944
224154.043	325	0.945	-7.903089986991944
225913.929	325	0.95	-7.903089986991944
228535.214	325	0.955	-7.903089986991944
230606.709	325	0.96	-7.903089986991944
232061.701	325	0.965	-7.903089986991944
234617.481	325	0.97	-7.903089986991944
239412.569	325	0.975	-7.903089986991944
249375.48	325	0.98	-7.903089986991944
252321.794	325	0.985	-7.903089986991944
263869.282	325	0.99	-7.903089986991944
278264.45	325	0.995	-7.903089986991944
190266.929	350	0.5	-7.903089986991944
190562.147	350	0.505	-7.903089986991944
190764.846	350	0.51	-7.903089986991944
190890.871	350	0.515	-7.903089986991944
191317.829	350	0.52	-7.903089986991944
191449.25	350	0.525	-7.903089986991944
191686.688	350	0.53	-7.903089986991944
191819.898	350	0.535	-7.903089986991944
192632.686	350	0.54	-7.903089986991944
192960.947	350	0.545	-7.903089986991944
193127.993	350	0.55	-7.903089986991944
193362.727	350	0.555	-7.903089986991944
193835.688	350	0.56	-7.903089986991944
194116.157	350	0.565	-7.903089986991944
194247.971	350	0.57	-7.903089986991944
194410.802	350	0.575	-7.903089986991944
194485.116	350	0.58	-7.903089986991944
194654.28	350	0.585	-7.903089986991944
195088.886	350	0.59	-7.903089986991944
195307.65	350	0.595	-7.903089986991944
195756.98	350	0.6	-7.903089986991944
196022.153	350	0.605	-7.903089986991944
196425.643	350	0.61	-7.903089986991944
196804.452	350	0.615	-7.903089986991944
197141.085	350	0.62	-7.903089986991944
197255.571	350	0.625	-7.903089986991944
197439.092	350	0.63	-7.903089986991944
197780.819	350	0.635	-7.903089986991944
198184.743	350	0.64	-7.903089986991944
198785.928	350	0.645	-7.903089986991944
199109.05	350	0.65	-7.903089986991944
199638.645	350	0.655	-7.903089986991944
199960.619	350	0.66	-7.903089986991944
200194.986	350	0.665	-7.903089986991944
200506.053	350	0.67	-7.903089986991944
200662.191	350	0.675	-7.903089986991944
201048.514	350	0.68	-7.903089986991944
201559.604	350	0.685	-7.903089986991944
201859.271	350	0.69	-7.903089986991944
202099.486	350	0.695	-7.903089986991944
202545.3	350	0.7	-7.903089986991944
203077.949	350	0.705	-7.903089986991944
203197.633	350	0.71	-7.903089986991944
203453.785	350	0.715	-7.903089986991944
203681.209	350	0.72	-7.903089986991944
204192.866	350	0.725	-7.903089986991944
204419.762	350	0.73	-7.903089986991944
204513.327	350	0.735	-7.903089986991944
204770.086	350	0.74	-7.903089986991944
205134.386	350	0.745	-7.903089986991944
205434.643	350	0.75	-7.903089986991944
205985.732	350	0.755	-7.903089986991944
206521.371	350	0.76	-7.903089986991944
207077.943	350	0.765	-7.903089986991944
207152.755	350	0.77	-7.903089986991944
207800.373	350	0.775	-7.903089986991944
208144.247	350	0.78	-7.903089986991944
208585.186	350	0.785	-7.903089986991944
209071.337	350	0.79	-7.903089986991944
209700.116	350	0.795	-7.903089986991944
210390.125	350	0.8	-7.903089986991944
210827.772	350	0.805	-7.903089986991944
211173.482	350	0.81	-7.903089986991944
211724.246	350	0.815	-7.903089986991944
212429.792	350	0.82	-7.903089986991944
212738.694	350	0.825	-7.903089986991944
212890.729	350	0.83	-7.903089986991944
213164.686	350	0.835	-7.903089986991944
213970.04	350	0.84	-7.903089986991944
214457.292	350	0.845	-7.903089986991944
214820.948	350	0.85	-7.903089986991944
215215.922	350	0.855	-7.903089986991944
215679.853	350	0.86	-7.903089986991944
216373.179	350	0.865	-7.903089986991944
216959.836	350	0.87	-7.903089986991944
217670.788	350	0.875	-7.903089986991944
218477.369	350	0.88	-7.903089986991944
218827.361	350	0.885	-7.903089986991944
219297.981	350	0.89	-7.903089986991944
219940.571	350	0.895	-7.903089986991944
220935.721	350	0.9	-7.903089986991944
221535.692	350	0.905	-7.903089986991944
222140.937	350	0.91	-7.903089986991944
222426.993	350	0.915	-7.903089986991944
224476.937	350	0.92	-7.903089986991944
225031.138	350	0.925	-7.903089986991944
225830.057	350	0.93	-7.903089986991944
226198.071	350	0.935	-7.903089986991944
227482.261	350	0.94	-7.903089986991944
229562.594	350	0.945	-7.903089986991944
232087.046	350	0.95	-7.903089986991944
234124.725	350	0.955	-7.903089986991944
235259.943	350	0.96	-7.903089986991944
237117.396	350	0.965	-7.903089986991944
238092.944	350	0.97	-7.903089986991944
240333.993	350	0.975	-7.903089986991944
243245.773	350	0.98	-7.903089986991944
246682.504	350	0.985	-7.903089986991944
252613.146	350	0.99	-7.903089986991944
261790.255	350	0.995	-7.903089986991944
197032.544	375	0.5	-7.903089986991944
197359.722	375	0.505	-7.903089986991944
197624.054	375	0.51	-7.903089986991944
197910.485	375	0.515	-7.903089986991944
198252.0	375	0.52	-7.903089986991944
198401.536	375	0.525	-7.903089986991944
198807.704	375	0.53	-7.903089986991944
199122.243	375	0.535	-7.903089986991944
199298.081	375	0.54	-7.903089986991944
199499.272	375	0.545	-7.903089986991944
199787.804	375	0.55	-7.903089986991944
199946.05	375	0.555	-7.903089986991944
200138.575	375	0.56	-7.903089986991944
200548.531	375	0.565	-7.903089986991944
200751.893	375	0.57	-7.903089986991944
201127.975	375	0.575	-7.903089986991944
201374.553	375	0.58	-7.903089986991944
201518.843	375	0.585	-7.903089986991944
201957.628	375	0.59	-7.903089986991944
202271.462	375	0.595	-7.903089986991944
202676.749	375	0.6	-7.903089986991944
202868.01	375	0.605	-7.903089986991944
203453.982	375	0.61	-7.903089986991944
204046.286	375	0.615	-7.903089986991944
204529.895	375	0.62	-7.903089986991944
204806.358	375	0.625	-7.903089986991944
205362.251	375	0.63	-7.903089986991944
205582.472	375	0.635	-7.903089986991944
205780.357	375	0.64	-7.903089986991944
206230.211	375	0.645	-7.903089986991944
206434.832	375	0.65	-7.903089986991944
206626.996	375	0.655	-7.903089986991944
206837.681	375	0.66	-7.903089986991944
207274.868	375	0.665	-7.903089986991944
207572.991	375	0.67	-7.903089986991944
207850.927	375	0.675	-7.903089986991944
208010.24	375	0.68	-7.903089986991944
208476.236	375	0.685	-7.903089986991944
208701.161	375	0.69	-7.903089986991944
209083.016	375	0.695	-7.903089986991944
209393.714	375	0.7	-7.903089986991944
209821.423	375	0.705	-7.903089986991944
210227.443	375	0.71	-7.903089986991944
210744.057	375	0.715	-7.903089986991944
211071.866	375	0.72	-7.903089986991944
211373.553	375	0.725	-7.903089986991944
211606.181	375	0.73	-7.903089986991944
211817.073	375	0.735	-7.903089986991944
212350.21	375	0.74	-7.903089986991944
212605.548	375	0.745	-7.903089986991944
212772.25	375	0.75	-7.903089986991944
213055.852	375	0.755	-7.903089986991944
213243.197	375	0.76	-7.903089986991944
213477.988	375	0.765	-7.903089986991944
213770.469	375	0.77	-7.903089986991944
213969.534	375	0.775	-7.903089986991944
214597.753	375	0.78	-7.903089986991944
214957.656	375	0.785	-7.903089986991944
215369.838	375	0.79	-7.903089986991944
215628.101	375	0.795	-7.903089986991944
216214.681	375	0.8	-7.903089986991944
216743.9	375	0.805	-7.903089986991944
217300.889	375	0.81	-7.903089986991944
217569.017	375	0.815	-7.903089986991944
218002.343	375	0.82	-7.903089986991944
218268.255	375	0.825	-7.903089986991944
218894.843	375	0.83	-7.903089986991944
219342.081	375	0.835	-7.903089986991944
219906.457	375	0.84	-7.903089986991944
220818.493	375	0.845	-7.903089986991944
221554.489	375	0.85	-7.903089986991944
221908.355	375	0.855	-7.903089986991944
222252.361	375	0.86	-7.903089986991944
222422.615	375	0.865	-7.903089986991944
224339.072	375	0.87	-7.903089986991944
224918.938	375	0.875	-7.903089986991944
225574.763	375	0.88	-7.903089986991944
226280.856	375	0.885	-7.903089986991944
226995.43	375	0.89	-7.903089986991944
227853.165	375	0.895	-7.903089986991944
228360.436	375	0.9	-7.903089986991944
229211.08	375	0.905	-7.903089986991944
230115.034	375	0.91	-7.903089986991944
231200.128	375	0.915	-7.903089986991944
232676.391	375	0.92	-7.903089986991944
233013.173	375	0.925	-7.903089986991944
234085.022	375	0.93	-7.903089986991944
235193.684	375	0.935	-7.903089986991944
237233.03	375	0.94	-7.903089986991944
239261.983	375	0.945	-7.903089986991944
240220.387	375	0.95	-7.903089986991944
241148.875	375	0.955	-7.903089986991944
243822.526	375	0.96	-7.903089986991944
247162.382	375	0.965	-7.903089986991944
248605.741	375	0.97	-7.903089986991944
251052.463	375	0.975	-7.903089986991944
254668.929	375	0.98	-7.903089986991944
261109.322	375	0.985	-7.903089986991944
273781.433	375	0.99	-7.903089986991944
297057.321	375	0.995	-7.903089986991944
202485.107	400	0.5	-7.903089986991944
202859.442	400	0.505	-7.903089986991944
203009.23	400	0.51	-7.903089986991944
203501.872	400	0.515	-7.903089986991944
203697.691	400	0.52	-7.903089986991944
203919.058	400	0.525	-7.903089986991944
204057.166	400	0.53	-7.903089986991944
204397.417	400	0.535	-7.903089986991944
204696.49	400	0.54	-7.903089986991944
204917.468	400	0.545	-7.903089986991944
205027.0	400	0.55	-7.903089986991944
205344.647	400	0.555	-7.903089986991944
205490.925	400	0.56	-7.903089986991944
205594.826	400	0.565	-7.903089986991944
205754.745	400	0.57	-7.903089986991944
205808.22	400	0.575	-7.903089986991944
206222.857	400	0.58	-7.903089986991944
206536.958	400	0.585	-7.903089986991944
206941.932	400	0.59	-7.903089986991944
207247.45	400	0.595	-7.903089986991944
207403.1	400	0.6	-7.903089986991944
207723.821	400	0.605	-7.903089986991944
208096.904	400	0.61	-7.903089986991944
208320.025	400	0.615	-7.903089986991944
208655.514	400	0.62	-7.903089986991944
209064.598	400	0.625	-7.903089986991944
209339.602	400	0.63	-7.903089986991944
209561.731	400	0.635	-7.903089986991944
209757.6	400	0.64	-7.903089986991944
210105.174	400	0.645	-7.903089986991944
210360.838	400	0.65	-7.903089986991944
210970.852	400	0.655	-7.903089986991944
211471.68	400	0.66	-7.903089986991944
211734.552	400	0.665	-7.903089986991944
212044.124	400	0.67	-7.903089986991944
212323.286	400	0.675	-7.903089986991944
212564.363	400	0.68	-7.903089986991944
213063.25	400	0.685	-7.903089986991944
213317.627	400	0.69	-7.903089986991944
213721.885	400	0.695	-7.903089986991944
213916.392	400	0.7	-7.903089986991944
214084.0	400	0.705	-7.903089986991944
214335.9	400	0.71	-7.903089986991944
215175.414	400	0.715	-7.903089986991944
215878.571	400	0.72	-7.903089986991944
216208.151	400	0.725	-7.903089986991944
216350.171	400	0.73	-7.903089986991944
216845.386	400	0.735	-7.903089986991944
217042.587	400	0.74	-7.903089986991944
217366.354	400	0.745	-7.903089986991944
217666.881	400	0.75	-7.903089986991944
217898.772	400	0.755	-7.903089986991944
218392.451	400	0.76	-7.903089986991944
218708.738	400	0.765	-7.903089986991944
219047.8	400	0.77	-7.903089986991944
219592.873	400	0.775	-7.903089986991944
220116.288	400	0.78	-7.903089986991944
220400.406	400	0.785	-7.903089986991944
220905.4	400	0.79	-7.903089986991944
221381.086	400	0.795	-7.903089986991944
221788.286	400	0.8	-7.903089986991944
222115.043	400	0.805	-7.903089986991944
222606.441	400	0.81	-7.903089986991944
222929.168	400	0.815	-7.903089986991944
223702.886	400	0.82	-7.903089986991944
224101.082	400	0.825	-7.903089986991944
225098.874	400	0.83	-7.903089986991944
225544.698	400	0.835	-7.903089986991944
225727.257	400	0.84	-7.903089986991944
226478.518	400	0.845	-7.903089986991944
226845.543	400	0.85	-7.903089986991944
227446.588	400	0.855	-7.903089986991944
227906.943	400	0.86	-7.903089986991944
228710.727	400	0.865	-7.903089986991944
229288.456	400	0.87	-7.903089986991944
230102.5	400	0.875	-7.903089986991944
231418.466	400	0.88	-7.903089986991944
232091.714	400	0.885	-7.903089986991944
232699.678	400	0.89	-7.903089986991944
233107.762	400	0.895	-7.903089986991944
233569.942	400	0.9	-7.903089986991944
234403.365	400	0.905	-7.903089986991944
235168.664	400	0.91	-7.903089986991944
236549.948	400	0.915	-7.903089986991944
237572.917	400	0.92	-7.903089986991944
238156.643	400	0.925	-7.903089986991944
239016.515	400	0.93	-7.903089986991944
240406.738	400	0.935	-7.903089986991944
242015.41	400	0.94	-7.903089986991944
243207.561	400	0.945	-7.903089986991944
244519.214	400	0.95	-7.903089986991944
245173.1	400	0.955	-7.903089986991944
248719.486	400	0.96	-7.903089986991944
250603.095	400	0.965	-7.903089986991944
254483.212	400	0.97	-7.903089986991944
259884.713	400	0.975	-7.903089986991944
267669.756	400	0.98	-7.903089986991944
275441.159	400	0.985	-7.903089986991944
284837.751	400	0.99	-7.903089986991944
342963.783	400	0.995	-7.903089986991944
207826.739	425	0.5	-7.903089986991944
207963.321	425	0.505	-7.903089986991944
208116.191	425	0.51	-7.903089986991944
208564.656	425	0.515	-7.903089986991944
208714.057	425	0.52	-7.903089986991944
209002.179	425	0.525	-7.903089986991944
209203.082	425	0.53	-7.903089986991944
209401.162	425	0.535	-7.903089986991944
209712.833	425	0.54	-7.903089986991944
209951.07	425	0.545	-7.903089986991944
210169.882	425	0.55	-7.903089986991944
210427.708	425	0.555	-7.903089986991944
210829.19	425	0.56	-7.903089986991944
211024.743	425	0.565	-7.903089986991944
211248.13	425	0.57	-7.903089986991944
211462.975	425	0.575	-7.903089986991944
211778.216	425	0.58	-7.903089986991944
211979.693	425	0.585	-7.903089986991944
212046.286	425	0.59	-7.903089986991944
212279.2	425	0.595	-7.903089986991944
212438.971	425	0.6	-7.903089986991944
212523.014	425	0.605	-7.903089986991944
212956.893	425	0.61	-7.903089986991944
213098.907	425	0.615	-7.903089986991944
213435.333	425	0.62	-7.903089986991944
213654.821	425	0.625	-7.903089986991944
213897.929	425	0.63	-7.903089986991944
214480.654	425	0.635	-7.903089986991944
214632.611	425	0.64	-7.903089986991944
215172.019	425	0.645	-7.903089986991944
215406.814	425	0.65	-7.903089986991944
215669.354	425	0.655	-7.903089986991944
216118.721	425	0.66	-7.903089986991944
216593.85	425	0.665	-7.903089986991944
216928.052	425	0.67	-7.903089986991944
217267.143	425	0.675	-7.903089986991944
217534.449	425	0.68	-7.903089986991944
218003.757	425	0.685	-7.903089986991944
218676.848	425	0.69	-7.903089986991944
218918.736	425	0.695	-7.903089986991944
218984.011	425	0.7	-7.903089986991944
219231.243	425	0.705	-7.903089986991944
219604.996	425	0.71	-7.903089986991944
219890.971	425	0.715	-7.903089986991944
220227.086	425	0.72	-7.903089986991944
220447.918	425	0.725	-7.903089986991944
220879.856	425	0.73	-7.903089986991944
221161.223	425	0.735	-7.903089986991944
221379.187	425	0.74	-7.903089986991944
221935.575	425	0.745	-7.903089986991944
222397.518	425	0.75	-7.903089986991944
222656.3	425	0.755	-7.903089986991944
223025.003	425	0.76	-7.903089986991944
223417.867	425	0.765	-7.903089986991944
223700.787	425	0.77	-7.903089986991944
224615.091	425	0.775	-7.903089986991944
225407.486	425	0.78	-7.903089986991944
225814.198	425	0.785	-7.903089986991944
226582.915	425	0.79	-7.903089986991944
227436.886	425	0.795	-7.903089986991944
227803.5	425	0.8	-7.903089986991944
228041.637	425	0.805	-7.903089986991944
228618.089	425	0.81	-7.903089986991944
229092.271	425	0.815	-7.903089986991944
229385.943	425	0.82	-7.903089986991944
229915.143	425	0.825	-7.903089986991944
230448.071	425	0.83	-7.903089986991944
230835.143	425	0.835	-7.903089986991944
231213.415	425	0.84	-7.903089986991944
231540.3	425	0.845	-7.903089986991944
232261.836	425	0.85	-7.903089986991944
232632.142	425	0.855	-7.903089986991944
233456.672	425	0.86	-7.903089986991944
233653.464	425	0.865	-7.903089986991944
235490.29	425	0.87	-7.903089986991944
236060.134	425	0.875	-7.903089986991944
236581.899	425	0.88	-7.903089986991944
237084.151	425	0.885	-7.903089986991944
237952.321	425	0.89	-7.903089986991944
239070.564	425	0.895	-7.903089986991944
239790.557	425	0.9	-7.903089986991944
240638.15	425	0.905	-7.903089986991944
241729.505	425	0.91	-7.903089986991944
243138.162	425	0.915	-7.903089986991944
244436.806	425	0.92	-7.903089986991944
245333.546	425	0.925	-7.903089986991944
246228.034	425	0.93	-7.903089986991944
247907.297	425	0.935	-7.903089986991944
248354.069	425	0.94	-7.903089986991944
250327.0	425	0.945	-7.903089986991944
252060.121	425	0.95	-7.903089986991944
253179.223	425	0.955	-7.903089986991944
254835.634	425	0.96	-7.903089986991944
258581.176	425	0.965	-7.903089986991944
263035.565	425	0.97	-7.903089986991944
267215.32	425	0.975	-7.903089986991944
274744.716	425	0.98	-7.903089986991944
278416.204	425	0.985	-7.903089986991944
299458.114	425	0.99	-7.903089986991944
322794.679	425	0.995	-7.903089986991944
211158.607	450	0.5	-7.903089986991944
211331.25	450	0.505	-7.903089986991944
211493.648	450	0.51	-7.903089986991944
211748.94	450	0.515	-7.903089986991944
211970.023	450	0.52	-7.903089986991944
212352.992	450	0.525	-7.903089986991944
212606.424	450	0.53	-7.903089986991944
212729.992	450	0.535	-7.903089986991944
213256.873	450	0.54	-7.903089986991944
213551.9	450	0.545	-7.903089986991944
213727.062	450	0.55	-7.903089986991944
214051.567	450	0.555	-7.903089986991944
214607.429	450	0.56	-7.903089986991944
215036.371	450	0.565	-7.903089986991944
215294.707	450	0.57	-7.903089986991944
215614.486	450	0.575	-7.903089986991944
215875.093	450	0.58	-7.903089986991944
216512.421	450	0.585	-7.903089986991944
216967.057	450	0.59	-7.903089986991944
217347.986	450	0.595	-7.903089986991944
217525.971	450	0.6	-7.903089986991944
218050.22	450	0.605	-7.903089986991944
218208.615	450	0.61	-7.903089986991944
218470.99	450	0.615	-7.903089986991944
218655.943	450	0.62	-7.903089986991944
218775.536	450	0.625	-7.903089986991944
218889.674	450	0.63	-7.903089986991944
219399.569	450	0.635	-7.903089986991944
219548.929	450	0.64	-7.903089986991944
219704.126	450	0.645	-7.903089986991944
220176.068	450	0.65	-7.903089986991944
220582.042	450	0.655	-7.903089986991944
221267.571	450	0.66	-7.903089986991944
221918.889	450	0.665	-7.903089986991944
222339.471	450	0.67	-7.903089986991944
222701.773	450	0.675	-7.903089986991944
223100.414	450	0.68	-7.903089986991944
223529.921	450	0.685	-7.903089986991944
223662.953	450	0.69	-7.903089986991944
223784.693	450	0.695	-7.903089986991944
224045.736	450	0.7	-7.903089986991944
224797.27	450	0.705	-7.903089986991944
224991.992	450	0.71	-7.903089986991944
225587.849	450	0.715	-7.903089986991944
225734.591	450	0.72	-7.903089986991944
226017.084	450	0.725	-7.903089986991944
226262.891	450	0.73	-7.903089986991944
226534.679	450	0.735	-7.903089986991944
226964.669	450	0.74	-7.903089986991944
227109.75	450	0.745	-7.903089986991944
227412.607	450	0.75	-7.903089986991944
227545.968	450	0.755	-7.903089986991944
227664.971	450	0.76	-7.903089986991944
228131.834	450	0.765	-7.903089986991944
228688.457	450	0.77	-7.903089986991944
229172.148	450	0.775	-7.903089986991944
229560.4	450	0.78	-7.903089986991944
229919.755	450	0.785	-7.903089986991944
230236.786	450	0.79	-7.903089986991944
230647.855	450	0.795	-7.903089986991944
230964.013	450	0.8	-7.903089986991944
231186.129	450	0.805	-7.903089986991944
231550.928	450	0.81	-7.903089986991944
232085.026	450	0.815	-7.903089986991944
232896.011	450	0.82	-7.903089986991944
233192.036	450	0.825	-7.903089986991944
233687.242	450	0.83	-7.903089986991944
234221.886	450	0.835	-7.903089986991944
234944.289	450	0.84	-7.903089986991944
235549.415	450	0.845	-7.903089986991944
236328.296	450	0.85	-7.903089986991944
236564.685	450	0.855	-7.903089986991944
237094.819	450	0.86	-7.903089986991944
237785.621	450	0.865	-7.903089986991944
238429.676	450	0.87	-7.903089986991944
238854.521	450	0.875	-7.903089986991944
239544.76	450	0.88	-7.903089986991944
240532.076	450	0.885	-7.903089986991944
242346.648	450	0.89	-7.903089986991944
243419.864	450	0.895	-7.903089986991944
244508.943	450	0.9	-7.903089986991944
245796.436	450	0.905	-7.903089986991944
247311.829	450	0.91	-7.903089986991944
247684.974	450	0.915	-7.903089986991944
249400.523	450	0.92	-7.903089986991944
250903.888	450	0.925	-7.903089986991944
251955.714	450	0.93	-7.903089986991944
252630.468	450	0.935	-7.903089986991944
254130.029	450	0.94	-7.903089986991944
255370.376	450	0.945	-7.903089986991944
257445.718	450	0.95	-7.903089986991944
258384.258	450	0.955	-7.903089986991944
260717.509	450	0.96	-7.903089986991944
262450.134	450	0.965	-7.903089986991944
267802.666	450	0.97	-7.903089986991944
272686.209	450	0.975	-7.903089986991944
279728.43	450	0.98	-7.903089986991944
287862.86	450	0.985	-7.903089986991944
295928.743	450	0.99	-7.903089986991944
305600.507	450	0.995	-7.903089986991944
