S*_score	SNP_num	quantile	log(local_recomb_rate)
115366.667	25	0.5	-7.903089986991944
116504.564	25	0.505	-7.903089986991944
116856.48	25	0.51	-7.903089986991944
117519.08	25	0.515	-7.903089986991944
118414.309	25	0.52	-7.903089986991944
119076.417	25	0.525	-7.903089986991944
120074.38	25	0.53	-7.903089986991944
120589.983	25	0.535	-7.903089986991944
120872.613	25	0.54	-7.903089986991944
121150.43	25	0.545	-7.903089986991944
121806.975	25	0.55	-7.903089986991944
122421.6	25	0.555	-7.903089986991944
123179.1	25	0.56	-7.903089986991944
123435.614	25	0.565	-7.903089986991944
123924.21	25	0.57	-7.903089986991944
124090.4	25	0.575	-7.903089986991944
124876.0	25	0.58	-7.903089986991944
125497.55	25	0.585	-7.903089986991944
125846.95	25	0.59	-7.903089986991944
126063.386	25	0.595	-7.903089986991944
126783.6	25	0.6	-7.903089986991944
127429.664	25	0.605	-7.903089986991944
127779.5	25	0.61	-7.903089986991944
128970.291	25	0.615	-7.903089986991944
129383.754	25	0.62	-7.903089986991944
129902.798	25	0.625	-7.903089986991944
130682.56	25	0.63	-7.903089986991944
131018.833	25	0.635	-7.903089986991944
131847.2	25	0.64	-7.903089986991944
132418.367	25	0.645	-7.903089986991944
133011.769	25	0.65	-7.903089986991944
133254.027	25	0.655	-7.903089986991944
133970.064	25	0.66	-7.903089986991944
134415.645	25	0.665	-7.903089986991944
135141.25	25	0.67	-7.903089986991944
136165.525	25	0.675	-7.903089986991944
136905.28	25	0.68	-7.903089986991944
137546.543	25	0.685	-7.903089986991944
137735.97	25	0.69	-7.903089986991944
138430.567	25	0.695	-7.903089986991944
138789.333	25	0.7	-7.903089986991944
139209.26	25	0.705	-7.903089986991944
139793.459	25	0.71	-7.903089986991944
140895.3	25	0.715	-7.903089986991944
141148.0	25	0.72	-7.903089986991944
141684.925	25	0.725	-7.903089986991944
142527.867	25	0.73	-7.903089986991944
142928.58	25	0.735	-7.903089986991944
143416.114	25	0.74	-7.903089986991944
143864.255	25	0.745	-7.903089986991944
144337.0	25	0.75	-7.903089986991944
144893.29	25	0.755	-7.903089986991944
146280.92	25	0.76	-7.903089986991944
146406.52	25	0.765	-7.903089986991944
146576.9	25	0.77	-7.903089986991944
146940.077	25	0.775	-7.903089986991944
147271.0	25	0.78	-7.903089986991944
148212.05	25	0.785	-7.903089986991944
148960.667	25	0.79	-7.903089986991944
149246.18	25	0.795	-7.903089986991944
150249.6	25	0.8	-7.903089986991944
150835.4	25	0.805	-7.903089986991944
152091.4	25	0.81	-7.903089986991944
153049.7	25	0.815	-7.903089986991944
154185.86	25	0.82	-7.903089986991944
155006.56	25	0.825	-7.903089986991944
155350.0	25	0.83	-7.903089986991944
155858.12	25	0.835	-7.903089986991944
156829.314	25	0.84	-7.903089986991944
157399.4	25	0.845	-7.903089986991944
158409.73	25	0.85	-7.903089986991944
158723.3	25	0.855	-7.903089986991944
159518.72	25	0.86	-7.903089986991944
160582.0	25	0.865	-7.903089986991944
161613.733	25	0.87	-7.903089986991944
163020.0	25	0.875	-7.903089986991944
163226.4	25	0.88	-7.903089986991944
164510.4	25	0.885	-7.903089986991944
164682.0	25	0.89	-7.903089986991944
165200.663	25	0.895	-7.903089986991944
166349.6	25	0.9	-7.903089986991944
168275.94	25	0.905	-7.903089986991944
169844.4	25	0.91	-7.903089986991944
170458.327	25	0.915	-7.903089986991944
171600.0	25	0.92	-7.903089986991944
173174.0	25	0.925	-7.903089986991944
173867.971	25	0.93	-7.903089986991944
174240.625	25	0.935	-7.903089986991944
175206.8	25	0.94	-7.903089986991944
176235.149	25	0.945	-7.903089986991944
177224.0	25	0.95	-7.903089986991944
179784.9	25	0.955	-7.903089986991944
182192.8	25	0.96	-7.903089986991944
183056.486	25	0.965	-7.903089986991944
185320.133	25	0.97	-7.903089986991944
187347.286	25	0.975	-7.903089986991944
190323.2	25	0.98	-7.903089986991944
193596.971	25	0.985	-7.903089986991944
200876.22	25	0.99	-7.903089986991944
206553.838	25	0.995	-7.903089986991944
129666.077	50	0.5	-7.903089986991944
129907.739	50	0.505	-7.903089986991944
130304.0	50	0.51	-7.903089986991944
130956.2	50	0.515	-7.903089986991944
131518.54	50	0.52	-7.903089986991944
131826.667	50	0.525	-7.903089986991944
132137.079	50	0.53	-7.903089986991944
132538.066	50	0.535	-7.903089986991944
132644.114	50	0.54	-7.903089986991944
133070.0	50	0.545	-7.903089986991944
133204.615	50	0.55	-7.903089986991944
133548.5	50	0.555	-7.903089986991944
134096.286	50	0.56	-7.903089986991944
134755.636	50	0.565	-7.903089986991944
134897.971	50	0.57	-7.903089986991944
135056.3	50	0.575	-7.903089986991944
135295.981	50	0.58	-7.903089986991944
135853.538	50	0.585	-7.903089986991944
136233.714	50	0.59	-7.903089986991944
137036.923	50	0.595	-7.903089986991944
137621.429	50	0.6	-7.903089986991944
138146.64	50	0.605	-7.903089986991944
138633.057	50	0.61	-7.903089986991944
138902.6	50	0.615	-7.903089986991944
139600.444	50	0.62	-7.903089986991944
140268.571	50	0.625	-7.903089986991944
140716.0	50	0.63	-7.903089986991944
141390.286	50	0.635	-7.903089986991944
141735.429	50	0.64	-7.903089986991944
142395.238	50	0.645	-7.903089986991944
142660.0	50	0.65	-7.903089986991944
143133.538	50	0.655	-7.903089986991944
144109.55	50	0.66	-7.903089986991944
144628.0	50	0.665	-7.903089986991944
145038.667	50	0.67	-7.903089986991944
145416.545	50	0.675	-7.903089986991944
145645.44	50	0.68	-7.903089986991944
145935.557	50	0.685	-7.903089986991944
146111.057	50	0.69	-7.903089986991944
146687.689	50	0.695	-7.903089986991944
147659.0	50	0.7	-7.903089986991944
148068.983	50	0.705	-7.903089986991944
148336.6	50	0.71	-7.903089986991944
148657.433	50	0.715	-7.903089986991944
149060.857	50	0.72	-7.903089986991944
149642.857	50	0.725	-7.903089986991944
150015.778	50	0.73	-7.903089986991944
150373.961	50	0.735	-7.903089986991944
150962.01	50	0.74	-7.903089986991944
151434.286	50	0.745	-7.903089986991944
151661.429	50	0.75	-7.903089986991944
152338.448	50	0.755	-7.903089986991944
153206.538	50	0.76	-7.903089986991944
153514.9	50	0.765	-7.903089986991944
153858.388	50	0.77	-7.903089986991944
154362.0	50	0.775	-7.903089986991944
155262.4	50	0.78	-7.903089986991944
155678.222	50	0.785	-7.903089986991944
156151.998	50	0.79	-7.903089986991944
156710.222	50	0.795	-7.903089986991944
157517.143	50	0.8	-7.903089986991944
158154.906	50	0.805	-7.903089986991944
158740.462	50	0.81	-7.903089986991944
159741.714	50	0.815	-7.903089986991944
160562.429	50	0.82	-7.903089986991944
161282.857	50	0.825	-7.903089986991944
161743.671	50	0.83	-7.903089986991944
162368.133	50	0.835	-7.903089986991944
162756.0	50	0.84	-7.903089986991944
163205.6	50	0.845	-7.903089986991944
163747.5	50	0.85	-7.903089986991944
164195.811	50	0.855	-7.903089986991944
164795.964	50	0.86	-7.903089986991944
165277.538	50	0.865	-7.903089986991944
165683.995	50	0.87	-7.903089986991944
167292.4	50	0.875	-7.903089986991944
168351.143	50	0.88	-7.903089986991944
169033.119	50	0.885	-7.903089986991944
169665.269	50	0.89	-7.903089986991944
170324.667	50	0.895	-7.903089986991944
172418.571	50	0.9	-7.903089986991944
173328.857	50	0.905	-7.903089986991944
174277.092	50	0.91	-7.903089986991944
175271.8	50	0.915	-7.903089986991944
176630.0	50	0.92	-7.903089986991944
176980.083	50	0.925	-7.903089986991944
177363.552	50	0.93	-7.903089986991944
179179.385	50	0.935	-7.903089986991944
179484.0	50	0.94	-7.903089986991944
179981.486	50	0.945	-7.903089986991944
181117.286	50	0.95	-7.903089986991944
183188.308	50	0.955	-7.903089986991944
185098.571	50	0.96	-7.903089986991944
187222.571	50	0.965	-7.903089986991944
188550.057	50	0.97	-7.903089986991944
190471.0	50	0.975	-7.903089986991944
196900.0	50	0.98	-7.903089986991944
199158.286	50	0.985	-7.903089986991944
201981.143	50	0.99	-7.903089986991944
214748.615	50	0.995	-7.903089986991944
149259.143	75	0.5	-7.903089986991944
150001.239	75	0.505	-7.903089986991944
150864.162	75	0.51	-7.903089986991944
151316.456	75	0.515	-7.903089986991944
151792.837	75	0.52	-7.903089986991944
152005.357	75	0.525	-7.903089986991944
152265.558	75	0.53	-7.903089986991944
152686.943	75	0.535	-7.903089986991944
152888.143	75	0.54	-7.903089986991944
153180.88	75	0.545	-7.903089986991944
154102.389	75	0.55	-7.903089986991944
154313.346	75	0.555	-7.903089986991944
154657.587	75	0.56	-7.903089986991944
155256.822	75	0.565	-7.903089986991944
155444.885	75	0.57	-7.903089986991944
156370.188	75	0.575	-7.903089986991944
156588.436	75	0.58	-7.903089986991944
157091.438	75	0.585	-7.903089986991944
157419.533	75	0.59	-7.903089986991944
157948.593	75	0.595	-7.903089986991944
158174.286	75	0.6	-7.903089986991944
158960.252	75	0.605	-7.903089986991944
159371.786	75	0.61	-7.903089986991944
159673.103	75	0.615	-7.903089986991944
160108.874	75	0.62	-7.903089986991944
160880.107	75	0.625	-7.903089986991944
161481.929	75	0.63	-7.903089986991944
161993.419	75	0.635	-7.903089986991944
162509.157	75	0.64	-7.903089986991944
162846.236	75	0.645	-7.903089986991944
163412.857	75	0.65	-7.903089986991944
164182.071	75	0.655	-7.903089986991944
164822.757	75	0.66	-7.903089986991944
165198.635	75	0.665	-7.903089986991944
165775.193	75	0.67	-7.903089986991944
166275.219	75	0.675	-7.903089986991944
166720.178	75	0.68	-7.903089986991944
167281.71	75	0.685	-7.903089986991944
167735.771	75	0.69	-7.903089986991944
168103.803	75	0.695	-7.903089986991944
168471.252	75	0.7	-7.903089986991944
169235.643	75	0.705	-7.903089986991944
169954.5	75	0.71	-7.903089986991944
170936.734	75	0.715	-7.903089986991944
171208.457	75	0.72	-7.903089986991944
171652.902	75	0.725	-7.903089986991944
171964.429	75	0.73	-7.903089986991944
172416.125	75	0.735	-7.903089986991944
172885.365	75	0.74	-7.903089986991944
173367.08	75	0.745	-7.903089986991944
173740.357	75	0.75	-7.903089986991944
174462.624	75	0.755	-7.903089986991944
174949.455	75	0.76	-7.903089986991944
175498.107	75	0.765	-7.903089986991944
175804.291	75	0.77	-7.903089986991944
176712.375	75	0.775	-7.903089986991944
177608.0	75	0.78	-7.903089986991944
178181.946	75	0.785	-7.903089986991944
178498.146	75	0.79	-7.903089986991944
179164.715	75	0.795	-7.903089986991944
179890.0	75	0.8	-7.903089986991944
180643.036	75	0.805	-7.903089986991944
181290.771	75	0.81	-7.903089986991944
181866.875	75	0.815	-7.903089986991944
182580.714	75	0.82	-7.903089986991944
182853.234	75	0.825	-7.903089986991944
183161.836	75	0.83	-7.903089986991944
183673.325	75	0.835	-7.903089986991944
184906.857	75	0.84	-7.903089986991944
185671.066	75	0.845	-7.903089986991944
186294.231	75	0.85	-7.903089986991944
187038.95	75	0.855	-7.903089986991944
187661.164	75	0.86	-7.903089986991944
188648.904	75	0.865	-7.903089986991944
190303.521	75	0.87	-7.903089986991944
191284.148	75	0.875	-7.903089986991944
192261.143	75	0.88	-7.903089986991944
192671.938	75	0.885	-7.903089986991944
193345.744	75	0.89	-7.903089986991944
193804.786	75	0.895	-7.903089986991944
194559.679	75	0.9	-7.903089986991944
195442.167	75	0.905	-7.903089986991944
195917.786	75	0.91	-7.903089986991944
196674.225	75	0.915	-7.903089986991944
197180.615	75	0.92	-7.903089986991944
197817.029	75	0.925	-7.903089986991944
198763.656	75	0.93	-7.903089986991944
199489.964	75	0.935	-7.903089986991944
200092.15	75	0.94	-7.903089986991944
200932.726	75	0.945	-7.903089986991944
202283.407	75	0.95	-7.903089986991944
204216.536	75	0.955	-7.903089986991944
205419.143	75	0.96	-7.903089986991944
206628.441	75	0.965	-7.903089986991944
208434.55	75	0.97	-7.903089986991944
211721.917	75	0.975	-7.903089986991944
215364.143	75	0.98	-7.903089986991944
221989.321	75	0.985	-7.903089986991944
233408.952	75	0.99	-7.903089986991944
269644.464	75	0.995	-7.903089986991944
171335.5	100	0.5	-7.903089986991944
171722.263	100	0.505	-7.903089986991944
171850.602	100	0.51	-7.903089986991944
172226.608	100	0.515	-7.903089986991944
172543.594	100	0.52	-7.903089986991944
173263.123	100	0.525	-7.903089986991944
173572.473	100	0.53	-7.903089986991944
174596.729	100	0.535	-7.903089986991944
175106.154	100	0.54	-7.903089986991944
175503.925	100	0.545	-7.903089986991944
175803.921	100	0.55	-7.903089986991944
176202.485	100	0.555	-7.903089986991944
176443.211	100	0.56	-7.903089986991944
176810.889	100	0.565	-7.903089986991944
176958.301	100	0.57	-7.903089986991944
177227.111	100	0.575	-7.903089986991944
177603.88	100	0.58	-7.903089986991944
177804.742	100	0.585	-7.903089986991944
178233.759	100	0.59	-7.903089986991944
178615.63	100	0.595	-7.903089986991944
179023.486	100	0.6	-7.903089986991944
179648.069	100	0.605	-7.903089986991944
179850.993	100	0.61	-7.903089986991944
180608.186	100	0.615	-7.903089986991944
181085.76	100	0.62	-7.903089986991944
181534.552	100	0.625	-7.903089986991944
182077.399	100	0.63	-7.903089986991944
182205.669	100	0.635	-7.903089986991944
182401.348	100	0.64	-7.903089986991944
182862.821	100	0.645	-7.903089986991944
183253.308	100	0.65	-7.903089986991944
183686.771	100	0.655	-7.903089986991944
184194.914	100	0.66	-7.903089986991944
184731.583	100	0.665	-7.903089986991944
185230.957	100	0.67	-7.903089986991944
185577.545	100	0.675	-7.903089986991944
186076.926	100	0.68	-7.903089986991944
186421.806	100	0.685	-7.903089986991944
186832.28	100	0.69	-7.903089986991944
187480.892	100	0.695	-7.903089986991944
187824.286	100	0.7	-7.903089986991944
188312.474	100	0.705	-7.903089986991944
188420.643	100	0.71	-7.903089986991944
188981.1	100	0.715	-7.903089986991944
189291.672	100	0.72	-7.903089986991944
189672.096	100	0.725	-7.903089986991944
189947.762	100	0.73	-7.903089986991944
190185.756	100	0.735	-7.903089986991944
190744.56	100	0.74	-7.903089986991944
191220.384	100	0.745	-7.903089986991944
192033.093	100	0.75	-7.903089986991944
192578.1	100	0.755	-7.903089986991944
193232.929	100	0.76	-7.903089986991944
193418.412	100	0.765	-7.903089986991944
194130.143	100	0.77	-7.903089986991944
195090.364	100	0.775	-7.903089986991944
195314.376	100	0.78	-7.903089986991944
195756.171	100	0.785	-7.903089986991944
196041.314	100	0.79	-7.903089986991944
196487.058	100	0.795	-7.903089986991944
196861.171	100	0.8	-7.903089986991944
197563.574	100	0.805	-7.903089986991944
198126.8	100	0.81	-7.903089986991944
198424.274	100	0.815	-7.903089986991944
198912.533	100	0.82	-7.903089986991944
199607.971	100	0.825	-7.903089986991944
200294.163	100	0.83	-7.903089986991944
201114.9	100	0.835	-7.903089986991944
201541.477	100	0.84	-7.903089986991944
202126.165	100	0.845	-7.903089986991944
202376.25	100	0.85	-7.903089986991944
203259.531	100	0.855	-7.903089986991944
203660.857	100	0.86	-7.903089986991944
204732.973	100	0.865	-7.903089986991944
205187.714	100	0.87	-7.903089986991944
206026.0	100	0.875	-7.903089986991944
207019.091	100	0.88	-7.903089986991944
207371.943	100	0.885	-7.903089986991944
208267.406	100	0.89	-7.903089986991944
209103.757	100	0.895	-7.903089986991944
210314.143	100	0.9	-7.903089986991944
211531.329	100	0.905	-7.903089986991944
213348.699	100	0.91	-7.903089986991944
214290.714	100	0.915	-7.903089986991944
215032.311	100	0.92	-7.903089986991944
215630.143	100	0.925	-7.903089986991944
217282.276	100	0.93	-7.903089986991944
219050.686	100	0.935	-7.903089986991944
221195.726	100	0.94	-7.903089986991944
221984.549	100	0.945	-7.903089986991944
224073.714	100	0.95	-7.903089986991944
227201.469	100	0.955	-7.903089986991944
228369.314	100	0.96	-7.903089986991944
230593.692	100	0.965	-7.903089986991944
233307.286	100	0.97	-7.903089986991944
236936.146	100	0.975	-7.903089986991944
241981.086	100	0.98	-7.903089986991944
247646.214	100	0.985	-7.903089986991944
253499.903	100	0.99	-7.903089986991944
270440.354	100	0.995	-7.903089986991944
183608.736	125	0.5	-7.903089986991944
183912.469	125	0.505	-7.903089986991944
184263.819	125	0.51	-7.903089986991944
184778.977	125	0.515	-7.903089986991944
184900.926	125	0.52	-7.903089986991944
185359.964	125	0.525	-7.903089986991944
185461.543	125	0.53	-7.903089986991944
186102.628	125	0.535	-7.903089986991944
186591.651	125	0.54	-7.903089986991944
187082.226	125	0.545	-7.903089986991944
187388.311	125	0.55	-7.903089986991944
187579.13	125	0.555	-7.903089986991944
187932.003	125	0.56	-7.903089986991944
188414.678	125	0.565	-7.903089986991944
188898.226	125	0.57	-7.903089986991944
189427.255	125	0.575	-7.903089986991944
189586.971	125	0.58	-7.903089986991944
190020.086	125	0.585	-7.903089986991944
190401.194	125	0.59	-7.903089986991944
190770.292	125	0.595	-7.903089986991944
191170.571	125	0.6	-7.903089986991944
191666.886	125	0.605	-7.903089986991944
191806.6	125	0.61	-7.903089986991944
192353.671	125	0.615	-7.903089986991944
192928.686	125	0.62	-7.903089986991944
193194.674	125	0.625	-7.903089986991944
193652.333	125	0.63	-7.903089986991944
193770.2	125	0.635	-7.903089986991944
194077.703	125	0.64	-7.903089986991944
194626.457	125	0.645	-7.903089986991944
194899.857	125	0.65	-7.903089986991944
195436.856	125	0.655	-7.903089986991944
195727.976	125	0.66	-7.903089986991944
196144.824	125	0.665	-7.903089986991944
196638.229	125	0.67	-7.903089986991944
197186.318	125	0.675	-7.903089986991944
197729.943	125	0.68	-7.903089986991944
198136.433	125	0.685	-7.903089986991944
198618.556	125	0.69	-7.903089986991944
198939.842	125	0.695	-7.903089986991944
199787.0	125	0.7	-7.903089986991944
200112.386	125	0.705	-7.903089986991944
200585.574	125	0.71	-7.903089986991944
201244.327	125	0.715	-7.903089986991944
201653.694	125	0.72	-7.903089986991944
202191.561	125	0.725	-7.903089986991944
202518.905	125	0.73	-7.903089986991944
203032.07	125	0.735	-7.903089986991944
203451.953	125	0.74	-7.903089986991944
203992.48	125	0.745	-7.903089986991944
204316.813	125	0.75	-7.903089986991944
205031.187	125	0.755	-7.903089986991944
205352.4	125	0.76	-7.903089986991944
205687.385	125	0.765	-7.903089986991944
205941.518	125	0.77	-7.903089986991944
206167.25	125	0.775	-7.903089986991944
206630.457	125	0.78	-7.903089986991944
207190.513	125	0.785	-7.903089986991944
207448.272	125	0.79	-7.903089986991944
207756.2	125	0.795	-7.903089986991944
208435.786	125	0.8	-7.903089986991944
209035.386	125	0.805	-7.903089986991944
209836.729	125	0.81	-7.903089986991944
210688.855	125	0.815	-7.903089986991944
210873.499	125	0.82	-7.903089986991944
211133.727	125	0.825	-7.903089986991944
211719.179	125	0.83	-7.903089986991944
212779.443	125	0.835	-7.903089986991944
213179.086	125	0.84	-7.903089986991944
213533.608	125	0.845	-7.903089986991944
214528.357	125	0.85	-7.903089986991944
215122.339	125	0.855	-7.903089986991944
216232.089	125	0.86	-7.903089986991944
216975.0	125	0.865	-7.903089986991944
217454.429	125	0.87	-7.903089986991944
219106.098	125	0.875	-7.903089986991944
219691.714	125	0.88	-7.903089986991944
220286.153	125	0.885	-7.903089986991944
221257.536	125	0.89	-7.903089986991944
221862.115	125	0.895	-7.903089986991944
222468.421	125	0.9	-7.903089986991944
224092.836	125	0.905	-7.903089986991944
225556.206	125	0.91	-7.903089986991944
226442.05	125	0.915	-7.903089986991944
227309.486	125	0.92	-7.903089986991944
228188.203	125	0.925	-7.903089986991944
229672.271	125	0.93	-7.903089986991944
230581.886	125	0.935	-7.903089986991944
231599.343	125	0.94	-7.903089986991944
233051.239	125	0.945	-7.903089986991944
234475.329	125	0.95	-7.903089986991944
236502.95	125	0.955	-7.903089986991944
238472.009	125	0.96	-7.903089986991944
239340.257	125	0.965	-7.903089986991944
240807.731	125	0.97	-7.903089986991944
246316.389	125	0.975	-7.903089986991944
249998.813	125	0.98	-7.903089986991944
257367.471	125	0.985	-7.903089986991944
262972.184	125	0.99	-7.903089986991944
296524.529	125	0.995	-7.903089986991944
195436.429	150	0.5	-7.903089986991944
195811.753	150	0.505	-7.903089986991944
196302.079	150	0.51	-7.903089986991944
196822.68	150	0.515	-7.903089986991944
196994.78	150	0.52	-7.903089986991944
197400.179	150	0.525	-7.903089986991944
198086.409	150	0.53	-7.903089986991944
198350.993	150	0.535	-7.903089986991944
198803.866	150	0.54	-7.903089986991944
199242.243	150	0.545	-7.903089986991944
199458.093	150	0.55	-7.903089986991944
200191.647	150	0.555	-7.903089986991944
200452.371	150	0.56	-7.903089986991944
200582.25	150	0.565	-7.903089986991944
200928.786	150	0.57	-7.903089986991944
201278.893	150	0.575	-7.903089986991944
201810.185	150	0.58	-7.903089986991944
202395.049	150	0.585	-7.903089986991944
202719.099	150	0.59	-7.903089986991944
203070.343	150	0.595	-7.903089986991944
203517.119	150	0.6	-7.903089986991944
203783.339	150	0.605	-7.903089986991944
204161.816	150	0.61	-7.903089986991944
204581.135	150	0.615	-7.903089986991944
205004.286	150	0.62	-7.903089986991944
205551.786	150	0.625	-7.903089986991944
206090.786	150	0.63	-7.903089986991944
206974.052	150	0.635	-7.903089986991944
207348.629	150	0.64	-7.903089986991944
207861.521	150	0.645	-7.903089986991944
208144.583	150	0.65	-7.903089986991944
208565.111	150	0.655	-7.903089986991944
208858.151	150	0.66	-7.903089986991944
209312.188	150	0.665	-7.903089986991944
209792.29	150	0.67	-7.903089986991944
210015.88	150	0.675	-7.903089986991944
210235.714	150	0.68	-7.903089986991944
210845.513	150	0.685	-7.903089986991944
211058.392	150	0.69	-7.903089986991944
211487.985	150	0.695	-7.903089986991944
211970.956	150	0.7	-7.903089986991944
212504.529	150	0.705	-7.903089986991944
212989.006	150	0.71	-7.903089986991944
213275.09	150	0.715	-7.903089986991944
213580.211	150	0.72	-7.903089986991944
214203.141	150	0.725	-7.903089986991944
215318.654	150	0.73	-7.903089986991944
215839.614	150	0.735	-7.903089986991944
216157.669	150	0.74	-7.903089986991944
216441.704	150	0.745	-7.903089986991944
217466.786	150	0.75	-7.903089986991944
217893.349	150	0.755	-7.903089986991944
218360.931	150	0.76	-7.903089986991944
218771.821	150	0.765	-7.903089986991944
219056.496	150	0.77	-7.903089986991944
219434.873	150	0.775	-7.903089986991944
219763.014	150	0.78	-7.903089986991944
220308.084	150	0.785	-7.903089986991944
220852.829	150	0.79	-7.903089986991944
221049.879	150	0.795	-7.903089986991944
221450.629	150	0.8	-7.903089986991944
222340.029	150	0.805	-7.903089986991944
222743.927	150	0.81	-7.903089986991944
223168.093	150	0.815	-7.903089986991944
223902.114	150	0.82	-7.903089986991944
224561.42	150	0.825	-7.903089986991944
225099.716	150	0.83	-7.903089986991944
225582.726	150	0.835	-7.903089986991944
226174.857	150	0.84	-7.903089986991944
227165.716	150	0.845	-7.903089986991944
227405.521	150	0.85	-7.903089986991944
228153.857	150	0.855	-7.903089986991944
228725.743	150	0.86	-7.903089986991944
229185.132	150	0.865	-7.903089986991944
230234.643	150	0.87	-7.903089986991944
230930.473	150	0.875	-7.903089986991944
232615.429	150	0.88	-7.903089986991944
233552.165	150	0.885	-7.903089986991944
234492.071	150	0.89	-7.903089986991944
235751.898	150	0.895	-7.903089986991944
236215.936	150	0.9	-7.903089986991944
237254.95	150	0.905	-7.903089986991944
237811.643	150	0.91	-7.903089986991944
240580.85	150	0.915	-7.903089986991944
241105.429	150	0.92	-7.903089986991944
243373.0	150	0.925	-7.903089986991944
245287.329	150	0.93	-7.903089986991944
246861.62	150	0.935	-7.903089986991944
251141.97	150	0.94	-7.903089986991944
253996.007	150	0.945	-7.903089986991944
255835.211	150	0.95	-7.903089986991944
258577.957	150	0.955	-7.903089986991944
263518.423	150	0.96	-7.903089986991944
266932.367	150	0.965	-7.903089986991944
270127.804	150	0.97	-7.903089986991944
275013.893	150	0.975	-7.903089986991944
279066.167	150	0.98	-7.903089986991944
293488.492	150	0.985	-7.903089986991944
315079.143	150	0.99	-7.903089986991944
332814.166	150	0.995	-7.903089986991944
208686.429	175	0.5	-7.903089986991944
209298.102	175	0.505	-7.903089986991944
209699.503	175	0.51	-7.903089986991944
210091.265	175	0.515	-7.903089986991944
210332.494	175	0.52	-7.903089986991944
210627.071	175	0.525	-7.903089986991944
210938.524	175	0.53	-7.903089986991944
211053.245	175	0.535	-7.903089986991944
211397.514	175	0.54	-7.903089986991944
211595.093	175	0.545	-7.903089986991944
211866.475	175	0.55	-7.903089986991944
212427.851	175	0.555	-7.903089986991944
212796.171	175	0.56	-7.903089986991944
213228.457	175	0.565	-7.903089986991944
213352.729	175	0.57	-7.903089986991944
213599.923	175	0.575	-7.903089986991944
213961.914	175	0.58	-7.903089986991944
214451.515	175	0.585	-7.903089986991944
214638.893	175	0.59	-7.903089986991944
215611.328	175	0.595	-7.903089986991944
216031.765	175	0.6	-7.903089986991944
216371.522	175	0.605	-7.903089986991944
216900.845	175	0.61	-7.903089986991944
217223.286	175	0.615	-7.903089986991944
217562.901	175	0.62	-7.903089986991944
218012.857	175	0.625	-7.903089986991944
218366.814	175	0.63	-7.903089986991944
218770.13	175	0.635	-7.903089986991944
218967.314	175	0.64	-7.903089986991944
219278.994	175	0.645	-7.903089986991944
219714.4	175	0.65	-7.903089986991944
220532.564	175	0.655	-7.903089986991944
220751.139	175	0.66	-7.903089986991944
221010.16	175	0.665	-7.903089986991944
221248.543	175	0.67	-7.903089986991944
221531.727	175	0.675	-7.903089986991944
222069.78	175	0.68	-7.903089986991944
222284.868	175	0.685	-7.903089986991944
222578.564	175	0.69	-7.903089986991944
223144.264	175	0.695	-7.903089986991944
223629.479	175	0.7	-7.903089986991944
223822.943	175	0.705	-7.903089986991944
224213.585	175	0.71	-7.903089986991944
224631.142	175	0.715	-7.903089986991944
224945.829	175	0.72	-7.903089986991944
225399.536	175	0.725	-7.903089986991944
226034.714	175	0.73	-7.903089986991944
226528.789	175	0.735	-7.903089986991944
226815.319	175	0.74	-7.903089986991944
227495.664	175	0.745	-7.903089986991944
227840.357	175	0.75	-7.903089986991944
228183.307	175	0.755	-7.903089986991944
228698.429	175	0.76	-7.903089986991944
228983.879	175	0.765	-7.903089986991944
229737.129	175	0.77	-7.903089986991944
230299.25	175	0.775	-7.903089986991944
230411.354	175	0.78	-7.903089986991944
230977.547	175	0.785	-7.903089986991944
231329.371	175	0.79	-7.903089986991944
232371.421	175	0.795	-7.903089986991944
232906.571	175	0.8	-7.903089986991944
233363.929	175	0.805	-7.903089986991944
234012.557	175	0.81	-7.903089986991944
234720.293	175	0.815	-7.903089986991944
235581.714	175	0.82	-7.903089986991944
236101.464	175	0.825	-7.903089986991944
236564.912	175	0.83	-7.903089986991944
237313.079	175	0.835	-7.903089986991944
237576.455	175	0.84	-7.903089986991944
238101.541	175	0.845	-7.903089986991944
238733.939	175	0.85	-7.903089986991944
239471.082	175	0.855	-7.903089986991944
240099.2	175	0.86	-7.903089986991944
240555.883	175	0.865	-7.903089986991944
242034.629	175	0.87	-7.903089986991944
243142.973	175	0.875	-7.903089986991944
243461.72	175	0.88	-7.903089986991944
244200.815	175	0.885	-7.903089986991944
245705.073	175	0.89	-7.903089986991944
247585.464	175	0.895	-7.903089986991944
248675.657	175	0.9	-7.903089986991944
249471.671	175	0.905	-7.903089986991944
250804.174	175	0.91	-7.903089986991944
251952.205	175	0.915	-7.903089986991944
254918.267	175	0.92	-7.903089986991944
255872.246	175	0.925	-7.903089986991944
257027.833	175	0.93	-7.903089986991944
258088.258	175	0.935	-7.903089986991944
260253.971	175	0.94	-7.903089986991944
263849.165	175	0.945	-7.903089986991944
266741.575	175	0.95	-7.903089986991944
270903.643	175	0.955	-7.903089986991944
273659.429	175	0.96	-7.903089986991944
277155.608	175	0.965	-7.903089986991944
280247.203	175	0.97	-7.903089986991944
286138.286	175	0.975	-7.903089986991944
295392.629	175	0.98	-7.903089986991944
308916.755	175	0.985	-7.903089986991944
322049.2	175	0.99	-7.903089986991944
338719.957	175	0.995	-7.903089986991944
220844.25	200	0.5	-7.903089986991944
220976.419	200	0.505	-7.903089986991944
221420.692	200	0.51	-7.903089986991944
221985.164	200	0.515	-7.903089986991944
222174.266	200	0.52	-7.903089986991944
222463.711	200	0.525	-7.903089986991944
222794.624	200	0.53	-7.903089986991944
223500.519	200	0.535	-7.903089986991944
223726.674	200	0.54	-7.903089986991944
224100.953	200	0.545	-7.903089986991944
224404.214	200	0.55	-7.903089986991944
224656.771	200	0.555	-7.903089986991944
225146.4	200	0.56	-7.903089986991944
225630.871	200	0.565	-7.903089986991944
226331.171	200	0.57	-7.903089986991944
226684.536	200	0.575	-7.903089986991944
227241.343	200	0.58	-7.903089986991944
227421.644	200	0.585	-7.903089986991944
227947.9	200	0.59	-7.903089986991944
228286.98	200	0.595	-7.903089986991944
228622.771	200	0.6	-7.903089986991944
229328.614	200	0.605	-7.903089986991944
229585.472	200	0.61	-7.903089986991944
229930.187	200	0.615	-7.903089986991944
230132.129	200	0.62	-7.903089986991944
230568.955	200	0.625	-7.903089986991944
230894.396	200	0.63	-7.903089986991944
231948.409	200	0.635	-7.903089986991944
232618.514	200	0.64	-7.903089986991944
233013.891	200	0.645	-7.903089986991944
233342.121	200	0.65	-7.903089986991944
233718.203	200	0.655	-7.903089986991944
234115.81	200	0.66	-7.903089986991944
234561.562	200	0.665	-7.903089986991944
234658.187	200	0.67	-7.903089986991944
235704.988	200	0.675	-7.903089986991944
236074.34	200	0.68	-7.903089986991944
236272.129	200	0.685	-7.903089986991944
236942.644	200	0.69	-7.903089986991944
237366.242	200	0.695	-7.903089986991944
237645.857	200	0.7	-7.903089986991944
238479.1	200	0.705	-7.903089986991944
238834.724	200	0.71	-7.903089986991944
239423.043	200	0.715	-7.903089986991944
239661.143	200	0.72	-7.903089986991944
240015.389	200	0.725	-7.903089986991944
240392.189	200	0.73	-7.903089986991944
241066.063	200	0.735	-7.903089986991944
241538.584	200	0.74	-7.903089986991944
242129.855	200	0.745	-7.903089986991944
242521.786	200	0.75	-7.903089986991944
243137.697	200	0.755	-7.903089986991944
243870.686	200	0.76	-7.903089986991944
244563.345	200	0.765	-7.903089986991944
245257.833	200	0.77	-7.903089986991944
245882.464	200	0.775	-7.903089986991944
246544.917	200	0.78	-7.903089986991944
246920.501	200	0.785	-7.903089986991944
247332.786	200	0.79	-7.903089986991944
247897.108	200	0.795	-7.903089986991944
248105.657	200	0.8	-7.903089986991944
248383.386	200	0.805	-7.903089986991944
248791.118	200	0.81	-7.903089986991944
249343.45	200	0.815	-7.903089986991944
249947.917	200	0.82	-7.903089986991944
250383.263	200	0.825	-7.903089986991944
251221.0	200	0.83	-7.903089986991944
252209.579	200	0.835	-7.903089986991944
252990.571	200	0.84	-7.903089986991944
253897.618	200	0.845	-7.903089986991944
254224.857	200	0.85	-7.903089986991944
254603.19	200	0.855	-7.903089986991944
255965.371	200	0.86	-7.903089986991944
256935.095	200	0.865	-7.903089986991944
257352.285	200	0.87	-7.903089986991944
258099.089	200	0.875	-7.903089986991944
259100.4	200	0.88	-7.903089986991944
260773.818	200	0.885	-7.903089986991944
261309.5	200	0.89	-7.903089986991944
262203.665	200	0.895	-7.903089986991944
263123.429	200	0.9	-7.903089986991944
264623.355	200	0.905	-7.903089986991944
265013.599	200	0.91	-7.903089986991944
266956.335	200	0.915	-7.903089986991944
267881.494	200	0.92	-7.903089986991944
269229.496	200	0.925	-7.903089986991944
270421.143	200	0.93	-7.903089986991944
271599.748	200	0.935	-7.903089986991944
273874.706	200	0.94	-7.903089986991944
277317.83	200	0.945	-7.903089986991944
279696.529	200	0.95	-7.903089986991944
287504.148	200	0.955	-7.903089986991944
292751.691	200	0.96	-7.903089986991944
296679.514	200	0.965	-7.903089986991944
298548.414	200	0.97	-7.903089986991944
309594.466	200	0.975	-7.903089986991944
314977.843	200	0.98	-7.903089986991944
333865.686	200	0.985	-7.903089986991944
355895.536	200	0.99	-7.903089986991944
405326.593	200	0.995	-7.903089986991944
229524.5	225	0.5	-7.903089986991944
229986.3	225	0.505	-7.903089986991944
230158.371	225	0.51	-7.903089986991944
230570.18	225	0.515	-7.903089986991944
231013.631	225	0.52	-7.903089986991944
231250.891	225	0.525	-7.903089986991944
231456.381	225	0.53	-7.903089986991944
232019.429	225	0.535	-7.903089986991944
232216.886	225	0.54	-7.903089986991944
232497.062	225	0.545	-7.903089986991944
232887.0	225	0.55	-7.903089986991944
233395.564	225	0.555	-7.903089986991944
234399.751	225	0.56	-7.903089986991944
234528.2	225	0.565	-7.903089986991944
234749.629	225	0.57	-7.903089986991944
235223.714	225	0.575	-7.903089986991944
235808.294	225	0.58	-7.903089986991944
236100.207	225	0.585	-7.903089986991944
236746.089	225	0.59	-7.903089986991944
237552.244	225	0.595	-7.903089986991944
238214.857	225	0.6	-7.903089986991944
238419.549	225	0.605	-7.903089986991944
238717.943	225	0.61	-7.903089986991944
239142.764	225	0.615	-7.903089986991944
239349.803	225	0.62	-7.903089986991944
239557.5	225	0.625	-7.903089986991944
239961.664	225	0.63	-7.903089986991944
240163.102	225	0.635	-7.903089986991944
240619.429	225	0.64	-7.903089986991944
240816.176	225	0.645	-7.903089986991944
241091.332	225	0.65	-7.903089986991944
241536.85	225	0.655	-7.903089986991944
241864.33	225	0.66	-7.903089986991944
242296.098	225	0.665	-7.903089986991944
242644.071	225	0.67	-7.903089986991944
243405.368	225	0.675	-7.903089986991944
243916.743	225	0.68	-7.903089986991944
244314.207	225	0.685	-7.903089986991944
244639.643	225	0.69	-7.903089986991944
245276.484	225	0.695	-7.903089986991944
245786.229	225	0.7	-7.903089986991944
246309.971	225	0.705	-7.903089986991944
246609.886	225	0.71	-7.903089986991944
246976.312	225	0.715	-7.903089986991944
247583.757	225	0.72	-7.903089986991944
248129.902	225	0.725	-7.903089986991944
248977.152	225	0.73	-7.903089986991944
249349.11	225	0.735	-7.903089986991944
249675.996	225	0.74	-7.903089986991944
250079.332	225	0.745	-7.903089986991944
250915.0	225	0.75	-7.903089986991944
251539.403	225	0.755	-7.903089986991944
252120.206	225	0.76	-7.903089986991944
252867.923	225	0.765	-7.903089986991944
253514.274	225	0.77	-7.903089986991944
253659.461	225	0.775	-7.903089986991944
254293.476	225	0.78	-7.903089986991944
254879.213	225	0.785	-7.903089986991944
255296.872	225	0.79	-7.903089986991944
255938.822	225	0.795	-7.903089986991944
256690.629	225	0.8	-7.903089986991944
257065.665	225	0.805	-7.903089986991944
257428.357	225	0.81	-7.903089986991944
258215.65	225	0.815	-7.903089986991944
259245.34	225	0.82	-7.903089986991944
260113.429	225	0.825	-7.903089986991944
260845.771	225	0.83	-7.903089986991944
261824.762	225	0.835	-7.903089986991944
262753.714	225	0.84	-7.903089986991944
263385.644	225	0.845	-7.903089986991944
264147.275	225	0.85	-7.903089986991944
264676.077	225	0.855	-7.903089986991944
265570.743	225	0.86	-7.903089986991944
266998.45	225	0.865	-7.903089986991944
268176.262	225	0.87	-7.903089986991944
269122.321	225	0.875	-7.903089986991944
270578.403	225	0.88	-7.903089986991944
271688.464	225	0.885	-7.903089986991944
273211.536	225	0.89	-7.903089986991944
274511.985	225	0.895	-7.903089986991944
276214.864	225	0.9	-7.903089986991944
277715.9	225	0.905	-7.903089986991944
279578.151	225	0.91	-7.903089986991944
282027.311	225	0.915	-7.903089986991944
285766.977	225	0.92	-7.903089986991944
291360.975	225	0.925	-7.903089986991944
294294.219	225	0.93	-7.903089986991944
297745.829	225	0.935	-7.903089986991944
301054.7	225	0.94	-7.903089986991944
304774.537	225	0.945	-7.903089986991944
311050.064	225	0.95	-7.903089986991944
317180.95	225	0.955	-7.903089986991944
324240.457	225	0.96	-7.903089986991944
329097.39	225	0.965	-7.903089986991944
335357.543	225	0.97	-7.903089986991944
350023.5	225	0.975	-7.903089986991944
362408.626	225	0.98	-7.903089986991944
366724.5	225	0.985	-7.903089986991944
384764.615	225	0.99	-7.903089986991944
406680.671	225	0.995	-7.903089986991944
239440.714	250	0.5	-7.903089986991944
239694.958	250	0.505	-7.903089986991944
240095.859	250	0.51	-7.903089986991944
240732.036	250	0.515	-7.903089986991944
240955.143	250	0.52	-7.903089986991944
241255.107	250	0.525	-7.903089986991944
241403.429	250	0.53	-7.903089986991944
241733.076	250	0.535	-7.903089986991944
242287.233	250	0.54	-7.903089986991944
242662.703	250	0.545	-7.903089986991944
242913.643	250	0.55	-7.903089986991944
243360.64	250	0.555	-7.903089986991944
243811.797	250	0.56	-7.903089986991944
244272.202	250	0.565	-7.903089986991944
244586.596	250	0.57	-7.903089986991944
244844.934	250	0.575	-7.903089986991944
245126.57	250	0.58	-7.903089986991944
245633.471	250	0.585	-7.903089986991944
245819.95	250	0.59	-7.903089986991944
246238.271	250	0.595	-7.903089986991944
246688.571	250	0.6	-7.903089986991944
247242.478	250	0.605	-7.903089986991944
247362.699	250	0.61	-7.903089986991944
247627.028	250	0.615	-7.903089986991944
248021.909	250	0.62	-7.903089986991944
248762.58	250	0.625	-7.903089986991944
249200.888	250	0.63	-7.903089986991944
249510.295	250	0.635	-7.903089986991944
249967.086	250	0.64	-7.903089986991944
250352.89	250	0.645	-7.903089986991944
250551.071	250	0.65	-7.903089986991944
251219.14	250	0.655	-7.903089986991944
251510.391	250	0.66	-7.903089986991944
251745.952	250	0.665	-7.903089986991944
252345.676	250	0.67	-7.903089986991944
252855.109	250	0.675	-7.903089986991944
253077.554	250	0.68	-7.903089986991944
253320.95	250	0.685	-7.903089986991944
253677.971	250	0.69	-7.903089986991944
254139.374	250	0.695	-7.903089986991944
254687.714	250	0.7	-7.903089986991944
255088.786	250	0.705	-7.903089986991944
255796.629	250	0.71	-7.903089986991944
256377.133	250	0.715	-7.903089986991944
256630.997	250	0.72	-7.903089986991944
257002.495	250	0.725	-7.903089986991944
257737.664	250	0.73	-7.903089986991944
258531.695	250	0.735	-7.903089986991944
258860.057	250	0.74	-7.903089986991944
259333.875	250	0.745	-7.903089986991944
260007.143	250	0.75	-7.903089986991944
261183.004	250	0.755	-7.903089986991944
261752.457	250	0.76	-7.903089986991944
262426.183	250	0.765	-7.903089986991944
262911.544	250	0.77	-7.903089986991944
263412.571	250	0.775	-7.903089986991944
264213.427	250	0.78	-7.903089986991944
264826.786	250	0.785	-7.903089986991944
265239.743	250	0.79	-7.903089986991944
266096.599	250	0.795	-7.903089986991944
267126.171	250	0.8	-7.903089986991944
267927.822	250	0.805	-7.903089986991944
268367.072	250	0.81	-7.903089986991944
269459.324	250	0.815	-7.903089986991944
271151.709	250	0.82	-7.903089986991944
272066.952	250	0.825	-7.903089986991944
272885.887	250	0.83	-7.903089986991944
273293.365	250	0.835	-7.903089986991944
274357.3	250	0.84	-7.903089986991944
275416.411	250	0.845	-7.903089986991944
276518.775	250	0.85	-7.903089986991944
277663.636	250	0.855	-7.903089986991944
279500.604	250	0.86	-7.903089986991944
280496.807	250	0.865	-7.903089986991944
281533.324	250	0.87	-7.903089986991944
282925.839	250	0.875	-7.903089986991944
284133.691	250	0.88	-7.903089986991944
285165.836	250	0.885	-7.903089986991944
286766.391	250	0.89	-7.903089986991944
288370.421	250	0.895	-7.903089986991944
289900.571	250	0.9	-7.903089986991944
291953.171	250	0.905	-7.903089986991944
292693.791	250	0.91	-7.903089986991944
294269.28	250	0.915	-7.903089986991944
295935.029	250	0.92	-7.903089986991944
299968.791	250	0.925	-7.903089986991944
306656.424	250	0.93	-7.903089986991944
309362.679	250	0.935	-7.903089986991944
311553.633	250	0.94	-7.903089986991944
316154.279	250	0.945	-7.903089986991944
317483.854	250	0.95	-7.903089986991944
323434.407	250	0.955	-7.903089986991944
330109.943	250	0.96	-7.903089986991944
334958.743	250	0.965	-7.903089986991944
344549.926	250	0.97	-7.903089986991944
356211.179	250	0.975	-7.903089986991944
374442.943	250	0.98	-7.903089986991944
392418.987	250	0.985	-7.903089986991944
425081.799	250	0.99	-7.903089986991944
503205.7	250	0.995	-7.903089986991944
249314.286	275	0.5	-7.903089986991944
249524.043	275	0.505	-7.903089986991944
250205.7	275	0.51	-7.903089986991944
250565.282	275	0.515	-7.903089986991944
250847.22	275	0.52	-7.903089986991944
251449.018	275	0.525	-7.903089986991944
251701.529	275	0.53	-7.903089986991944
252257.645	275	0.535	-7.903089986991944
252833.829	275	0.54	-7.903089986991944
253010.36	275	0.545	-7.903089986991944
253178.921	275	0.55	-7.903089986991944
253439.725	275	0.555	-7.903089986991944
253657.6	275	0.56	-7.903089986991944
253948.014	275	0.565	-7.903089986991944
254631.021	275	0.57	-7.903089986991944
254956.836	275	0.575	-7.903089986991944
255315.449	275	0.58	-7.903089986991944
255969.34	275	0.585	-7.903089986991944
256279.914	275	0.59	-7.903089986991944
257246.971	275	0.595	-7.903089986991944
257892.0	275	0.6	-7.903089986991944
258284.535	275	0.605	-7.903089986991944
258527.968	275	0.61	-7.903089986991944
259016.926	275	0.615	-7.903089986991944
259659.939	275	0.62	-7.903089986991944
259939.366	275	0.625	-7.903089986991944
260171.226	275	0.63	-7.903089986991944
260411.632	275	0.635	-7.903089986991944
260630.8	275	0.64	-7.903089986991944
261493.083	275	0.645	-7.903089986991944
262056.379	275	0.65	-7.903089986991944
262466.871	275	0.655	-7.903089986991944
263234.714	275	0.66	-7.903089986991944
263877.845	275	0.665	-7.903089986991944
264011.165	275	0.67	-7.903089986991944
264351.702	275	0.675	-7.903089986991944
265269.877	275	0.68	-7.903089986991944
265696.851	275	0.685	-7.903089986991944
266137.239	275	0.69	-7.903089986991944
266452.06	275	0.695	-7.903089986991944
266947.857	275	0.7	-7.903089986991944
267616.414	275	0.705	-7.903089986991944
268249.479	275	0.71	-7.903089986991944
268715.449	275	0.715	-7.903089986991944
269425.486	275	0.72	-7.903089986991944
269856.75	275	0.725	-7.903089986991944
270547.0	275	0.73	-7.903089986991944
270842.095	275	0.735	-7.903089986991944
271632.6	275	0.74	-7.903089986991944
272179.218	275	0.745	-7.903089986991944
272811.929	275	0.75	-7.903089986991944
273669.402	275	0.755	-7.903089986991944
274292.46	275	0.76	-7.903089986991944
275561.995	275	0.765	-7.903089986991944
276006.067	275	0.77	-7.903089986991944
276562.634	275	0.775	-7.903089986991944
277362.123	275	0.78	-7.903089986991944
277840.185	275	0.785	-7.903089986991944
279468.444	275	0.79	-7.903089986991944
279888.132	275	0.795	-7.903089986991944
280353.714	275	0.8	-7.903089986991944
281702.986	275	0.805	-7.903089986991944
283012.844	275	0.81	-7.903089986991944
283766.961	275	0.815	-7.903089986991944
284362.773	275	0.82	-7.903089986991944
284583.643	275	0.825	-7.903089986991944
284902.759	275	0.83	-7.903089986991944
286287.238	275	0.835	-7.903089986991944
287281.84	275	0.84	-7.903089986991944
288417.876	275	0.845	-7.903089986991944
289120.143	275	0.85	-7.903089986991944
291401.535	275	0.855	-7.903089986991944
292394.057	275	0.86	-7.903089986991944
293263.271	275	0.865	-7.903089986991944
294762.733	275	0.87	-7.903089986991944
296982.393	275	0.875	-7.903089986991944
298092.194	275	0.88	-7.903089986991944
299583.4	275	0.885	-7.903089986991944
300545.671	275	0.89	-7.903089986991944
302847.85	275	0.895	-7.903089986991944
303490.343	275	0.9	-7.903089986991944
305298.593	275	0.905	-7.903089986991944
307198.115	275	0.91	-7.903089986991944
307697.085	275	0.915	-7.903089986991944
311856.743	275	0.92	-7.903089986991944
313965.102	275	0.925	-7.903089986991944
319369.814	275	0.93	-7.903089986991944
323380.329	275	0.935	-7.903089986991944
328421.057	275	0.94	-7.903089986991944
336781.593	275	0.945	-7.903089986991944
341914.143	275	0.95	-7.903089986991944
345106.645	275	0.955	-7.903089986991944
350461.851	275	0.96	-7.903089986991944
359842.881	275	0.965	-7.903089986991944
364265.943	275	0.97	-7.903089986991944
377264.788	275	0.975	-7.903089986991944
393327.58	275	0.98	-7.903089986991944
399628.5	275	0.985	-7.903089986991944
436063.529	275	0.99	-7.903089986991944
475007.698	275	0.995	-7.903089986991944
256680.821	300	0.5	-7.903089986991944
257157.336	300	0.505	-7.903089986991944
257475.135	300	0.51	-7.903089986991944
257790.65	300	0.515	-7.903089986991944
258214.569	300	0.52	-7.903089986991944
258491.505	300	0.525	-7.903089986991944
258840.243	300	0.53	-7.903089986991944
259243.602	300	0.535	-7.903089986991944
259812.557	300	0.54	-7.903089986991944
260210.113	300	0.545	-7.903089986991944
260578.675	300	0.55	-7.903089986991944
261254.318	300	0.555	-7.903089986991944
261656.514	300	0.56	-7.903089986991944
261987.602	300	0.565	-7.903089986991944
262379.929	300	0.57	-7.903089986991944
262587.612	300	0.575	-7.903089986991944
263195.329	300	0.58	-7.903089986991944
264087.235	300	0.585	-7.903089986991944
264478.783	300	0.59	-7.903089986991944
264732.948	300	0.595	-7.903089986991944
265016.957	300	0.6	-7.903089986991944
265401.741	300	0.605	-7.903089986991944
265824.972	300	0.61	-7.903089986991944
266257.212	300	0.615	-7.903089986991944
266386.387	300	0.62	-7.903089986991944
266949.821	300	0.625	-7.903089986991944
267746.967	300	0.63	-7.903089986991944
268191.871	300	0.635	-7.903089986991944
268544.514	300	0.64	-7.903089986991944
269109.356	300	0.645	-7.903089986991944
269649.782	300	0.65	-7.903089986991944
269905.321	300	0.655	-7.903089986991944
270310.084	300	0.66	-7.903089986991944
270595.674	300	0.665	-7.903089986991944
270993.524	300	0.67	-7.903089986991944
271481.238	300	0.675	-7.903089986991944
271990.126	300	0.68	-7.903089986991944
272563.882	300	0.685	-7.903089986991944
273293.786	300	0.69	-7.903089986991944
274250.186	300	0.695	-7.903089986991944
274943.857	300	0.7	-7.903089986991944
275454.564	300	0.705	-7.903089986991944
276213.778	300	0.71	-7.903089986991944
276763.285	300	0.715	-7.903089986991944
277545.614	300	0.72	-7.903089986991944
278198.623	300	0.725	-7.903089986991944
278626.888	300	0.73	-7.903089986991944
279257.217	300	0.735	-7.903089986991944
279838.401	300	0.74	-7.903089986991944
280600.468	300	0.745	-7.903089986991944
281625.375	300	0.75	-7.903089986991944
282291.444	300	0.755	-7.903089986991944
282767.306	300	0.76	-7.903089986991944
283573.54	300	0.765	-7.903089986991944
284785.212	300	0.77	-7.903089986991944
285076.195	300	0.775	-7.903089986991944
285668.013	300	0.78	-7.903089986991944
286119.236	300	0.785	-7.903089986991944
287035.714	300	0.79	-7.903089986991944
287901.0	300	0.795	-7.903089986991944
289624.286	300	0.8	-7.903089986991944
290662.393	300	0.805	-7.903089986991944
291080.248	300	0.81	-7.903089986991944
291873.316	300	0.815	-7.903089986991944
293347.15	300	0.82	-7.903089986991944
294396.036	300	0.825	-7.903089986991944
296266.439	300	0.83	-7.903089986991944
297572.314	300	0.835	-7.903089986991944
298474.851	300	0.84	-7.903089986991944
299938.25	300	0.845	-7.903089986991944
301216.257	300	0.85	-7.903089986991944
303026.793	300	0.855	-7.903089986991944
303769.876	300	0.86	-7.903089986991944
304888.464	300	0.865	-7.903089986991944
306247.953	300	0.87	-7.903089986991944
308387.045	300	0.875	-7.903089986991944
310662.743	300	0.88	-7.903089986991944
311727.224	300	0.885	-7.903089986991944
314526.466	300	0.89	-7.903089986991944
316608.436	300	0.895	-7.903089986991944
318063.564	300	0.9	-7.903089986991944
318594.992	300	0.905	-7.903089986991944
322076.354	300	0.91	-7.903089986991944
323636.164	300	0.915	-7.903089986991944
326177.786	300	0.92	-7.903089986991944
328777.857	300	0.925	-7.903089986991944
332095.887	300	0.93	-7.903089986991944
337050.388	300	0.935	-7.903089986991944
342029.857	300	0.94	-7.903089986991944
347119.336	300	0.945	-7.903089986991944
350213.907	300	0.95	-7.903089986991944
355874.546	300	0.955	-7.903089986991944
362309.04	300	0.96	-7.903089986991944
367204.535	300	0.965	-7.903089986991944
375028.998	300	0.97	-7.903089986991944
393034.354	300	0.975	-7.903089986991944
406322.77	300	0.98	-7.903089986991944
423915.571	300	0.985	-7.903089986991944
441000.871	300	0.99	-7.903089986991944
462566.686	300	0.995	-7.903089986991944
266885.036	325	0.5	-7.903089986991944
267003.303	325	0.505	-7.903089986991944
267701.771	325	0.51	-7.903089986991944
267802.748	325	0.515	-7.903089986991944
268905.866	325	0.52	-7.903089986991944
269399.891	325	0.525	-7.903089986991944
269708.867	325	0.53	-7.903089986991944
269958.164	325	0.535	-7.903089986991944
270344.163	325	0.54	-7.903089986991944
270652.743	325	0.545	-7.903089986991944
270995.246	325	0.55	-7.903089986991944
271223.479	325	0.555	-7.903089986991944
271809.094	325	0.56	-7.903089986991944
272133.621	325	0.565	-7.903089986991944
272459.875	325	0.57	-7.903089986991944
272909.248	325	0.575	-7.903089986991944
273365.454	325	0.58	-7.903089986991944
273766.7	325	0.585	-7.903089986991944
274207.729	325	0.59	-7.903089986991944
274358.457	325	0.595	-7.903089986991944
274715.743	325	0.6	-7.903089986991944
275385.09	325	0.605	-7.903089986991944
275610.984	325	0.61	-7.903089986991944
276039.901	325	0.615	-7.903089986991944
276503.574	325	0.62	-7.903089986991944
276892.527	325	0.625	-7.903089986991944
277077.045	325	0.63	-7.903089986991944
277536.257	325	0.635	-7.903089986991944
278350.186	325	0.64	-7.903089986991944
279118.579	325	0.645	-7.903089986991944
279731.454	325	0.65	-7.903089986991944
280338.695	325	0.655	-7.903089986991944
280648.429	325	0.66	-7.903089986991944
280969.015	325	0.665	-7.903089986991944
281404.271	325	0.67	-7.903089986991944
281996.096	325	0.675	-7.903089986991944
282198.614	325	0.68	-7.903089986991944
282674.314	325	0.685	-7.903089986991944
282949.921	325	0.69	-7.903089986991944
283542.232	325	0.695	-7.903089986991944
284121.571	325	0.7	-7.903089986991944
284830.515	325	0.705	-7.903089986991944
285517.429	325	0.71	-7.903089986991944
286180.613	325	0.715	-7.903089986991944
286853.646	325	0.72	-7.903089986991944
287268.445	325	0.725	-7.903089986991944
287558.915	325	0.73	-7.903089986991944
287757.279	325	0.735	-7.903089986991944
288128.771	325	0.74	-7.903089986991944
289041.751	325	0.745	-7.903089986991944
289464.232	325	0.75	-7.903089986991944
290003.364	325	0.755	-7.903089986991944
290645.363	325	0.76	-7.903089986991944
291335.202	325	0.765	-7.903089986991944
291966.086	325	0.77	-7.903089986991944
293197.884	325	0.775	-7.903089986991944
293832.327	325	0.78	-7.903089986991944
295131.087	325	0.785	-7.903089986991944
295678.015	325	0.79	-7.903089986991944
297746.803	325	0.795	-7.903089986991944
298386.871	325	0.8	-7.903089986991944
299279.679	325	0.805	-7.903089986991944
299595.015	325	0.81	-7.903089986991944
300496.343	325	0.815	-7.903089986991944
301649.426	325	0.82	-7.903089986991944
302342.959	325	0.825	-7.903089986991944
304550.876	325	0.83	-7.903089986991944
305302.195	325	0.835	-7.903089986991944
306794.8	325	0.84	-7.903089986991944
307436.695	325	0.845	-7.903089986991944
308524.071	325	0.85	-7.903089986991944
309234.236	325	0.855	-7.903089986991944
309937.22	325	0.86	-7.903089986991944
311531.633	325	0.865	-7.903089986991944
312082.725	325	0.87	-7.903089986991944
312826.241	325	0.875	-7.903089986991944
314494.854	325	0.88	-7.903089986991944
317835.03	325	0.885	-7.903089986991944
320340.635	325	0.89	-7.903089986991944
325743.465	325	0.895	-7.903089986991944
327061.164	325	0.9	-7.903089986991944
328580.55	325	0.905	-7.903089986991944
330931.884	325	0.91	-7.903089986991944
332745.577	325	0.915	-7.903089986991944
334968.514	325	0.92	-7.903089986991944
339189.654	325	0.925	-7.903089986991944
342436.1	325	0.93	-7.903089986991944
345480.929	325	0.935	-7.903089986991944
350270.586	325	0.94	-7.903089986991944
353744.007	325	0.945	-7.903089986991944
359556.429	325	0.95	-7.903089986991944
362735.264	325	0.955	-7.903089986991944
366002.463	325	0.96	-7.903089986991944
373902.629	325	0.965	-7.903089986991944
388358.114	325	0.97	-7.903089986991944
397547.641	325	0.975	-7.903089986991944
415392.087	325	0.98	-7.903089986991944
440191.101	325	0.985	-7.903089986991944
452440.643	325	0.99	-7.903089986991944
495215.735	325	0.995	-7.903089986991944
272920.0	350	0.5	-7.903089986991944
273775.564	350	0.505	-7.903089986991944
273964.349	350	0.51	-7.903089986991944
274413.557	350	0.515	-7.903089986991944
275003.9	350	0.52	-7.903089986991944
275851.712	350	0.525	-7.903089986991944
276205.414	350	0.53	-7.903089986991944
276480.598	350	0.535	-7.903089986991944
276857.147	350	0.54	-7.903089986991944
277136.244	350	0.545	-7.903089986991944
277524.746	350	0.55	-7.903089986991944
277875.391	350	0.555	-7.903089986991944
278250.0	350	0.56	-7.903089986991944
278686.938	350	0.565	-7.903089986991944
279409.788	350	0.57	-7.903089986991944
280081.577	350	0.575	-7.903089986991944
280550.433	350	0.58	-7.903089986991944
281429.975	350	0.585	-7.903089986991944
282154.848	350	0.59	-7.903089986991944
282463.289	350	0.595	-7.903089986991944
283169.371	350	0.6	-7.903089986991944
283540.292	350	0.605	-7.903089986991944
283725.329	350	0.61	-7.903089986991944
284114.496	350	0.615	-7.903089986991944
284408.0	350	0.62	-7.903089986991944
284818.839	350	0.625	-7.903089986991944
285181.013	350	0.63	-7.903089986991944
285463.428	350	0.635	-7.903089986991944
286116.794	350	0.64	-7.903089986991944
287274.936	350	0.645	-7.903089986991944
288134.336	350	0.65	-7.903089986991944
288628.993	350	0.655	-7.903089986991944
289459.547	350	0.66	-7.903089986991944
289855.168	350	0.665	-7.903089986991944
290404.295	350	0.67	-7.903089986991944
291071.046	350	0.675	-7.903089986991944
291996.569	350	0.68	-7.903089986991944
292773.639	350	0.685	-7.903089986991944
293381.357	350	0.69	-7.903089986991944
293728.559	350	0.695	-7.903089986991944
294525.786	350	0.7	-7.903089986991944
295336.707	350	0.705	-7.903089986991944
296104.704	350	0.71	-7.903089986991944
296377.353	350	0.715	-7.903089986991944
297240.337	350	0.72	-7.903089986991944
298216.663	350	0.725	-7.903089986991944
298920.829	350	0.73	-7.903089986991944
299684.8	350	0.735	-7.903089986991944
300199.419	350	0.74	-7.903089986991944
301250.533	350	0.745	-7.903089986991944
301993.321	350	0.75	-7.903089986991944
303196.06	350	0.755	-7.903089986991944
303842.689	350	0.76	-7.903089986991944
304416.891	350	0.765	-7.903089986991944
305243.09	350	0.77	-7.903089986991944
305486.648	350	0.775	-7.903089986991944
306347.494	350	0.78	-7.903089986991944
307679.762	350	0.785	-7.903089986991944
308860.3	350	0.79	-7.903089986991944
309665.3	350	0.795	-7.903089986991944
310664.286	350	0.8	-7.903089986991944
312013.301	350	0.805	-7.903089986991944
312671.771	350	0.81	-7.903089986991944
314195.413	350	0.815	-7.903089986991944
315176.374	350	0.82	-7.903089986991944
315486.118	350	0.825	-7.903089986991944
316475.463	350	0.83	-7.903089986991944
317577.659	350	0.835	-7.903089986991944
318634.257	350	0.84	-7.903089986991944
319887.896	350	0.845	-7.903089986991944
320572.714	350	0.85	-7.903089986991944
322660.54	350	0.855	-7.903089986991944
323725.253	350	0.86	-7.903089986991944
324942.71	350	0.865	-7.903089986991944
327712.084	350	0.87	-7.903089986991944
329568.571	350	0.875	-7.903089986991944
331094.469	350	0.88	-7.903089986991944
335112.699	350	0.885	-7.903089986991944
336927.192	350	0.89	-7.903089986991944
337945.265	350	0.895	-7.903089986991944
339893.193	350	0.9	-7.903089986991944
340875.986	350	0.905	-7.903089986991944
342404.029	350	0.91	-7.903089986991944
344830.069	350	0.915	-7.903089986991944
349120.571	350	0.92	-7.903089986991944
351389.709	350	0.925	-7.903089986991944
354131.086	350	0.93	-7.903089986991944
356774.755	350	0.935	-7.903089986991944
361457.38	350	0.94	-7.903089986991944
365478.199	350	0.945	-7.903089986991944
368415.146	350	0.95	-7.903089986991944
372997.275	350	0.955	-7.903089986991944
379634.394	350	0.96	-7.903089986991944
386340.518	350	0.965	-7.903089986991944
391859.745	350	0.97	-7.903089986991944
410288.684	350	0.975	-7.903089986991944
423831.629	350	0.98	-7.903089986991944
451027.95	350	0.985	-7.903089986991944
494230.314	350	0.99	-7.903089986991944
585141.264	350	0.995	-7.903089986991944
284820.0	375	0.5	-7.903089986991944
285348.3	375	0.505	-7.903089986991944
285879.127	375	0.51	-7.903089986991944
286396.976	375	0.515	-7.903089986991944
286853.771	375	0.52	-7.903089986991944
287381.866	375	0.525	-7.903089986991944
287655.443	375	0.53	-7.903089986991944
288250.99	375	0.535	-7.903089986991944
289021.89	375	0.54	-7.903089986991944
289577.017	375	0.545	-7.903089986991944
290153.429	375	0.55	-7.903089986991944
290886.446	375	0.555	-7.903089986991944
291251.029	375	0.56	-7.903089986991944
291533.983	375	0.565	-7.903089986991944
291848.294	375	0.57	-7.903089986991944
292077.807	375	0.575	-7.903089986991944
292381.514	375	0.58	-7.903089986991944
292755.905	375	0.585	-7.903089986991944
292955.584	375	0.59	-7.903089986991944
293162.967	375	0.595	-7.903089986991944
293935.957	375	0.6	-7.903089986991944
294745.818	375	0.605	-7.903089986991944
295166.985	375	0.61	-7.903089986991944
295896.473	375	0.615	-7.903089986991944
296589.889	375	0.62	-7.903089986991944
297089.179	375	0.625	-7.903089986991944
298191.724	375	0.63	-7.903089986991944
298694.412	375	0.635	-7.903089986991944
299292.126	375	0.64	-7.903089986991944
300371.079	375	0.645	-7.903089986991944
301214.521	375	0.65	-7.903089986991944
301363.99	375	0.655	-7.903089986991944
301713.494	375	0.66	-7.903089986991944
302279.545	375	0.665	-7.903089986991944
302907.453	375	0.67	-7.903089986991944
303501.736	375	0.675	-7.903089986991944
304635.623	375	0.68	-7.903089986991944
305123.863	375	0.685	-7.903089986991944
305462.113	375	0.69	-7.903089986991944
306204.357	375	0.695	-7.903089986991944
306768.386	375	0.7	-7.903089986991944
307611.829	375	0.705	-7.903089986991944
308100.435	375	0.71	-7.903089986991944
308673.074	375	0.715	-7.903089986991944
309688.371	375	0.72	-7.903089986991944
310780.786	375	0.725	-7.903089986991944
311348.514	375	0.73	-7.903089986991944
312193.75	375	0.735	-7.903089986991944
313257.333	375	0.74	-7.903089986991944
314365.325	375	0.745	-7.903089986991944
315819.018	375	0.75	-7.903089986991944
316546.714	375	0.755	-7.903089986991944
317538.457	375	0.76	-7.903089986991944
319422.493	375	0.765	-7.903089986991944
320830.839	375	0.77	-7.903089986991944
321666.5	375	0.775	-7.903089986991944
322767.586	375	0.78	-7.903089986991944
324498.704	375	0.785	-7.903089986991944
325437.086	375	0.79	-7.903089986991944
326387.543	375	0.795	-7.903089986991944
327139.986	375	0.8	-7.903089986991944
329094.678	375	0.805	-7.903089986991944
329900.471	375	0.81	-7.903089986991944
331411.85	375	0.815	-7.903089986991944
332291.484	375	0.82	-7.903089986991944
334032.304	375	0.825	-7.903089986991944
334782.243	375	0.83	-7.903089986991944
336175.414	375	0.835	-7.903089986991944
337087.189	375	0.84	-7.903089986991944
338387.733	375	0.845	-7.903089986991944
340008.889	375	0.85	-7.903089986991944
341335.245	375	0.855	-7.903089986991944
344501.314	375	0.86	-7.903089986991944
345295.293	375	0.865	-7.903089986991944
346932.065	375	0.87	-7.903089986991944
349249.643	375	0.875	-7.903089986991944
350487.726	375	0.88	-7.903089986991944
352639.933	375	0.885	-7.903089986991944
356338.135	375	0.89	-7.903089986991944
360990.228	375	0.895	-7.903089986991944
363848.279	375	0.9	-7.903089986991944
366119.85	375	0.905	-7.903089986991944
369223.618	375	0.91	-7.903089986991944
371631.093	375	0.915	-7.903089986991944
376615.086	375	0.92	-7.903089986991944
379557.896	375	0.925	-7.903089986991944
383095.72	375	0.93	-7.903089986991944
390279.295	375	0.935	-7.903089986991944
393215.673	375	0.94	-7.903089986991944
395320.39	375	0.945	-7.903089986991944
400352.0	375	0.95	-7.903089986991944
406538.179	375	0.955	-7.903089986991944
414651.611	375	0.96	-7.903089986991944
424106.605	375	0.965	-7.903089986991944
437500.125	375	0.97	-7.903089986991944
446082.429	375	0.975	-7.903089986991944
467364.276	375	0.98	-7.903089986991944
486751.029	375	0.985	-7.903089986991944
516905.2	375	0.99	-7.903089986991944
584836.871	375	0.995	-7.903089986991944
295155.714	400	0.5	-7.903089986991944
295624.121	400	0.505	-7.903089986991944
295915.104	400	0.51	-7.903089986991944
296201.222	400	0.515	-7.903089986991944
297200.683	400	0.52	-7.903089986991944
297451.998	400	0.525	-7.903089986991944
298218.232	400	0.53	-7.903089986991944
298600.552	400	0.535	-7.903089986991944
299086.41	400	0.54	-7.903089986991944
299602.845	400	0.545	-7.903089986991944
300015.071	400	0.55	-7.903089986991944
300669.237	400	0.555	-7.903089986991944
301280.537	400	0.56	-7.903089986991944
302216.181	400	0.565	-7.903089986991944
303160.741	400	0.57	-7.903089986991944
303882.002	400	0.575	-7.903089986991944
304394.314	400	0.58	-7.903089986991944
304884.166	400	0.585	-7.903089986991944
306169.694	400	0.59	-7.903089986991944
306561.121	400	0.595	-7.903089986991944
306948.957	400	0.6	-7.903089986991944
307738.779	400	0.605	-7.903089986991944
308510.469	400	0.61	-7.903089986991944
309558.18	400	0.615	-7.903089986991944
309918.426	400	0.62	-7.903089986991944
310361.071	400	0.625	-7.903089986991944
310863.784	400	0.63	-7.903089986991944
312063.239	400	0.635	-7.903089986991944
312793.714	400	0.64	-7.903089986991944
313388.439	400	0.645	-7.903089986991944
313825.046	400	0.65	-7.903089986991944
314268.56	400	0.655	-7.903089986991944
314974.819	400	0.66	-7.903089986991944
315169.148	400	0.665	-7.903089986991944
315978.504	400	0.67	-7.903089986991944
316669.925	400	0.675	-7.903089986991944
316918.117	400	0.68	-7.903089986991944
317359.757	400	0.685	-7.903089986991944
317945.136	400	0.69	-7.903089986991944
318589.6	400	0.695	-7.903089986991944
319007.093	400	0.7	-7.903089986991944
319491.564	400	0.705	-7.903089986991944
320287.221	400	0.71	-7.903089986991944
320626.202	400	0.715	-7.903089986991944
321384.249	400	0.72	-7.903089986991944
321588.841	400	0.725	-7.903089986991944
322649.605	400	0.73	-7.903089986991944
323934.384	400	0.735	-7.903089986991944
324502.339	400	0.74	-7.903089986991944
326485.263	400	0.745	-7.903089986991944
327176.804	400	0.75	-7.903089986991944
327366.148	400	0.755	-7.903089986991944
328341.729	400	0.76	-7.903089986991944
329034.31	400	0.765	-7.903089986991944
330198.106	400	0.77	-7.903089986991944
331211.089	400	0.775	-7.903089986991944
333441.057	400	0.78	-7.903089986991944
333865.2	400	0.785	-7.903089986991944
334860.662	400	0.79	-7.903089986991944
336750.351	400	0.795	-7.903089986991944
339364.2	400	0.8	-7.903089986991944
340807.493	400	0.805	-7.903089986991944
341489.558	400	0.81	-7.903089986991944
343164.459	400	0.815	-7.903089986991944
343742.03	400	0.82	-7.903089986991944
345279.643	400	0.825	-7.903089986991944
347321.329	400	0.83	-7.903089986991944
348163.825	400	0.835	-7.903089986991944
349544.351	400	0.84	-7.903089986991944
351325.323	400	0.845	-7.903089986991944
351869.429	400	0.85	-7.903089986991944
353036.643	400	0.855	-7.903089986991944
354911.633	400	0.86	-7.903089986991944
356842.103	400	0.865	-7.903089986991944
359693.378	400	0.87	-7.903089986991944
361232.5	400	0.875	-7.903089986991944
362431.783	400	0.88	-7.903089986991944
364108.655	400	0.885	-7.903089986991944
366940.457	400	0.89	-7.903089986991944
369380.529	400	0.895	-7.903089986991944
370808.136	400	0.9	-7.903089986991944
372570.347	400	0.905	-7.903089986991944
375651.995	400	0.91	-7.903089986991944
379244.682	400	0.915	-7.903089986991944
382585.44	400	0.92	-7.903089986991944
387650.077	400	0.925	-7.903089986991944
390350.679	400	0.93	-7.903089986991944
396378.129	400	0.935	-7.903089986991944
404918.551	400	0.94	-7.903089986991944
409364.336	400	0.945	-7.903089986991944
413158.186	400	0.95	-7.903089986991944
422053.239	400	0.955	-7.903089986991944
427842.586	400	0.96	-7.903089986991944
434795.014	400	0.965	-7.903089986991944
445050.979	400	0.97	-7.903089986991944
451597.643	400	0.975	-7.903089986991944
472842.514	400	0.98	-7.903089986991944
487151.571	400	0.985	-7.903089986991944
530726.771	400	0.99	-7.903089986991944
567482.072	400	0.995	-7.903089986991944
300486.464	425	0.5	-7.903089986991944
300639.928	425	0.505	-7.903089986991944
301175.295	425	0.51	-7.903089986991944
301317.763	425	0.515	-7.903089986991944
302507.786	425	0.52	-7.903089986991944
302958.395	425	0.525	-7.903089986991944
303213.224	425	0.53	-7.903089986991944
303525.414	425	0.535	-7.903089986991944
303674.931	425	0.54	-7.903089986991944
304249.65	425	0.545	-7.903089986991944
304659.546	425	0.55	-7.903089986991944
305539.082	425	0.555	-7.903089986991944
305949.274	425	0.56	-7.903089986991944
306448.515	425	0.565	-7.903089986991944
307111.357	425	0.57	-7.903089986991944
307665.577	425	0.575	-7.903089986991944
307953.12	425	0.58	-7.903089986991944
308625.182	425	0.585	-7.903089986991944
308850.94	425	0.59	-7.903089986991944
309827.607	425	0.595	-7.903089986991944
310760.657	425	0.6	-7.903089986991944
311203.586	425	0.605	-7.903089986991944
311958.802	425	0.61	-7.903089986991944
312702.864	425	0.615	-7.903089986991944
313357.713	425	0.62	-7.903089986991944
314246.634	425	0.625	-7.903089986991944
314809.771	425	0.63	-7.903089986991944
315199.843	425	0.635	-7.903089986991944
316157.017	425	0.64	-7.903089986991944
316702.762	425	0.645	-7.903089986991944
317202.214	425	0.65	-7.903089986991944
317549.457	425	0.655	-7.903089986991944
318092.796	425	0.66	-7.903089986991944
318622.643	425	0.665	-7.903089986991944
319424.209	425	0.67	-7.903089986991944
320312.452	425	0.675	-7.903089986991944
320848.0	425	0.68	-7.903089986991944
321869.664	425	0.685	-7.903089986991944
322950.335	425	0.69	-7.903089986991944
323400.357	425	0.695	-7.903089986991944
323793.714	425	0.7	-7.903089986991944
324649.992	425	0.705	-7.903089986991944
325313.296	425	0.71	-7.903089986991944
325618.771	425	0.715	-7.903089986991944
326022.883	425	0.72	-7.903089986991944
327109.73	425	0.725	-7.903089986991944
327739.386	425	0.73	-7.903089986991944
328287.55	425	0.735	-7.903089986991944
328840.316	425	0.74	-7.903089986991944
329567.231	425	0.745	-7.903089986991944
330598.839	425	0.75	-7.903089986991944
331676.533	425	0.755	-7.903089986991944
332866.451	425	0.76	-7.903089986991944
333956.595	425	0.765	-7.903089986991944
334614.801	425	0.77	-7.903089986991944
335344.921	425	0.775	-7.903089986991944
336232.573	425	0.78	-7.903089986991944
336732.569	425	0.785	-7.903089986991944
337149.5	425	0.79	-7.903089986991944
338045.429	425	0.795	-7.903089986991944
339807.129	425	0.8	-7.903089986991944
340640.201	425	0.805	-7.903089986991944
341635.7	425	0.81	-7.903089986991944
342660.77	425	0.815	-7.903089986991944
345953.19	425	0.82	-7.903089986991944
347312.096	425	0.825	-7.903089986991944
348351.417	425	0.83	-7.903089986991944
350773.543	425	0.835	-7.903089986991944
352269.097	425	0.84	-7.903089986991944
352772.518	425	0.845	-7.903089986991944
354859.032	425	0.85	-7.903089986991944
356046.483	425	0.855	-7.903089986991944
357702.786	425	0.86	-7.903089986991944
359273.195	425	0.865	-7.903089986991944
362157.7	425	0.87	-7.903089986991944
366545.0	425	0.875	-7.903089986991944
368084.34	425	0.88	-7.903089986991944
369161.698	425	0.885	-7.903089986991944
371750.359	425	0.89	-7.903089986991944
375839.999	425	0.895	-7.903089986991944
381008.179	425	0.9	-7.903089986991944
383308.343	425	0.905	-7.903089986991944
384767.671	425	0.91	-7.903089986991944
386634.37	425	0.915	-7.903089986991944
388657.777	425	0.92	-7.903089986991944
390406.388	425	0.925	-7.903089986991944
396088.048	425	0.93	-7.903089986991944
399745.779	425	0.935	-7.903089986991944
404490.6	425	0.94	-7.903089986991944
407968.936	425	0.945	-7.903089986991944
410487.8	425	0.95	-7.903089986991944
420961.521	425	0.955	-7.903089986991944
429512.343	425	0.96	-7.903089986991944
446524.04	425	0.965	-7.903089986991944
455794.1	425	0.97	-7.903089986991944
481527.036	425	0.975	-7.903089986991944
488592.663	425	0.98	-7.903089986991944
511114.343	425	0.985	-7.903089986991944
526835.314	425	0.99	-7.903089986991944
595814.657	425	0.995	-7.903089986991944
311030.036	450	0.5	-7.903089986991944
311442.057	450	0.505	-7.903089986991944
311723.007	450	0.51	-7.903089986991944
312387.648	450	0.515	-7.903089986991944
312964.36	450	0.52	-7.903089986991944
313309.859	450	0.525	-7.903089986991944
313942.086	450	0.53	-7.903089986991944
314372.875	450	0.535	-7.903089986991944
314663.514	450	0.54	-7.903089986991944
314902.365	450	0.545	-7.903089986991944
315233.207	450	0.55	-7.903089986991944
315849.999	450	0.555	-7.903089986991944
316151.774	450	0.56	-7.903089986991944
316455.633	450	0.565	-7.903089986991944
316928.644	450	0.57	-7.903089986991944
317287.0	450	0.575	-7.903089986991944
317470.41	450	0.58	-7.903089986991944
317891.066	450	0.585	-7.903089986991944
318357.623	450	0.59	-7.903089986991944
318803.85	450	0.595	-7.903089986991944
319394.5	450	0.6	-7.903089986991944
320080.172	450	0.605	-7.903089986991944
320569.832	450	0.61	-7.903089986991944
321053.07	450	0.615	-7.903089986991944
321805.776	450	0.62	-7.903089986991944
322049.42	450	0.625	-7.903089986991944
322992.7	450	0.63	-7.903089986991944
323492.446	450	0.635	-7.903089986991944
324324.197	450	0.64	-7.903089986991944
324615.147	450	0.645	-7.903089986991944
325714.261	450	0.65	-7.903089986991944
326122.025	450	0.655	-7.903089986991944
326480.21	450	0.66	-7.903089986991944
327074.143	450	0.665	-7.903089986991944
327966.256	450	0.67	-7.903089986991944
328309.916	450	0.675	-7.903089986991944
328788.691	450	0.68	-7.903089986991944
329334.008	450	0.685	-7.903089986991944
329835.785	450	0.69	-7.903089986991944
330453.085	450	0.695	-7.903089986991944
331100.536	450	0.7	-7.903089986991944
331918.85	450	0.705	-7.903089986991944
332534.094	450	0.71	-7.903089986991944
333372.344	450	0.715	-7.903089986991944
333994.026	450	0.72	-7.903089986991944
334744.488	450	0.725	-7.903089986991944
335075.07	450	0.73	-7.903089986991944
336022.591	450	0.735	-7.903089986991944
336851.657	450	0.74	-7.903089986991944
339101.792	450	0.745	-7.903089986991944
340100.036	450	0.75	-7.903089986991944
341043.456	450	0.755	-7.903089986991944
342483.92	450	0.76	-7.903089986991944
343446.657	450	0.765	-7.903089986991944
344903.188	450	0.77	-7.903089986991944
345822.262	450	0.775	-7.903089986991944
346332.0	450	0.78	-7.903089986991944
347265.864	450	0.785	-7.903089986991944
348197.484	450	0.79	-7.903089986991944
350167.486	450	0.795	-7.903089986991944
352431.371	450	0.8	-7.903089986991944
353883.736	450	0.805	-7.903089986991944
355704.852	450	0.81	-7.903089986991944
357279.507	450	0.815	-7.903089986991944
359351.887	450	0.82	-7.903089986991944
360319.288	450	0.825	-7.903089986991944
361595.312	450	0.83	-7.903089986991944
362593.95	450	0.835	-7.903089986991944
363161.76	450	0.84	-7.903089986991944
364597.771	450	0.845	-7.903089986991944
366939.461	450	0.85	-7.903089986991944
369406.711	450	0.855	-7.903089986991944
370145.2	450	0.86	-7.903089986991944
371879.136	450	0.865	-7.903089986991944
375151.614	450	0.87	-7.903089986991944
377117.67	450	0.875	-7.903089986991944
378383.48	450	0.88	-7.903089986991944
382497.607	450	0.885	-7.903089986991944
385499.104	450	0.89	-7.903089986991944
388548.064	450	0.895	-7.903089986991944
392131.857	450	0.9	-7.903089986991944
395588.0	450	0.905	-7.903089986991944
396704.974	450	0.91	-7.903089986991944
398878.652	450	0.915	-7.903089986991944
403625.369	450	0.92	-7.903089986991944
406114.471	450	0.925	-7.903089986991944
411994.614	450	0.93	-7.903089986991944
417445.19	450	0.935	-7.903089986991944
427037.64	450	0.94	-7.903089986991944
431380.025	450	0.945	-7.903089986991944
433572.0	450	0.95	-7.903089986991944
443939.3	450	0.955	-7.903089986991944
461209.789	450	0.96	-7.903089986991944
471424.557	450	0.965	-7.903089986991944
487236.514	450	0.97	-7.903089986991944
502127.109	450	0.975	-7.903089986991944
544181.0	450	0.98	-7.903089986991944
576650.26	450	0.985	-7.903089986991944
610485.728	450	0.99	-7.903089986991944
717825.7	450	0.995	-7.903089986991944
