S*_score	SNP_num	quantile	log(local_recomb_rate)
123560.0	25	0.5	-7.903089986991944
123785.45	25	0.505	-7.903089986991944
124750.15	25	0.51	-7.903089986991944
124983.455	25	0.515	-7.903089986991944
125303.2	25	0.52	-7.903089986991944
125526.25	25	0.525	-7.903089986991944
125709.455	25	0.53	-7.903089986991944
126002.025	25	0.535	-7.903089986991944
126273.956	25	0.54	-7.903089986991944
126557.028	25	0.545	-7.903089986991944
127029.0	25	0.55	-7.903089986991944
127204.35	25	0.555	-7.903089986991944
127762.0	25	0.56	-7.903089986991944
128389.583	25	0.565	-7.903089986991944
128624.307	25	0.57	-7.903089986991944
128807.5	25	0.575	-7.903089986991944
128989.778	25	0.58	-7.903089986991944
129093.0	25	0.585	-7.903089986991944
129413.35	25	0.59	-7.903089986991944
130101.213	25	0.595	-7.903089986991944
130374.545	25	0.6	-7.903089986991944
131124.525	25	0.605	-7.903089986991944
131828.922	25	0.61	-7.903089986991944
131985.562	25	0.615	-7.903089986991944
132406.667	25	0.62	-7.903089986991944
132816.25	25	0.625	-7.903089986991944
133082.667	25	0.63	-7.903089986991944
133656.005	25	0.635	-7.903089986991944
134059.508	25	0.64	-7.903089986991944
134392.317	25	0.645	-7.903089986991944
135055.0	25	0.65	-7.903089986991944
135678.967	25	0.655	-7.903089986991944
136232.0	25	0.66	-7.903089986991944
137298.538	25	0.665	-7.903089986991944
137989.859	25	0.67	-7.903089986991944
138950.725	25	0.675	-7.903089986991944
139412.567	25	0.68	-7.903089986991944
140017.6	25	0.685	-7.903089986991944
140938.0	25	0.69	-7.903089986991944
141726.286	25	0.695	-7.903089986991944
142151.429	25	0.7	-7.903089986991944
143015.0	25	0.705	-7.903089986991944
143477.033	25	0.71	-7.903089986991944
144691.823	25	0.715	-7.903089986991944
145792.457	25	0.72	-7.903089986991944
146473.125	25	0.725	-7.903089986991944
146769.162	25	0.73	-7.903089986991944
147181.807	25	0.735	-7.903089986991944
147753.781	25	0.74	-7.903089986991944
148406.083	25	0.745	-7.903089986991944
148642.929	25	0.75	-7.903089986991944
149218.246	25	0.755	-7.903089986991944
149448.65	25	0.76	-7.903089986991944
149856.1	25	0.765	-7.903089986991944
150389.43	25	0.77	-7.903089986991944
151197.381	25	0.775	-7.903089986991944
151544.8	25	0.78	-7.903089986991944
152459.542	25	0.785	-7.903089986991944
152991.455	25	0.79	-7.903089986991944
153577.641	25	0.795	-7.903089986991944
154274.286	25	0.8	-7.903089986991944
154727.5	25	0.805	-7.903089986991944
155721.593	25	0.81	-7.903089986991944
156527.284	25	0.815	-7.903089986991944
156966.725	25	0.82	-7.903089986991944
157600.0	25	0.825	-7.903089986991944
159329.446	25	0.83	-7.903089986991944
159953.354	25	0.835	-7.903089986991944
161474.293	25	0.84	-7.903089986991944
162399.839	25	0.845	-7.903089986991944
162704.722	25	0.85	-7.903089986991944
163921.032	25	0.855	-7.903089986991944
164480.251	25	0.86	-7.903089986991944
165166.1	25	0.865	-7.903089986991944
166012.4	25	0.87	-7.903089986991944
167952.0	25	0.875	-7.903089986991944
168307.209	25	0.88	-7.903089986991944
169333.917	25	0.885	-7.903089986991944
170896.143	25	0.89	-7.903089986991944
171422.571	25	0.895	-7.903089986991944
172861.0	25	0.9	-7.903089986991944
174218.974	25	0.905	-7.903089986991944
175013.053	25	0.91	-7.903089986991944
176142.194	25	0.915	-7.903089986991944
177793.026	25	0.92	-7.903089986991944
178746.905	25	0.925	-7.903089986991944
180760.5	25	0.93	-7.903089986991944
182269.021	25	0.935	-7.903089986991944
183489.471	25	0.94	-7.903089986991944
183943.718	25	0.945	-7.903089986991944
185807.839	25	0.95	-7.903089986991944
188390.0	25	0.955	-7.903089986991944
190093.714	25	0.96	-7.903089986991944
193771.857	25	0.965	-7.903089986991944
196955.562	25	0.97	-7.903089986991944
199580.556	25	0.975	-7.903089986991944
202600.727	25	0.98	-7.903089986991944
204718.0	25	0.985	-7.903089986991944
218100.095	25	0.99	-7.903089986991944
235943.0	25	0.995	-7.903089986991944
147894.455	50	0.5	-7.903089986991944
148457.321	50	0.505	-7.903089986991944
148765.22	50	0.51	-7.903089986991944
148924.4	50	0.515	-7.903089986991944
149357.067	50	0.52	-7.903089986991944
149583.494	50	0.525	-7.903089986991944
150043.017	50	0.53	-7.903089986991944
150351.707	50	0.535	-7.903089986991944
150827.371	50	0.54	-7.903089986991944
151187.631	50	0.545	-7.903089986991944
151839.907	50	0.55	-7.903089986991944
152180.395	50	0.555	-7.903089986991944
152565.333	50	0.56	-7.903089986991944
152739.658	50	0.565	-7.903089986991944
153096.104	50	0.57	-7.903089986991944
153433.162	50	0.575	-7.903089986991944
153841.721	50	0.58	-7.903089986991944
154278.054	50	0.585	-7.903089986991944
154583.567	50	0.59	-7.903089986991944
155119.942	50	0.595	-7.903089986991944
155258.459	50	0.6	-7.903089986991944
155837.086	50	0.605	-7.903089986991944
156219.238	50	0.61	-7.903089986991944
156469.043	50	0.615	-7.903089986991944
157365.6	50	0.62	-7.903089986991944
158079.25	50	0.625	-7.903089986991944
158457.91	50	0.63	-7.903089986991944
159590.938	50	0.635	-7.903089986991944
160506.207	50	0.64	-7.903089986991944
161410.423	50	0.645	-7.903089986991944
161936.571	50	0.65	-7.903089986991944
162270.352	50	0.655	-7.903089986991944
162738.473	50	0.66	-7.903089986991944
163060.72	50	0.665	-7.903089986991944
163688.338	50	0.67	-7.903089986991944
164390.314	50	0.675	-7.903089986991944
164630.44	50	0.68	-7.903089986991944
164758.509	50	0.685	-7.903089986991944
164963.734	50	0.69	-7.903089986991944
165523.636	50	0.695	-7.903089986991944
166023.441	50	0.7	-7.903089986991944
166799.855	50	0.705	-7.903089986991944
166967.785	50	0.71	-7.903089986991944
167168.905	50	0.715	-7.903089986991944
167983.815	50	0.72	-7.903089986991944
168734.5	50	0.725	-7.903089986991944
169122.891	50	0.73	-7.903089986991944
169860.952	50	0.735	-7.903089986991944
170242.249	50	0.74	-7.903089986991944
170976.5	50	0.745	-7.903089986991944
171705.479	50	0.75	-7.903089986991944
172237.836	50	0.755	-7.903089986991944
173212.492	50	0.76	-7.903089986991944
173624.136	50	0.765	-7.903089986991944
174012.181	50	0.77	-7.903089986991944
174499.728	50	0.775	-7.903089986991944
174980.293	50	0.78	-7.903089986991944
175784.746	50	0.785	-7.903089986991944
176374.107	50	0.79	-7.903089986991944
176899.155	50	0.795	-7.903089986991944
177306.971	50	0.8	-7.903089986991944
177759.884	50	0.805	-7.903089986991944
178227.754	50	0.81	-7.903089986991944
179313.793	50	0.815	-7.903089986991944
179901.474	50	0.82	-7.903089986991944
180348.164	50	0.825	-7.903089986991944
181603.457	50	0.83	-7.903089986991944
183775.543	50	0.835	-7.903089986991944
184701.525	50	0.84	-7.903089986991944
186042.238	50	0.845	-7.903089986991944
186635.143	50	0.85	-7.903089986991944
187618.681	50	0.855	-7.903089986991944
188625.029	50	0.86	-7.903089986991944
189340.714	50	0.865	-7.903089986991944
190571.059	50	0.87	-7.903089986991944
191365.0	50	0.875	-7.903089986991944
193200.732	50	0.88	-7.903089986991944
194611.8	50	0.885	-7.903089986991944
195157.409	50	0.89	-7.903089986991944
196247.514	50	0.895	-7.903089986991944
197390.095	50	0.9	-7.903089986991944
198955.593	50	0.905	-7.903089986991944
200529.4	50	0.91	-7.903089986991944
201474.55	50	0.915	-7.903089986991944
203002.229	50	0.92	-7.903089986991944
206177.868	50	0.925	-7.903089986991944
208442.315	50	0.93	-7.903089986991944
209652.531	50	0.935	-7.903089986991944
210531.2	50	0.94	-7.903089986991944
214431.039	50	0.945	-7.903089986991944
216696.138	50	0.95	-7.903089986991944
220237.171	50	0.955	-7.903089986991944
222653.669	50	0.96	-7.903089986991944
228152.493	50	0.965	-7.903089986991944
231299.521	50	0.97	-7.903089986991944
240972.048	50	0.975	-7.903089986991944
246964.475	50	0.98	-7.903089986991944
253654.743	50	0.985	-7.903089986991944
257496.229	50	0.99	-7.903089986991944
264508.443	50	0.995	-7.903089986991944
174171.429	75	0.5	-7.903089986991944
174460.141	75	0.505	-7.903089986991944
174836.745	75	0.51	-7.903089986991944
175334.6	75	0.515	-7.903089986991944
175483.151	75	0.52	-7.903089986991944
176127.921	75	0.525	-7.903089986991944
176719.609	75	0.53	-7.903089986991944
177206.079	75	0.535	-7.903089986991944
177619.089	75	0.54	-7.903089986991944
178085.831	75	0.545	-7.903089986991944
178371.314	75	0.55	-7.903089986991944
178705.489	75	0.555	-7.903089986991944
179200.626	75	0.56	-7.903089986991944
179630.017	75	0.565	-7.903089986991944
180179.849	75	0.57	-7.903089986991944
180681.747	75	0.575	-7.903089986991944
180891.711	75	0.58	-7.903089986991944
181100.776	75	0.585	-7.903089986991944
182193.091	75	0.59	-7.903089986991944
182922.398	75	0.595	-7.903089986991944
183397.229	75	0.6	-7.903089986991944
183656.468	75	0.605	-7.903089986991944
184120.213	75	0.61	-7.903089986991944
184806.662	75	0.615	-7.903089986991944
185581.62	75	0.62	-7.903089986991944
185902.179	75	0.625	-7.903089986991944
187116.444	75	0.63	-7.903089986991944
187376.209	75	0.635	-7.903089986991944
187486.311	75	0.64	-7.903089986991944
188115.8	75	0.645	-7.903089986991944
189004.571	75	0.65	-7.903089986991944
189543.429	75	0.655	-7.903089986991944
189964.586	75	0.66	-7.903089986991944
190396.681	75	0.665	-7.903089986991944
190815.286	75	0.67	-7.903089986991944
191111.923	75	0.675	-7.903089986991944
191470.343	75	0.68	-7.903089986991944
191805.029	75	0.685	-7.903089986991944
192329.471	75	0.69	-7.903089986991944
192891.108	75	0.695	-7.903089986991944
193505.714	75	0.7	-7.903089986991944
193611.711	75	0.705	-7.903089986991944
194046.735	75	0.71	-7.903089986991944
195251.886	75	0.715	-7.903089986991944
196130.006	75	0.72	-7.903089986991944
196653.414	75	0.725	-7.903089986991944
197416.12	75	0.73	-7.903089986991944
197884.291	75	0.735	-7.903089986991944
198273.717	75	0.74	-7.903089986991944
198895.289	75	0.745	-7.903089986991944
199742.857	75	0.75	-7.903089986991944
200052.766	75	0.755	-7.903089986991944
200399.946	75	0.76	-7.903089986991944
201760.82	75	0.765	-7.903089986991944
202089.474	75	0.77	-7.903089986991944
202901.857	75	0.775	-7.903089986991944
203823.04	75	0.78	-7.903089986991944
204087.291	75	0.785	-7.903089986991944
205487.806	75	0.79	-7.903089986991944
206507.971	75	0.795	-7.903089986991944
207086.242	75	0.8	-7.903089986991944
208630.929	75	0.805	-7.903089986991944
208836.994	75	0.81	-7.903089986991944
209346.15	75	0.815	-7.903089986991944
209871.972	75	0.82	-7.903089986991944
210515.686	75	0.825	-7.903089986991944
210892.531	75	0.83	-7.903089986991944
211686.686	75	0.835	-7.903089986991944
212670.747	75	0.84	-7.903089986991944
214010.0	75	0.845	-7.903089986991944
215142.252	75	0.85	-7.903089986991944
216077.573	75	0.855	-7.903089986991944
216775.333	75	0.86	-7.903089986991944
217566.914	75	0.865	-7.903089986991944
218596.949	75	0.87	-7.903089986991944
219792.143	75	0.875	-7.903089986991944
220794.117	75	0.88	-7.903089986991944
223182.047	75	0.885	-7.903089986991944
224796.397	75	0.89	-7.903089986991944
226657.757	75	0.895	-7.903089986991944
228198.771	75	0.9	-7.903089986991944
229191.659	75	0.905	-7.903089986991944
230937.807	75	0.91	-7.903089986991944
233269.687	75	0.915	-7.903089986991944
235432.686	75	0.92	-7.903089986991944
236891.121	75	0.925	-7.903089986991944
240339.283	75	0.93	-7.903089986991944
242763.591	75	0.935	-7.903089986991944
244538.971	75	0.94	-7.903089986991944
248100.429	75	0.945	-7.903089986991944
250852.448	75	0.95	-7.903089986991944
252980.571	75	0.955	-7.903089986991944
254695.2	75	0.96	-7.903089986991944
259362.629	75	0.965	-7.903089986991944
261667.824	75	0.97	-7.903089986991944
274718.6	75	0.975	-7.903089986991944
284313.652	75	0.98	-7.903089986991944
297461.857	75	0.985	-7.903089986991944
305543.143	75	0.99	-7.903089986991944
322873.106	75	0.995	-7.903089986991944
199196.667	100	0.5	-7.903089986991944
199462.629	100	0.505	-7.903089986991944
199848.244	100	0.51	-7.903089986991944
200321.459	100	0.515	-7.903089986991944
200933.214	100	0.52	-7.903089986991944
201415.789	100	0.525	-7.903089986991944
201824.886	100	0.53	-7.903089986991944
202122.865	100	0.535	-7.903089986991944
202338.691	100	0.54	-7.903089986991944
202801.016	100	0.545	-7.903089986991944
203178.436	100	0.55	-7.903089986991944
203702.571	100	0.555	-7.903089986991944
204013.143	100	0.56	-7.903089986991944
204172.314	100	0.565	-7.903089986991944
204871.663	100	0.57	-7.903089986991944
205548.692	100	0.575	-7.903089986991944
205913.08	100	0.58	-7.903089986991944
206284.597	100	0.585	-7.903089986991944
207131.903	100	0.59	-7.903089986991944
207524.813	100	0.595	-7.903089986991944
207976.914	100	0.6	-7.903089986991944
208806.844	100	0.605	-7.903089986991944
209583.816	100	0.61	-7.903089986991944
209930.577	100	0.615	-7.903089986991944
210420.12	100	0.62	-7.903089986991944
210760.893	100	0.625	-7.903089986991944
211317.224	100	0.63	-7.903089986991944
211663.198	100	0.635	-7.903089986991944
211936.229	100	0.64	-7.903089986991944
212618.259	100	0.645	-7.903089986991944
212728.286	100	0.65	-7.903089986991944
212998.657	100	0.655	-7.903089986991944
213613.261	100	0.66	-7.903089986991944
214272.791	100	0.665	-7.903089986991944
215006.416	100	0.67	-7.903089986991944
215527.811	100	0.675	-7.903089986991944
215943.569	100	0.68	-7.903089986991944
216224.294	100	0.685	-7.903089986991944
216894.299	100	0.69	-7.903089986991944
217609.771	100	0.695	-7.903089986991944
218525.743	100	0.7	-7.903089986991944
219212.211	100	0.705	-7.903089986991944
219737.186	100	0.71	-7.903089986991944
220060.134	100	0.715	-7.903089986991944
220326.149	100	0.72	-7.903089986991944
220635.754	100	0.725	-7.903089986991944
221314.046	100	0.73	-7.903089986991944
222038.224	100	0.735	-7.903089986991944
222423.571	100	0.74	-7.903089986991944
222922.329	100	0.745	-7.903089986991944
223248.536	100	0.75	-7.903089986991944
224707.3	100	0.755	-7.903089986991944
225715.994	100	0.76	-7.903089986991944
226409.667	100	0.765	-7.903089986991944
227250.068	100	0.77	-7.903089986991944
227853.993	100	0.775	-7.903089986991944
228757.34	100	0.78	-7.903089986991944
229452.502	100	0.785	-7.903089986991944
231537.137	100	0.79	-7.903089986991944
232702.3	100	0.795	-7.903089986991944
233382.557	100	0.8	-7.903089986991944
233889.387	100	0.805	-7.903089986991944
234647.383	100	0.81	-7.903089986991944
235114.621	100	0.815	-7.903089986991944
236264.3	100	0.82	-7.903089986991944
236682.429	100	0.825	-7.903089986991944
238176.057	100	0.83	-7.903089986991944
239259.785	100	0.835	-7.903089986991944
240479.753	100	0.84	-7.903089986991944
241228.009	100	0.845	-7.903089986991944
241894.308	100	0.85	-7.903089986991944
243002.229	100	0.855	-7.903089986991944
244905.786	100	0.86	-7.903089986991944
246978.42	100	0.865	-7.903089986991944
247872.953	100	0.87	-7.903089986991944
250072.161	100	0.875	-7.903089986991944
252474.64	100	0.88	-7.903089986991944
254643.586	100	0.885	-7.903089986991944
256144.74	100	0.89	-7.903089986991944
258574.515	100	0.895	-7.903089986991944
261167.429	100	0.9	-7.903089986991944
262686.444	100	0.905	-7.903089986991944
263871.343	100	0.91	-7.903089986991944
266008.247	100	0.915	-7.903089986991944
267843.121	100	0.92	-7.903089986991944
270800.0	100	0.925	-7.903089986991944
275682.831	100	0.93	-7.903089986991944
279196.057	100	0.935	-7.903089986991944
281507.109	100	0.94	-7.903089986991944
284110.214	100	0.945	-7.903089986991944
287906.007	100	0.95	-7.903089986991944
294928.629	100	0.955	-7.903089986991944
298625.451	100	0.96	-7.903089986991944
301689.856	100	0.965	-7.903089986991944
311359.653	100	0.97	-7.903089986991944
321686.545	100	0.975	-7.903089986991944
328223.886	100	0.98	-7.903089986991944
343859.843	100	0.985	-7.903089986991944
353448.419	100	0.99	-7.903089986991944
391379.0	100	0.995	-7.903089986991944
217866.536	125	0.5	-7.903089986991944
218509.256	125	0.505	-7.903089986991944
218682.686	125	0.51	-7.903089986991944
219296.53	125	0.515	-7.903089986991944
219874.063	125	0.52	-7.903089986991944
220471.643	125	0.525	-7.903089986991944
221215.648	125	0.53	-7.903089986991944
221769.995	125	0.535	-7.903089986991944
221937.334	125	0.54	-7.903089986991944
222538.452	125	0.545	-7.903089986991944
222860.429	125	0.55	-7.903089986991944
223111.102	125	0.555	-7.903089986991944
223886.914	125	0.56	-7.903089986991944
224226.15	125	0.565	-7.903089986991944
224955.619	125	0.57	-7.903089986991944
225538.893	125	0.575	-7.903089986991944
225852.771	125	0.58	-7.903089986991944
226233.257	125	0.585	-7.903089986991944
226634.395	125	0.59	-7.903089986991944
226957.47	125	0.595	-7.903089986991944
227589.506	125	0.6	-7.903089986991944
228071.729	125	0.605	-7.903089986991944
228825.929	125	0.61	-7.903089986991944
229329.445	125	0.615	-7.903089986991944
229748.684	125	0.62	-7.903089986991944
230793.17	125	0.625	-7.903089986991944
231772.394	125	0.63	-7.903089986991944
232349.469	125	0.635	-7.903089986991944
232913.371	125	0.64	-7.903089986991944
233223.147	125	0.645	-7.903089986991944
233627.3	125	0.65	-7.903089986991944
234117.689	125	0.655	-7.903089986991944
234513.543	125	0.66	-7.903089986991944
234988.0	125	0.665	-7.903089986991944
235484.338	125	0.67	-7.903089986991944
235890.952	125	0.675	-7.903089986991944
236443.951	125	0.68	-7.903089986991944
236859.346	125	0.685	-7.903089986991944
237407.751	125	0.69	-7.903089986991944
238048.071	125	0.695	-7.903089986991944
238876.814	125	0.7	-7.903089986991944
239442.441	125	0.705	-7.903089986991944
240056.8	125	0.71	-7.903089986991944
240623.769	125	0.715	-7.903089986991944
240900.343	125	0.72	-7.903089986991944
241492.588	125	0.725	-7.903089986991944
241837.586	125	0.73	-7.903089986991944
242391.169	125	0.735	-7.903089986991944
242600.324	125	0.74	-7.903089986991944
243411.459	125	0.745	-7.903089986991944
244368.663	125	0.75	-7.903089986991944
245196.807	125	0.755	-7.903089986991944
245639.531	125	0.76	-7.903089986991944
245957.536	125	0.765	-7.903089986991944
246666.897	125	0.77	-7.903089986991944
247025.714	125	0.775	-7.903089986991944
247856.029	125	0.78	-7.903089986991944
248305.908	125	0.785	-7.903089986991944
249570.069	125	0.79	-7.903089986991944
250062.815	125	0.795	-7.903089986991944
251468.743	125	0.8	-7.903089986991944
252796.7	125	0.805	-7.903089986991944
253529.257	125	0.81	-7.903089986991944
254164.402	125	0.815	-7.903089986991944
254830.901	125	0.82	-7.903089986991944
256219.857	125	0.825	-7.903089986991944
257136.529	125	0.83	-7.903089986991944
258107.41	125	0.835	-7.903089986991944
258604.171	125	0.84	-7.903089986991944
259304.286	125	0.845	-7.903089986991944
261005.814	125	0.85	-7.903089986991944
262625.245	125	0.855	-7.903089986991944
264446.747	125	0.86	-7.903089986991944
265864.615	125	0.865	-7.903089986991944
267972.905	125	0.87	-7.903089986991944
269734.06	125	0.875	-7.903089986991944
272511.054	125	0.88	-7.903089986991944
274023.955	125	0.885	-7.903089986991944
276093.016	125	0.89	-7.903089986991944
279538.664	125	0.895	-7.903089986991944
281897.989	125	0.9	-7.903089986991944
285301.793	125	0.905	-7.903089986991944
287595.681	125	0.91	-7.903089986991944
289763.999	125	0.915	-7.903089986991944
290542.091	125	0.92	-7.903089986991944
291257.852	125	0.925	-7.903089986991944
293819.789	125	0.93	-7.903089986991944
298556.405	125	0.935	-7.903089986991944
300819.057	125	0.94	-7.903089986991944
310307.736	125	0.945	-7.903089986991944
313923.114	125	0.95	-7.903089986991944
318462.842	125	0.955	-7.903089986991944
326793.086	125	0.96	-7.903089986991944
330897.313	125	0.965	-7.903089986991944
341166.43	125	0.97	-7.903089986991944
356446.286	125	0.975	-7.903089986991944
367164.743	125	0.98	-7.903089986991944
391140.116	125	0.985	-7.903089986991944
398443.943	125	0.99	-7.903089986991944
426792.743	125	0.995	-7.903089986991944
232750.0	150	0.5	-7.903089986991944
233277.689	150	0.505	-7.903089986991944
234110.186	150	0.51	-7.903089986991944
234509.493	150	0.515	-7.903089986991944
234832.629	150	0.52	-7.903089986991944
235115.684	150	0.525	-7.903089986991944
235440.586	150	0.53	-7.903089986991944
235664.574	150	0.535	-7.903089986991944
236157.104	150	0.54	-7.903089986991944
236419.592	150	0.545	-7.903089986991944
236932.071	150	0.55	-7.903089986991944
237296.821	150	0.555	-7.903089986991944
237696.969	150	0.56	-7.903089986991944
238454.407	150	0.565	-7.903089986991944
239317.804	150	0.57	-7.903089986991944
239619.489	150	0.575	-7.903089986991944
240306.47	150	0.58	-7.903089986991944
240660.558	150	0.585	-7.903089986991944
241270.571	150	0.59	-7.903089986991944
241515.265	150	0.595	-7.903089986991944
241792.629	150	0.6	-7.903089986991944
242144.05	150	0.605	-7.903089986991944
242453.429	150	0.61	-7.903089986991944
242929.106	150	0.615	-7.903089986991944
243211.283	150	0.62	-7.903089986991944
243610.107	150	0.625	-7.903089986991944
244208.212	150	0.63	-7.903089986991944
244813.762	150	0.635	-7.903089986991944
245207.994	150	0.64	-7.903089986991944
245441.512	150	0.645	-7.903089986991944
245944.764	150	0.65	-7.903089986991944
246579.019	150	0.655	-7.903089986991944
247378.22	150	0.66	-7.903089986991944
248068.193	150	0.665	-7.903089986991944
248450.075	150	0.67	-7.903089986991944
249230.571	150	0.675	-7.903089986991944
249648.903	150	0.68	-7.903089986991944
250275.217	150	0.685	-7.903089986991944
250601.635	150	0.69	-7.903089986991944
251171.086	150	0.695	-7.903089986991944
251451.091	150	0.7	-7.903089986991944
251831.771	150	0.705	-7.903089986991944
252424.66	150	0.71	-7.903089986991944
252872.354	150	0.715	-7.903089986991944
253307.663	150	0.72	-7.903089986991944
253993.227	150	0.725	-7.903089986991944
254632.271	150	0.73	-7.903089986991944
255143.76	150	0.735	-7.903089986991944
256264.304	150	0.74	-7.903089986991944
256722.603	150	0.745	-7.903089986991944
257699.286	150	0.75	-7.903089986991944
259219.993	150	0.755	-7.903089986991944
260276.606	150	0.76	-7.903089986991944
262697.76	150	0.765	-7.903089986991944
263680.764	150	0.77	-7.903089986991944
264794.055	150	0.775	-7.903089986991944
265536.269	150	0.78	-7.903089986991944
266099.843	150	0.785	-7.903089986991944
267199.829	150	0.79	-7.903089986991944
267828.763	150	0.795	-7.903089986991944
268802.614	150	0.8	-7.903089986991944
270292.993	150	0.805	-7.903089986991944
271804.699	150	0.81	-7.903089986991944
272346.993	150	0.815	-7.903089986991944
273459.649	150	0.82	-7.903089986991944
274489.88	150	0.825	-7.903089986991944
275311.814	150	0.83	-7.903089986991944
276568.419	150	0.835	-7.903089986991944
277465.829	150	0.84	-7.903089986991944
278465.705	150	0.845	-7.903089986991944
279985.082	150	0.85	-7.903089986991944
281550.036	150	0.855	-7.903089986991944
282654.78	150	0.86	-7.903089986991944
284423.888	150	0.865	-7.903089986991944
285968.742	150	0.87	-7.903089986991944
291195.054	150	0.875	-7.903089986991944
292148.65	150	0.88	-7.903089986991944
294749.851	150	0.885	-7.903089986991944
296182.286	150	0.89	-7.903089986991944
298292.8	150	0.895	-7.903089986991944
301412.902	150	0.9	-7.903089986991944
303636.243	150	0.905	-7.903089986991944
308544.322	150	0.91	-7.903089986991944
310787.544	150	0.915	-7.903089986991944
316351.834	150	0.92	-7.903089986991944
319825.777	150	0.925	-7.903089986991944
324644.324	150	0.93	-7.903089986991944
327247.064	150	0.935	-7.903089986991944
333862.834	150	0.94	-7.903089986991944
335515.234	150	0.945	-7.903089986991944
338318.868	150	0.95	-7.903089986991944
342060.23	150	0.955	-7.903089986991944
347516.971	150	0.96	-7.903089986991944
364990.779	150	0.965	-7.903089986991944
377741.474	150	0.97	-7.903089986991944
383506.214	150	0.975	-7.903089986991944
403500.613	150	0.98	-7.903089986991944
432149.078	150	0.985	-7.903089986991944
440389.531	150	0.99	-7.903089986991944
475724.163	150	0.995	-7.903089986991944
250854.321	175	0.5	-7.903089986991944
251141.143	175	0.505	-7.903089986991944
251365.194	175	0.51	-7.903089986991944
251970.426	175	0.515	-7.903089986991944
252348.014	175	0.52	-7.903089986991944
252522.611	175	0.525	-7.903089986991944
253088.143	175	0.53	-7.903089986991944
253390.828	175	0.535	-7.903089986991944
253836.784	175	0.54	-7.903089986991944
254381.678	175	0.545	-7.903089986991944
255055.629	175	0.55	-7.903089986991944
255615.384	175	0.555	-7.903089986991944
255875.954	175	0.56	-7.903089986991944
256197.495	175	0.565	-7.903089986991944
256457.635	175	0.57	-7.903089986991944
257043.471	175	0.575	-7.903089986991944
257412.606	175	0.58	-7.903089986991944
257794.415	175	0.585	-7.903089986991944
258354.028	175	0.59	-7.903089986991944
258992.152	175	0.595	-7.903089986991944
259425.929	175	0.6	-7.903089986991944
259938.886	175	0.605	-7.903089986991944
260395.271	175	0.61	-7.903089986991944
261131.201	175	0.615	-7.903089986991944
261392.371	175	0.62	-7.903089986991944
261826.938	175	0.625	-7.903089986991944
262284.42	175	0.63	-7.903089986991944
262680.569	175	0.635	-7.903089986991944
263165.36	175	0.64	-7.903089986991944
263746.041	175	0.645	-7.903089986991944
264268.143	175	0.65	-7.903089986991944
265236.292	175	0.655	-7.903089986991944
265799.771	175	0.66	-7.903089986991944
266657.136	175	0.665	-7.903089986991944
267873.714	175	0.67	-7.903089986991944
268353.618	175	0.675	-7.903089986991944
268832.629	175	0.68	-7.903089986991944
269416.857	175	0.685	-7.903089986991944
270285.434	175	0.69	-7.903089986991944
270653.822	175	0.695	-7.903089986991944
271224.143	175	0.7	-7.903089986991944
271928.201	175	0.705	-7.903089986991944
272855.054	175	0.71	-7.903089986991944
273337.184	175	0.715	-7.903089986991944
274342.826	175	0.72	-7.903089986991944
274862.443	175	0.725	-7.903089986991944
275828.262	175	0.73	-7.903089986991944
276598.755	175	0.735	-7.903089986991944
277188.011	175	0.74	-7.903089986991944
278346.7	175	0.745	-7.903089986991944
278757.125	175	0.75	-7.903089986991944
279794.939	175	0.755	-7.903089986991944
281859.12	175	0.76	-7.903089986991944
283177.724	175	0.765	-7.903089986991944
284375.271	175	0.77	-7.903089986991944
285813.152	175	0.775	-7.903089986991944
287231.64	175	0.78	-7.903089986991944
289272.955	175	0.785	-7.903089986991944
290298.314	175	0.79	-7.903089986991944
290832.036	175	0.795	-7.903089986991944
292018.514	175	0.8	-7.903089986991944
292986.02	175	0.805	-7.903089986991944
294084.296	175	0.81	-7.903089986991944
295071.664	175	0.815	-7.903089986991944
296235.71	175	0.82	-7.903089986991944
296904.442	175	0.825	-7.903089986991944
298195.761	175	0.83	-7.903089986991944
299486.455	175	0.835	-7.903089986991944
301064.586	175	0.84	-7.903089986991944
302043.665	175	0.845	-7.903089986991944
304661.011	175	0.85	-7.903089986991944
307124.106	175	0.855	-7.903089986991944
309222.037	175	0.86	-7.903089986991944
313157.634	175	0.865	-7.903089986991944
315250.443	175	0.87	-7.903089986991944
316736.188	175	0.875	-7.903089986991944
317194.591	175	0.88	-7.903089986991944
324257.641	175	0.885	-7.903089986991944
324864.2	175	0.89	-7.903089986991944
328014.681	175	0.895	-7.903089986991944
330506.8	175	0.9	-7.903089986991944
332600.987	175	0.905	-7.903089986991944
335447.843	175	0.91	-7.903089986991944
338053.585	175	0.915	-7.903089986991944
340358.817	175	0.92	-7.903089986991944
341850.332	175	0.925	-7.903089986991944
344099.491	175	0.93	-7.903089986991944
348456.443	175	0.935	-7.903089986991944
349745.047	175	0.94	-7.903089986991944
356456.222	175	0.945	-7.903089986991944
359949.039	175	0.95	-7.903089986991944
364846.003	175	0.955	-7.903089986991944
371192.631	175	0.96	-7.903089986991944
374338.286	175	0.965	-7.903089986991944
385751.714	175	0.97	-7.903089986991944
394193.179	175	0.975	-7.903089986991944
405489.083	175	0.98	-7.903089986991944
413195.907	175	0.985	-7.903089986991944
431722.043	175	0.99	-7.903089986991944
503598.162	175	0.995	-7.903089986991944
261497.214	200	0.5	-7.903089986991944
261653.5	200	0.505	-7.903089986991944
261814.129	200	0.51	-7.903089986991944
262141.781	200	0.515	-7.903089986991944
262804.514	200	0.52	-7.903089986991944
263174.286	200	0.525	-7.903089986991944
264504.329	200	0.53	-7.903089986991944
265681.568	200	0.535	-7.903089986991944
266173.09	200	0.54	-7.903089986991944
267018.41	200	0.545	-7.903089986991944
267666.897	200	0.55	-7.903089986991944
268438.733	200	0.555	-7.903089986991944
268808.611	200	0.56	-7.903089986991944
269125.633	200	0.565	-7.903089986991944
269722.096	200	0.57	-7.903089986991944
270403.857	200	0.575	-7.903089986991944
271058.703	200	0.58	-7.903089986991944
271548.893	200	0.585	-7.903089986991944
271960.714	200	0.59	-7.903089986991944
272402.979	200	0.595	-7.903089986991944
273092.814	200	0.6	-7.903089986991944
273704.243	200	0.605	-7.903089986991944
274808.332	200	0.61	-7.903089986991944
275095.685	200	0.615	-7.903089986991944
275306.771	200	0.62	-7.903089986991944
276108.598	200	0.625	-7.903089986991944
276994.366	200	0.63	-7.903089986991944
277834.384	200	0.635	-7.903089986991944
278500.586	200	0.64	-7.903089986991944
280128.354	200	0.645	-7.903089986991944
280646.682	200	0.65	-7.903089986991944
281228.844	200	0.655	-7.903089986991944
282228.406	200	0.66	-7.903089986991944
282812.028	200	0.665	-7.903089986991944
283494.067	200	0.67	-7.903089986991944
284102.202	200	0.675	-7.903089986991944
284630.914	200	0.68	-7.903089986991944
285159.386	200	0.685	-7.903089986991944
285685.101	200	0.69	-7.903089986991944
286404.586	200	0.695	-7.903089986991944
287122.336	200	0.7	-7.903089986991944
288373.807	200	0.705	-7.903089986991944
289105.314	200	0.71	-7.903089986991944
289766.418	200	0.715	-7.903089986991944
290125.534	200	0.72	-7.903089986991944
290663.854	200	0.725	-7.903089986991944
291805.864	200	0.73	-7.903089986991944
292312.65	200	0.735	-7.903089986991944
293264.686	200	0.74	-7.903089986991944
294532.535	200	0.745	-7.903089986991944
295426.411	200	0.75	-7.903089986991944
296019.986	200	0.755	-7.903089986991944
296993.106	200	0.76	-7.903089986991944
297460.597	200	0.765	-7.903089986991944
298106.7	200	0.77	-7.903089986991944
298756.966	200	0.775	-7.903089986991944
300112.714	200	0.78	-7.903089986991944
301559.259	200	0.785	-7.903089986991944
302146.304	200	0.79	-7.903089986991944
303966.055	200	0.795	-7.903089986991944
305204.343	200	0.8	-7.903089986991944
306788.066	200	0.805	-7.903089986991944
308482.62	200	0.81	-7.903089986991944
309692.615	200	0.815	-7.903089986991944
311856.316	200	0.82	-7.903089986991944
312326.595	200	0.825	-7.903089986991944
314765.941	200	0.83	-7.903089986991944
315612.431	200	0.835	-7.903089986991944
316882.403	200	0.84	-7.903089986991944
318862.25	200	0.845	-7.903089986991944
322483.571	200	0.85	-7.903089986991944
324540.454	200	0.855	-7.903089986991944
325246.086	200	0.86	-7.903089986991944
328308.598	200	0.865	-7.903089986991944
331094.471	200	0.87	-7.903089986991944
334027.75	200	0.875	-7.903089986991944
336110.474	200	0.88	-7.903089986991944
338736.034	200	0.885	-7.903089986991944
340870.581	200	0.89	-7.903089986991944
343718.614	200	0.895	-7.903089986991944
345107.157	200	0.9	-7.903089986991944
348189.079	200	0.905	-7.903089986991944
351084.87	200	0.91	-7.903089986991944
354959.638	200	0.915	-7.903089986991944
357381.097	200	0.92	-7.903089986991944
360669.72	200	0.925	-7.903089986991944
363377.995	200	0.93	-7.903089986991944
365280.693	200	0.935	-7.903089986991944
367567.896	200	0.94	-7.903089986991944
371347.139	200	0.945	-7.903089986991944
381776.004	200	0.95	-7.903089986991944
388637.825	200	0.955	-7.903089986991944
405146.649	200	0.96	-7.903089986991944
412717.2	200	0.965	-7.903089986991944
427691.014	200	0.97	-7.903089986991944
438121.929	200	0.975	-7.903089986991944
461271.113	200	0.98	-7.903089986991944
470581.701	200	0.985	-7.903089986991944
502777.726	200	0.99	-7.903089986991944
514044.735	200	0.995	-7.903089986991944
282121.5	225	0.5	-7.903089986991944
282438.514	225	0.505	-7.903089986991944
283287.529	225	0.51	-7.903089986991944
283534.406	225	0.515	-7.903089986991944
284218.857	225	0.52	-7.903089986991944
284651.807	225	0.525	-7.903089986991944
285592.068	225	0.53	-7.903089986991944
286469.446	225	0.535	-7.903089986991944
286772.6	225	0.54	-7.903089986991944
287248.407	225	0.545	-7.903089986991944
287836.461	225	0.55	-7.903089986991944
288462.075	225	0.555	-7.903089986991944
288899.771	225	0.56	-7.903089986991944
289255.138	225	0.565	-7.903089986991944
289728.371	225	0.57	-7.903089986991944
290247.479	225	0.575	-7.903089986991944
290974.457	225	0.58	-7.903089986991944
292271.497	225	0.585	-7.903089986991944
293174.871	225	0.59	-7.903089986991944
293633.814	225	0.595	-7.903089986991944
293963.686	225	0.6	-7.903089986991944
294688.772	225	0.605	-7.903089986991944
295441.156	225	0.61	-7.903089986991944
295928.165	225	0.615	-7.903089986991944
296354.73	225	0.62	-7.903089986991944
296783.982	225	0.625	-7.903089986991944
298736.071	225	0.63	-7.903089986991944
299486.971	225	0.635	-7.903089986991944
300521.56	225	0.64	-7.903089986991944
301215.825	225	0.645	-7.903089986991944
301611.786	225	0.65	-7.903089986991944
301989.057	225	0.655	-7.903089986991944
302642.747	225	0.66	-7.903089986991944
303661.729	225	0.665	-7.903089986991944
304331.69	225	0.67	-7.903089986991944
305383.93	225	0.675	-7.903089986991944
306342.517	225	0.68	-7.903089986991944
306611.037	225	0.685	-7.903089986991944
308129.725	225	0.69	-7.903089986991944
308417.153	225	0.695	-7.903089986991944
309574.779	225	0.7	-7.903089986991944
311200.207	225	0.705	-7.903089986991944
312680.999	225	0.71	-7.903089986991944
313382.463	225	0.715	-7.903089986991944
315224.723	225	0.72	-7.903089986991944
316083.3	225	0.725	-7.903089986991944
317022.9	225	0.73	-7.903089986991944
318775.229	225	0.735	-7.903089986991944
320066.484	225	0.74	-7.903089986991944
321644.568	225	0.745	-7.903089986991944
322717.929	225	0.75	-7.903089986991944
323577.713	225	0.755	-7.903089986991944
323993.674	225	0.76	-7.903089986991944
325150.299	225	0.765	-7.903089986991944
325612.771	225	0.77	-7.903089986991944
326969.464	225	0.775	-7.903089986991944
328451.989	225	0.78	-7.903089986991944
329138.534	225	0.785	-7.903089986991944
329939.113	225	0.79	-7.903089986991944
331115.336	225	0.795	-7.903089986991944
332542.571	225	0.8	-7.903089986991944
334254.165	225	0.805	-7.903089986991944
335927.129	225	0.81	-7.903089986991944
337398.47	225	0.815	-7.903089986991944
338976.916	225	0.82	-7.903089986991944
340788.132	225	0.825	-7.903089986991944
342344.184	225	0.83	-7.903089986991944
345358.901	225	0.835	-7.903089986991944
346203.371	225	0.84	-7.903089986991944
347348.229	225	0.845	-7.903089986991944
351648.775	225	0.85	-7.903089986991944
353921.115	225	0.855	-7.903089986991944
358275.463	225	0.86	-7.903089986991944
360572.157	225	0.865	-7.903089986991944
362312.911	225	0.87	-7.903089986991944
365373.536	225	0.875	-7.903089986991944
367172.12	225	0.88	-7.903089986991944
375488.152	225	0.885	-7.903089986991944
380522.001	225	0.89	-7.903089986991944
384718.493	225	0.895	-7.903089986991944
389171.457	225	0.9	-7.903089986991944
391676.571	225	0.905	-7.903089986991944
394998.229	225	0.91	-7.903089986991944
397267.609	225	0.915	-7.903089986991944
401026.914	225	0.92	-7.903089986991944
407424.518	225	0.925	-7.903089986991944
414341.801	225	0.93	-7.903089986991944
415864.102	225	0.935	-7.903089986991944
419818.43	225	0.94	-7.903089986991944
425766.995	225	0.945	-7.903089986991944
434413.639	225	0.95	-7.903089986991944
439276.192	225	0.955	-7.903089986991944
448015.203	225	0.96	-7.903089986991944
458982.395	225	0.965	-7.903089986991944
475201.698	225	0.97	-7.903089986991944
481728.677	225	0.975	-7.903089986991944
494930.6	225	0.98	-7.903089986991944
517735.029	225	0.985	-7.903089986991944
542610.671	225	0.99	-7.903089986991944
581014.829	225	0.995	-7.903089986991944
292294.286	250	0.5	-7.903089986991944
292768.343	250	0.505	-7.903089986991944
293390.735	250	0.51	-7.903089986991944
293736.66	250	0.515	-7.903089986991944
294449.314	250	0.52	-7.903089986991944
295487.438	250	0.525	-7.903089986991944
295912.595	250	0.53	-7.903089986991944
296652.429	250	0.535	-7.903089986991944
297386.429	250	0.54	-7.903089986991944
297801.46	250	0.545	-7.903089986991944
298144.864	250	0.55	-7.903089986991944
298496.188	250	0.555	-7.903089986991944
298971.926	250	0.56	-7.903089986991944
299182.25	250	0.565	-7.903089986991944
299991.226	250	0.57	-7.903089986991944
300888.75	250	0.575	-7.903089986991944
301901.17	250	0.58	-7.903089986991944
302298.495	250	0.585	-7.903089986991944
303277.7	250	0.59	-7.903089986991944
304303.787	250	0.595	-7.903089986991944
305219.571	250	0.6	-7.903089986991944
305570.85	250	0.605	-7.903089986991944
306577.284	250	0.61	-7.903089986991944
307160.839	250	0.615	-7.903089986991944
307617.6	250	0.62	-7.903089986991944
308171.25	250	0.625	-7.903089986991944
309476.49	250	0.63	-7.903089986991944
309994.805	250	0.635	-7.903089986991944
311190.686	250	0.64	-7.903089986991944
312258.175	250	0.645	-7.903089986991944
312619.5	250	0.65	-7.903089986991944
313249.479	250	0.655	-7.903089986991944
313833.281	250	0.66	-7.903089986991944
315754.65	250	0.665	-7.903089986991944
317502.694	250	0.67	-7.903089986991944
318404.68	250	0.675	-7.903089986991944
319418.651	250	0.68	-7.903089986991944
319936.807	250	0.685	-7.903089986991944
321515.921	250	0.69	-7.903089986991944
322168.556	250	0.695	-7.903089986991944
323508.686	250	0.7	-7.903089986991944
324001.693	250	0.705	-7.903089986991944
324629.988	250	0.71	-7.903089986991944
325320.267	250	0.715	-7.903089986991944
326825.206	250	0.72	-7.903089986991944
327358.568	250	0.725	-7.903089986991944
327892.566	250	0.73	-7.903089986991944
329316.355	250	0.735	-7.903089986991944
330343.704	250	0.74	-7.903089986991944
331186.926	250	0.745	-7.903089986991944
333402.464	250	0.75	-7.903089986991944
335384.779	250	0.755	-7.903089986991944
336260.289	250	0.76	-7.903089986991944
339002.986	250	0.765	-7.903089986991944
340017.533	250	0.77	-7.903089986991944
340591.286	250	0.775	-7.903089986991944
342190.401	250	0.78	-7.903089986991944
344203.484	250	0.785	-7.903089986991944
346220.801	250	0.79	-7.903089986991944
347364.729	250	0.795	-7.903089986991944
349860.129	250	0.8	-7.903089986991944
351026.671	250	0.805	-7.903089986991944
351935.892	250	0.81	-7.903089986991944
355413.429	250	0.815	-7.903089986991944
359571.85	250	0.82	-7.903089986991944
360879.252	250	0.825	-7.903089986991944
362446.615	250	0.83	-7.903089986991944
364961.774	250	0.835	-7.903089986991944
367835.726	250	0.84	-7.903089986991944
371217.736	250	0.845	-7.903089986991944
373872.225	250	0.85	-7.903089986991944
378150.868	250	0.855	-7.903089986991944
380418.643	250	0.86	-7.903089986991944
382820.679	250	0.865	-7.903089986991944
384437.166	250	0.87	-7.903089986991944
386254.929	250	0.875	-7.903089986991944
388691.28	250	0.88	-7.903089986991944
389434.895	250	0.885	-7.903089986991944
396505.627	250	0.89	-7.903089986991944
400506.789	250	0.895	-7.903089986991944
406575.286	250	0.9	-7.903089986991944
412671.86	250	0.905	-7.903089986991944
418465.13	250	0.91	-7.903089986991944
421276.606	250	0.915	-7.903089986991944
424464.051	250	0.92	-7.903089986991944
429247.936	250	0.925	-7.903089986991944
437923.114	250	0.93	-7.903089986991944
445001.202	250	0.935	-7.903089986991944
452355.939	250	0.94	-7.903089986991944
460960.589	250	0.945	-7.903089986991944
466920.214	250	0.95	-7.903089986991944
473540.269	250	0.955	-7.903089986991944
478171.474	250	0.96	-7.903089986991944
488152.325	250	0.965	-7.903089986991944
497921.19	250	0.97	-7.903089986991944
515521.964	250	0.975	-7.903089986991944
545066.571	250	0.98	-7.903089986991944
564811.162	250	0.985	-7.903089986991944
590909.887	250	0.99	-7.903089986991944
624421.708	250	0.995	-7.903089986991944
306068.643	275	0.5	-7.903089986991944
306976.2	275	0.505	-7.903089986991944
308808.027	275	0.51	-7.903089986991944
309716.606	275	0.515	-7.903089986991944
311117.006	275	0.52	-7.903089986991944
312572.321	275	0.525	-7.903089986991944
313507.057	275	0.53	-7.903089986991944
313872.781	275	0.535	-7.903089986991944
314708.989	275	0.54	-7.903089986991944
315720.304	275	0.545	-7.903089986991944
316482.0	275	0.55	-7.903089986991944
317181.351	275	0.555	-7.903089986991944
318543.429	275	0.56	-7.903089986991944
319559.795	275	0.565	-7.903089986991944
319950.674	275	0.57	-7.903089986991944
321073.918	275	0.575	-7.903089986991944
321848.914	275	0.58	-7.903089986991944
323224.563	275	0.585	-7.903089986991944
323949.3	275	0.59	-7.903089986991944
324991.1	275	0.595	-7.903089986991944
325964.071	275	0.6	-7.903089986991944
326652.014	275	0.605	-7.903089986991944
327324.433	275	0.61	-7.903089986991944
328475.521	275	0.615	-7.903089986991944
328881.246	275	0.62	-7.903089986991944
329491.205	275	0.625	-7.903089986991944
331374.737	275	0.63	-7.903089986991944
332051.355	275	0.635	-7.903089986991944
333397.594	275	0.64	-7.903089986991944
335227.775	275	0.645	-7.903089986991944
336481.021	275	0.65	-7.903089986991944
337000.604	275	0.655	-7.903089986991944
338006.99	275	0.66	-7.903089986991944
339300.059	275	0.665	-7.903089986991944
340384.176	275	0.67	-7.903089986991944
342171.209	275	0.675	-7.903089986991944
343081.017	275	0.68	-7.903089986991944
343473.831	275	0.685	-7.903089986991944
344729.314	275	0.69	-7.903089986991944
346070.143	275	0.695	-7.903089986991944
346435.307	275	0.7	-7.903089986991944
347432.221	275	0.705	-7.903089986991944
348740.957	275	0.71	-7.903089986991944
349404.444	275	0.715	-7.903089986991944
350310.286	275	0.72	-7.903089986991944
351029.714	275	0.725	-7.903089986991944
351973.434	275	0.73	-7.903089986991944
352898.211	275	0.735	-7.903089986991944
354925.994	275	0.74	-7.903089986991944
356757.93	275	0.745	-7.903089986991944
359136.643	275	0.75	-7.903089986991944
360195.594	275	0.755	-7.903089986991944
361634.711	275	0.76	-7.903089986991944
363000.309	275	0.765	-7.903089986991944
364602.853	275	0.77	-7.903089986991944
366376.614	275	0.775	-7.903089986991944
368789.209	275	0.78	-7.903089986991944
370505.251	275	0.785	-7.903089986991944
371406.157	275	0.79	-7.903089986991944
373431.736	275	0.795	-7.903089986991944
374383.714	275	0.8	-7.903089986991944
375347.886	275	0.805	-7.903089986991944
377253.698	275	0.81	-7.903089986991944
378512.628	275	0.815	-7.903089986991944
380020.364	275	0.82	-7.903089986991944
383501.536	275	0.825	-7.903089986991944
385056.571	275	0.83	-7.903089986991944
387149.255	275	0.835	-7.903089986991944
388216.746	275	0.84	-7.903089986991944
389857.336	275	0.845	-7.903089986991944
395077.011	275	0.85	-7.903089986991944
398720.543	275	0.855	-7.903089986991944
400830.846	275	0.86	-7.903089986991944
405315.957	275	0.865	-7.903089986991944
406283.034	275	0.87	-7.903089986991944
409972.92	275	0.875	-7.903089986991944
411237.2	275	0.88	-7.903089986991944
413135.117	275	0.885	-7.903089986991944
418031.808	275	0.89	-7.903089986991944
420927.907	275	0.895	-7.903089986991944
425660.829	275	0.9	-7.903089986991944
433817.058	275	0.905	-7.903089986991944
440348.544	275	0.91	-7.903089986991944
448775.225	275	0.915	-7.903089986991944
454833.257	275	0.92	-7.903089986991944
462738.659	275	0.925	-7.903089986991944
469605.619	275	0.93	-7.903089986991944
477314.595	275	0.935	-7.903089986991944
492782.621	275	0.94	-7.903089986991944
498318.679	275	0.945	-7.903089986991944
505302.361	275	0.95	-7.903089986991944
516091.421	275	0.955	-7.903089986991944
522187.634	275	0.96	-7.903089986991944
532557.73	275	0.965	-7.903089986991944
548311.857	275	0.97	-7.903089986991944
559642.436	275	0.975	-7.903089986991944
577051.067	275	0.98	-7.903089986991944
594333.2	275	0.985	-7.903089986991944
606878.571	275	0.99	-7.903089986991944
635896.071	275	0.995	-7.903089986991944
315302.893	300	0.5	-7.903089986991944
315918.429	300	0.505	-7.903089986991944
316879.506	300	0.51	-7.903089986991944
317814.714	300	0.515	-7.903089986991944
318061.663	300	0.52	-7.903089986991944
318916.384	300	0.525	-7.903089986991944
319860.781	300	0.53	-7.903089986991944
321010.286	300	0.535	-7.903089986991944
321913.229	300	0.54	-7.903089986991944
322493.907	300	0.545	-7.903089986991944
322914.104	300	0.55	-7.903089986991944
323729.952	300	0.555	-7.903089986991944
325266.84	300	0.56	-7.903089986991944
325893.785	300	0.565	-7.903089986991944
326643.578	300	0.57	-7.903089986991944
327332.913	300	0.575	-7.903089986991944
327942.4	300	0.58	-7.903089986991944
328597.421	300	0.585	-7.903089986991944
329811.914	300	0.59	-7.903089986991944
330184.208	300	0.595	-7.903089986991944
331015.429	300	0.6	-7.903089986991944
332210.265	300	0.605	-7.903089986991944
333018.359	300	0.61	-7.903089986991944
333603.578	300	0.615	-7.903089986991944
334859.024	300	0.62	-7.903089986991944
335612.08	300	0.625	-7.903089986991944
336962.561	300	0.63	-7.903089986991944
337923.718	300	0.635	-7.903089986991944
338803.803	300	0.64	-7.903089986991944
339505.099	300	0.645	-7.903089986991944
340101.543	300	0.65	-7.903089986991944
341098.98	300	0.655	-7.903089986991944
341762.681	300	0.66	-7.903089986991944
343263.664	300	0.665	-7.903089986991944
343892.261	300	0.67	-7.903089986991944
344819.443	300	0.675	-7.903089986991944
346297.571	300	0.68	-7.903089986991944
346970.472	300	0.685	-7.903089986991944
347458.706	300	0.69	-7.903089986991944
349023.351	300	0.695	-7.903089986991944
349800.886	300	0.7	-7.903089986991944
350809.78	300	0.705	-7.903089986991944
351680.411	300	0.71	-7.903089986991944
353146.563	300	0.715	-7.903089986991944
353835.606	300	0.72	-7.903089986991944
355491.629	300	0.725	-7.903089986991944
356561.736	300	0.73	-7.903089986991944
357800.636	300	0.735	-7.903089986991944
359114.317	300	0.74	-7.903089986991944
359947.221	300	0.745	-7.903089986991944
362441.071	300	0.75	-7.903089986991944
363082.657	300	0.755	-7.903089986991944
365006.531	300	0.76	-7.903089986991944
365794.443	300	0.765	-7.903089986991944
367122.021	300	0.77	-7.903089986991944
368409.913	300	0.775	-7.903089986991944
369527.954	300	0.78	-7.903089986991944
372329.544	300	0.785	-7.903089986991944
373571.729	300	0.79	-7.903089986991944
375003.83	300	0.795	-7.903089986991944
379209.771	300	0.8	-7.903089986991944
381801.78	300	0.805	-7.903089986991944
382317.1	300	0.81	-7.903089986991944
384450.396	300	0.815	-7.903089986991944
385274.2	300	0.82	-7.903089986991944
386824.786	300	0.825	-7.903089986991944
388170.643	300	0.83	-7.903089986991944
390345.437	300	0.835	-7.903089986991944
392563.323	300	0.84	-7.903089986991944
396045.175	300	0.845	-7.903089986991944
397145.714	300	0.85	-7.903089986991944
398912.69	300	0.855	-7.903089986991944
401008.959	300	0.86	-7.903089986991944
404728.229	300	0.865	-7.903089986991944
407677.114	300	0.87	-7.903089986991944
411610.232	300	0.875	-7.903089986991944
416648.366	300	0.88	-7.903089986991944
421809.172	300	0.885	-7.903089986991944
423992.485	300	0.89	-7.903089986991944
431499.171	300	0.895	-7.903089986991944
435484.4	300	0.9	-7.903089986991944
440475.116	300	0.905	-7.903089986991944
443862.6	300	0.91	-7.903089986991944
450237.721	300	0.915	-7.903089986991944
453802.389	300	0.92	-7.903089986991944
460206.413	300	0.925	-7.903089986991944
466562.427	300	0.93	-7.903089986991944
471457.871	300	0.935	-7.903089986991944
478117.896	300	0.94	-7.903089986991944
484682.646	300	0.945	-7.903089986991944
499556.068	300	0.95	-7.903089986991944
503423.513	300	0.955	-7.903089986991944
519286.057	300	0.96	-7.903089986991944
522418.25	300	0.965	-7.903089986991944
549513.784	300	0.97	-7.903089986991944
557770.288	300	0.975	-7.903089986991944
577366.687	300	0.98	-7.903089986991944
603216.3	300	0.985	-7.903089986991944
655619.443	300	0.99	-7.903089986991944
672143.584	300	0.995	-7.903089986991944
334867.857	325	0.5	-7.903089986991944
336260.629	325	0.505	-7.903089986991944
336799.943	325	0.51	-7.903089986991944
337375.657	325	0.515	-7.903089986991944
337904.549	325	0.52	-7.903089986991944
339274.78	325	0.525	-7.903089986991944
339967.779	325	0.53	-7.903089986991944
340710.87	325	0.535	-7.903089986991944
341909.373	325	0.54	-7.903089986991944
342959.632	325	0.545	-7.903089986991944
344257.332	325	0.55	-7.903089986991944
344854.457	325	0.555	-7.903089986991944
345320.034	325	0.56	-7.903089986991944
345987.761	325	0.565	-7.903089986991944
347552.545	325	0.57	-7.903089986991944
348343.245	325	0.575	-7.903089986991944
349818.619	325	0.58	-7.903089986991944
350991.804	325	0.585	-7.903089986991944
352259.756	325	0.59	-7.903089986991944
353343.159	325	0.595	-7.903089986991944
353939.471	325	0.6	-7.903089986991944
354626.95	325	0.605	-7.903089986991944
355267.042	325	0.61	-7.903089986991944
355846.564	325	0.615	-7.903089986991944
356727.101	325	0.62	-7.903089986991944
357499.33	325	0.625	-7.903089986991944
357964.343	325	0.63	-7.903089986991944
359984.786	325	0.635	-7.903089986991944
361223.751	325	0.64	-7.903089986991944
362455.129	325	0.645	-7.903089986991944
363967.532	325	0.65	-7.903089986991944
364391.973	325	0.655	-7.903089986991944
366116.589	325	0.66	-7.903089986991944
367436.655	325	0.665	-7.903089986991944
368284.671	325	0.67	-7.903089986991944
369004.455	325	0.675	-7.903089986991944
370031.431	325	0.68	-7.903089986991944
372617.892	325	0.685	-7.903089986991944
374183.7	325	0.69	-7.903089986991944
374891.985	325	0.695	-7.903089986991944
376246.0	325	0.7	-7.903089986991944
378320.492	325	0.705	-7.903089986991944
379247.136	325	0.71	-7.903089986991944
380647.03	325	0.715	-7.903089986991944
382824.826	325	0.72	-7.903089986991944
384240.873	325	0.725	-7.903089986991944
385341.886	325	0.73	-7.903089986991944
386480.645	325	0.735	-7.903089986991944
387611.081	325	0.74	-7.903089986991944
388605.616	325	0.745	-7.903089986991944
390032.893	325	0.75	-7.903089986991944
391971.886	325	0.755	-7.903089986991944
392533.009	325	0.76	-7.903089986991944
393487.384	325	0.765	-7.903089986991944
394127.465	325	0.77	-7.903089986991944
395534.532	325	0.775	-7.903089986991944
396891.344	325	0.78	-7.903089986991944
397794.079	325	0.785	-7.903089986991944
399683.337	325	0.79	-7.903089986991944
400355.178	325	0.795	-7.903089986991944
401683.429	325	0.8	-7.903089986991944
402863.21	325	0.805	-7.903089986991944
406908.971	325	0.81	-7.903089986991944
409590.087	325	0.815	-7.903089986991944
411863.244	325	0.82	-7.903089986991944
414650.832	325	0.825	-7.903089986991944
415781.95	325	0.83	-7.903089986991944
419308.795	325	0.835	-7.903089986991944
422029.523	325	0.84	-7.903089986991944
427429.737	325	0.845	-7.903089986991944
431526.357	325	0.85	-7.903089986991944
435291.992	325	0.855	-7.903089986991944
439103.09	325	0.86	-7.903089986991944
441982.5	325	0.865	-7.903089986991944
444438.557	325	0.87	-7.903089986991944
447959.357	325	0.875	-7.903089986991944
449307.023	325	0.88	-7.903089986991944
452757.12	325	0.885	-7.903089986991944
458793.33	325	0.89	-7.903089986991944
463979.264	325	0.895	-7.903089986991944
467553.571	325	0.9	-7.903089986991944
472226.015	325	0.905	-7.903089986991944
475534.321	325	0.91	-7.903089986991944
484704.082	325	0.915	-7.903089986991944
489394.0	325	0.92	-7.903089986991944
501232.193	325	0.925	-7.903089986991944
512430.325	325	0.93	-7.903089986991944
529714.793	325	0.935	-7.903089986991944
536290.234	325	0.94	-7.903089986991944
550366.3	325	0.945	-7.903089986991944
557611.814	325	0.95	-7.903089986991944
563635.66	325	0.955	-7.903089986991944
589596.454	325	0.96	-7.903089986991944
599982.812	325	0.965	-7.903089986991944
617711.571	325	0.97	-7.903089986991944
630074.57	325	0.975	-7.903089986991944
635620.143	325	0.98	-7.903089986991944
647942.237	325	0.985	-7.903089986991944
673512.001	325	0.99	-7.903089986991944
714644.686	325	0.995	-7.903089986991944
348339.286	350	0.5	-7.903089986991944
349878.286	350	0.505	-7.903089986991944
350559.127	350	0.51	-7.903089986991944
351266.294	350	0.515	-7.903089986991944
351986.457	350	0.52	-7.903089986991944
352845.077	350	0.525	-7.903089986991944
353717.821	350	0.53	-7.903089986991944
354549.46	350	0.535	-7.903089986991944
355044.796	350	0.54	-7.903089986991944
355566.632	350	0.545	-7.903089986991944
355897.611	350	0.55	-7.903089986991944
357007.381	350	0.555	-7.903089986991944
358499.42	350	0.56	-7.903089986991944
359187.898	350	0.565	-7.903089986991944
360465.784	350	0.57	-7.903089986991944
361399.002	350	0.575	-7.903089986991944
362110.473	350	0.58	-7.903089986991944
362897.53	350	0.585	-7.903089986991944
363549.271	350	0.59	-7.903089986991944
364217.008	350	0.595	-7.903089986991944
365273.829	350	0.6	-7.903089986991944
366298.929	350	0.605	-7.903089986991944
367451.586	350	0.61	-7.903089986991944
368489.521	350	0.615	-7.903089986991944
369541.561	350	0.62	-7.903089986991944
371779.786	350	0.625	-7.903089986991944
372854.398	350	0.63	-7.903089986991944
373654.217	350	0.635	-7.903089986991944
375229.777	350	0.64	-7.903089986991944
376131.804	350	0.645	-7.903089986991944
376925.668	350	0.65	-7.903089986991944
378607.75	350	0.655	-7.903089986991944
379421.927	350	0.66	-7.903089986991944
381793.207	350	0.665	-7.903089986991944
383172.354	350	0.67	-7.903089986991944
385309.023	350	0.675	-7.903089986991944
387179.143	350	0.68	-7.903089986991944
388179.408	350	0.685	-7.903089986991944
390635.531	350	0.69	-7.903089986991944
393378.129	350	0.695	-7.903089986991944
395584.271	350	0.7	-7.903089986991944
396439.314	350	0.705	-7.903089986991944
397101.787	350	0.71	-7.903089986991944
398800.229	350	0.715	-7.903089986991944
400931.137	350	0.72	-7.903089986991944
402149.127	350	0.725	-7.903089986991944
403721.163	350	0.73	-7.903089986991944
404643.315	350	0.735	-7.903089986991944
405181.413	350	0.74	-7.903089986991944
407517.879	350	0.745	-7.903089986991944
409628.268	350	0.75	-7.903089986991944
411300.734	350	0.755	-7.903089986991944
413628.914	350	0.76	-7.903089986991944
416784.799	350	0.765	-7.903089986991944
418112.914	350	0.77	-7.903089986991944
420377.425	350	0.775	-7.903089986991944
421398.8	350	0.78	-7.903089986991944
424465.226	350	0.785	-7.903089986991944
425117.128	350	0.79	-7.903089986991944
426121.98	350	0.795	-7.903089986991944
428217.714	350	0.8	-7.903089986991944
430080.007	350	0.805	-7.903089986991944
432353.206	350	0.81	-7.903089986991944
433710.913	350	0.815	-7.903089986991944
436015.114	350	0.82	-7.903089986991944
438813.439	350	0.825	-7.903089986991944
439914.701	350	0.83	-7.903089986991944
442134.593	350	0.835	-7.903089986991944
445173.166	350	0.84	-7.903089986991944
451983.921	350	0.845	-7.903089986991944
455524.143	350	0.85	-7.903089986991944
457561.516	350	0.855	-7.903089986991944
460428.111	350	0.86	-7.903089986991944
463115.066	350	0.865	-7.903089986991944
466460.809	350	0.87	-7.903089986991944
472292.384	350	0.875	-7.903089986991944
475336.414	350	0.88	-7.903089986991944
477342.953	350	0.885	-7.903089986991944
480878.457	350	0.89	-7.903089986991944
485169.37	350	0.895	-7.903089986991944
491186.093	350	0.9	-7.903089986991944
495586.186	350	0.905	-7.903089986991944
502642.229	350	0.91	-7.903089986991944
507222.158	350	0.915	-7.903089986991944
511362.057	350	0.92	-7.903089986991944
516660.904	350	0.925	-7.903089986991944
519949.029	350	0.93	-7.903089986991944
525021.592	350	0.935	-7.903089986991944
528961.947	350	0.94	-7.903089986991944
535227.221	350	0.945	-7.903089986991944
545099.793	350	0.95	-7.903089986991944
560953.262	350	0.955	-7.903089986991944
566094.249	350	0.96	-7.903089986991944
580601.859	350	0.965	-7.903089986991944
616121.443	350	0.97	-7.903089986991944
631198.107	350	0.975	-7.903089986991944
655367.18	350	0.98	-7.903089986991944
679222.445	350	0.985	-7.903089986991944
707433.771	350	0.99	-7.903089986991944
732135.693	350	0.995	-7.903089986991944
364452.893	375	0.5	-7.903089986991944
366248.157	375	0.505	-7.903089986991944
366717.398	375	0.51	-7.903089986991944
367683.27	375	0.515	-7.903089986991944
368432.703	375	0.52	-7.903089986991944
369674.25	375	0.525	-7.903089986991944
370522.948	375	0.53	-7.903089986991944
371465.261	375	0.535	-7.903089986991944
372624.464	375	0.54	-7.903089986991944
374396.221	375	0.545	-7.903089986991944
375615.411	375	0.55	-7.903089986991944
376040.758	375	0.555	-7.903089986991944
376462.623	375	0.56	-7.903089986991944
377193.147	375	0.565	-7.903089986991944
378501.909	375	0.57	-7.903089986991944
379205.78	375	0.575	-7.903089986991944
379991.353	375	0.58	-7.903089986991944
381516.191	375	0.585	-7.903089986991944
381988.077	375	0.59	-7.903089986991944
382635.6	375	0.595	-7.903089986991944
383769.371	375	0.6	-7.903089986991944
384082.921	375	0.605	-7.903089986991944
384940.443	375	0.61	-7.903089986991944
386095.227	375	0.615	-7.903089986991944
387689.246	375	0.62	-7.903089986991944
388717.545	375	0.625	-7.903089986991944
390004.671	375	0.63	-7.903089986991944
391762.643	375	0.635	-7.903089986991944
393306.911	375	0.64	-7.903089986991944
395297.357	375	0.645	-7.903089986991944
396148.021	375	0.65	-7.903089986991944
397361.088	375	0.655	-7.903089986991944
399106.054	375	0.66	-7.903089986991944
400504.064	375	0.665	-7.903089986991944
401646.954	375	0.67	-7.903089986991944
404390.389	375	0.675	-7.903089986991944
405349.9	375	0.68	-7.903089986991944
406760.545	375	0.685	-7.903089986991944
407979.857	375	0.69	-7.903089986991944
408997.942	375	0.695	-7.903089986991944
410454.879	375	0.7	-7.903089986991944
411494.792	375	0.705	-7.903089986991944
412008.999	375	0.71	-7.903089986991944
413438.278	375	0.715	-7.903089986991944
414869.237	375	0.72	-7.903089986991944
416754.623	375	0.725	-7.903089986991944
421376.901	375	0.73	-7.903089986991944
423839.805	375	0.735	-7.903089986991944
426351.153	375	0.74	-7.903089986991944
428596.56	375	0.745	-7.903089986991944
431090.964	375	0.75	-7.903089986991944
433386.128	375	0.755	-7.903089986991944
434113.371	375	0.76	-7.903089986991944
435426.931	375	0.765	-7.903089986991944
438042.102	375	0.77	-7.903089986991944
439160.021	375	0.775	-7.903089986991944
441070.716	375	0.78	-7.903089986991944
442164.023	375	0.785	-7.903089986991944
444023.383	375	0.79	-7.903089986991944
446076.456	375	0.795	-7.903089986991944
446965.771	375	0.8	-7.903089986991944
449570.629	375	0.805	-7.903089986991944
452171.644	375	0.81	-7.903089986991944
453953.548	375	0.815	-7.903089986991944
457636.453	375	0.82	-7.903089986991944
458761.004	375	0.825	-7.903089986991944
460510.199	375	0.83	-7.903089986991944
463173.015	375	0.835	-7.903089986991944
466132.377	375	0.84	-7.903089986991944
469888.454	375	0.845	-7.903089986991944
473651.489	375	0.85	-7.903089986991944
477133.408	375	0.855	-7.903089986991944
480156.084	375	0.86	-7.903089986991944
482825.386	375	0.865	-7.903089986991944
487740.214	375	0.87	-7.903089986991944
493947.75	375	0.875	-7.903089986991944
496932.891	375	0.88	-7.903089986991944
501649.248	375	0.885	-7.903089986991944
507824.041	375	0.89	-7.903089986991944
516180.685	375	0.895	-7.903089986991944
522891.414	375	0.9	-7.903089986991944
528465.109	375	0.905	-7.903089986991944
534619.686	375	0.91	-7.903089986991944
546153.615	375	0.915	-7.903089986991944
553451.726	375	0.92	-7.903089986991944
561325.148	375	0.925	-7.903089986991944
576821.451	375	0.93	-7.903089986991944
585995.407	375	0.935	-7.903089986991944
594794.739	375	0.94	-7.903089986991944
600678.625	375	0.945	-7.903089986991944
616194.593	375	0.95	-7.903089986991944
627425.326	375	0.955	-7.903089986991944
659702.034	375	0.96	-7.903089986991944
669886.104	375	0.965	-7.903089986991944
681340.047	375	0.97	-7.903089986991944
690841.734	375	0.975	-7.903089986991944
697644.429	375	0.98	-7.903089986991944
738856.579	375	0.985	-7.903089986991944
783998.4	375	0.99	-7.903089986991944
876603.589	375	0.995	-7.903089986991944
376759.464	400	0.5	-7.903089986991944
377266.889	400	0.505	-7.903089986991944
378620.129	400	0.51	-7.903089986991944
379517.286	400	0.515	-7.903089986991944
380360.523	400	0.52	-7.903089986991944
382467.321	400	0.525	-7.903089986991944
383144.157	400	0.53	-7.903089986991944
383814.488	400	0.535	-7.903089986991944
384528.001	400	0.54	-7.903089986991944
385348.804	400	0.545	-7.903089986991944
386079.279	400	0.55	-7.903089986991944
387330.551	400	0.555	-7.903089986991944
388207.206	400	0.56	-7.903089986991944
389060.933	400	0.565	-7.903089986991944
390273.171	400	0.57	-7.903089986991944
391543.132	400	0.575	-7.903089986991944
392837.886	400	0.58	-7.903089986991944
395246.408	400	0.585	-7.903089986991944
396197.012	400	0.59	-7.903089986991944
397638.541	400	0.595	-7.903089986991944
398276.4	400	0.6	-7.903089986991944
399310.922	400	0.605	-7.903089986991944
400605.384	400	0.61	-7.903089986991944
402009.86	400	0.615	-7.903089986991944
402639.143	400	0.62	-7.903089986991944
403115.768	400	0.625	-7.903089986991944
405150.419	400	0.63	-7.903089986991944
407078.186	400	0.635	-7.903089986991944
408358.746	400	0.64	-7.903089986991944
409251.939	400	0.645	-7.903089986991944
410402.668	400	0.65	-7.903089986991944
412398.279	400	0.655	-7.903089986991944
415430.121	400	0.66	-7.903089986991944
416680.648	400	0.665	-7.903089986991944
419709.605	400	0.67	-7.903089986991944
421542.488	400	0.675	-7.903089986991944
422716.309	400	0.68	-7.903089986991944
423453.794	400	0.685	-7.903089986991944
425770.029	400	0.69	-7.903089986991944
426988.75	400	0.695	-7.903089986991944
428142.386	400	0.7	-7.903089986991944
428847.608	400	0.705	-7.903089986991944
430689.671	400	0.71	-7.903089986991944
431741.392	400	0.715	-7.903089986991944
433386.217	400	0.72	-7.903089986991944
434882.277	400	0.725	-7.903089986991944
436366.324	400	0.73	-7.903089986991944
439520.647	400	0.735	-7.903089986991944
441504.229	400	0.74	-7.903089986991944
442358.61	400	0.745	-7.903089986991944
444051.536	400	0.75	-7.903089986991944
447059.953	400	0.755	-7.903089986991944
450190.689	400	0.76	-7.903089986991944
451705.934	400	0.765	-7.903089986991944
455701.784	400	0.77	-7.903089986991944
456998.568	400	0.775	-7.903089986991944
460263.613	400	0.78	-7.903089986991944
461950.671	400	0.785	-7.903089986991944
465425.291	400	0.79	-7.903089986991944
468804.007	400	0.795	-7.903089986991944
476222.571	400	0.8	-7.903089986991944
478726.679	400	0.805	-7.903089986991944
481445.101	400	0.81	-7.903089986991944
483295.171	400	0.815	-7.903089986991944
485781.597	400	0.82	-7.903089986991944
487904.809	400	0.825	-7.903089986991944
493203.159	400	0.83	-7.903089986991944
495857.913	400	0.835	-7.903089986991944
501665.6	400	0.84	-7.903089986991944
507801.253	400	0.845	-7.903089986991944
512449.582	400	0.85	-7.903089986991944
518550.025	400	0.855	-7.903089986991944
521887.167	400	0.86	-7.903089986991944
526875.676	400	0.865	-7.903089986991944
530792.775	400	0.87	-7.903089986991944
533324.946	400	0.875	-7.903089986991944
539545.951	400	0.88	-7.903089986991944
544323.216	400	0.885	-7.903089986991944
553390.549	400	0.89	-7.903089986991944
560841.036	400	0.895	-7.903089986991944
569008.429	400	0.9	-7.903089986991944
574246.951	400	0.905	-7.903089986991944
584650.686	400	0.91	-7.903089986991944
588291.157	400	0.915	-7.903089986991944
593128.366	400	0.92	-7.903089986991944
603512.054	400	0.925	-7.903089986991944
613087.754	400	0.93	-7.903089986991944
623123.145	400	0.935	-7.903089986991944
631397.217	400	0.94	-7.903089986991944
644070.26	400	0.945	-7.903089986991944
653214.429	400	0.95	-7.903089986991944
660658.68	400	0.955	-7.903089986991944
681231.931	400	0.96	-7.903089986991944
690295.869	400	0.965	-7.903089986991944
700173.402	400	0.97	-7.903089986991944
748665.595	400	0.975	-7.903089986991944
760703.971	400	0.98	-7.903089986991944
772513.075	400	0.985	-7.903089986991944
802687.5	400	0.99	-7.903089986991944
853856.376	400	0.995	-7.903089986991944
392625.75	425	0.5	-7.903089986991944
393822.284	425	0.505	-7.903089986991944
395201.374	425	0.51	-7.903089986991944
397133.501	425	0.515	-7.903089986991944
398338.277	425	0.52	-7.903089986991944
399099.759	425	0.525	-7.903089986991944
400655.686	425	0.53	-7.903089986991944
402154.905	425	0.535	-7.903089986991944
403892.07	425	0.54	-7.903089986991944
405407.89	425	0.545	-7.903089986991944
406910.214	425	0.55	-7.903089986991944
407562.86	425	0.555	-7.903089986991944
409790.291	425	0.56	-7.903089986991944
411171.45	425	0.565	-7.903089986991944
411940.631	425	0.57	-7.903089986991944
413150.486	425	0.575	-7.903089986991944
413932.183	425	0.58	-7.903089986991944
415069.954	425	0.585	-7.903089986991944
416557.571	425	0.59	-7.903089986991944
417251.464	425	0.595	-7.903089986991944
418891.486	425	0.6	-7.903089986991944
420819.049	425	0.605	-7.903089986991944
421994.096	425	0.61	-7.903089986991944
423435.306	425	0.615	-7.903089986991944
424634.807	425	0.62	-7.903089986991944
425940.25	425	0.625	-7.903089986991944
426636.479	425	0.63	-7.903089986991944
429518.652	425	0.635	-7.903089986991944
430890.857	425	0.64	-7.903089986991944
432461.608	425	0.645	-7.903089986991944
434601.089	425	0.65	-7.903089986991944
436262.407	425	0.655	-7.903089986991944
437585.01	425	0.66	-7.903089986991944
438705.976	425	0.665	-7.903089986991944
441379.901	425	0.67	-7.903089986991944
442970.523	425	0.675	-7.903089986991944
443699.954	425	0.68	-7.903089986991944
445693.714	425	0.685	-7.903089986991944
448042.086	425	0.69	-7.903089986991944
450319.999	425	0.695	-7.903089986991944
452629.879	425	0.7	-7.903089986991944
453512.007	425	0.705	-7.903089986991944
453821.654	425	0.71	-7.903089986991944
455944.653	425	0.715	-7.903089986991944
458754.343	425	0.72	-7.903089986991944
460593.036	425	0.725	-7.903089986991944
462250.37	425	0.73	-7.903089986991944
464745.162	425	0.735	-7.903089986991944
467295.114	425	0.74	-7.903089986991944
468817.318	425	0.745	-7.903089986991944
471597.804	425	0.75	-7.903089986991944
474455.964	425	0.755	-7.903089986991944
475643.529	425	0.76	-7.903089986991944
477091.167	425	0.765	-7.903089986991944
480592.902	425	0.77	-7.903089986991944
482119.845	425	0.775	-7.903089986991944
486491.3	425	0.78	-7.903089986991944
488003.276	425	0.785	-7.903089986991944
491412.314	425	0.79	-7.903089986991944
493455.858	425	0.795	-7.903089986991944
498390.514	425	0.8	-7.903089986991944
500881.363	425	0.805	-7.903089986991944
502656.304	425	0.81	-7.903089986991944
508037.221	425	0.815	-7.903089986991944
510836.569	425	0.82	-7.903089986991944
513554.664	425	0.825	-7.903089986991944
516602.844	425	0.83	-7.903089986991944
522577.778	425	0.835	-7.903089986991944
525275.2	425	0.84	-7.903089986991944
531168.968	425	0.845	-7.903089986991944
533948.493	425	0.85	-7.903089986991944
537914.336	425	0.855	-7.903089986991944
539545.359	425	0.86	-7.903089986991944
542340.986	425	0.865	-7.903089986991944
546072.185	425	0.87	-7.903089986991944
551101.509	425	0.875	-7.903089986991944
557629.934	425	0.88	-7.903089986991944
559389.833	425	0.885	-7.903089986991944
568050.944	425	0.89	-7.903089986991944
575721.3	425	0.895	-7.903089986991944
578800.429	425	0.9	-7.903089986991944
583030.334	425	0.905	-7.903089986991944
590213.764	425	0.91	-7.903089986991944
594342.989	425	0.915	-7.903089986991944
605266.571	425	0.92	-7.903089986991944
620657.011	425	0.925	-7.903089986991944
627447.91	425	0.93	-7.903089986991944
635386.164	425	0.935	-7.903089986991944
647883.714	425	0.94	-7.903089986991944
664291.203	425	0.945	-7.903089986991944
679471.079	425	0.95	-7.903089986991944
692906.393	425	0.955	-7.903089986991944
700103.097	425	0.96	-7.903089986991944
707374.693	425	0.965	-7.903089986991944
723439.771	425	0.97	-7.903089986991944
744708.288	425	0.975	-7.903089986991944
762561.029	425	0.98	-7.903089986991944
789134.121	425	0.985	-7.903089986991944
860393.385	425	0.99	-7.903089986991944
955803.579	425	0.995	-7.903089986991944
404454.929	450	0.5	-7.903089986991944
405409.685	450	0.505	-7.903089986991944
406160.96	450	0.51	-7.903089986991944
407013.206	450	0.515	-7.903089986991944
408656.463	450	0.52	-7.903089986991944
409647.611	450	0.525	-7.903089986991944
411084.266	450	0.53	-7.903089986991944
411904.292	450	0.535	-7.903089986991944
412424.796	450	0.54	-7.903089986991944
413694.507	450	0.545	-7.903089986991944
415148.889	450	0.55	-7.903089986991944
415954.847	450	0.555	-7.903089986991944
417281.526	450	0.56	-7.903089986991944
418099.638	450	0.565	-7.903089986991944
419329.724	450	0.57	-7.903089986991944
419940.327	450	0.575	-7.903089986991944
420596.117	450	0.58	-7.903089986991944
421802.774	450	0.585	-7.903089986991944
423324.974	450	0.59	-7.903089986991944
424803.34	450	0.595	-7.903089986991944
425540.371	450	0.6	-7.903089986991944
429581.414	450	0.605	-7.903089986991944
430886.767	450	0.61	-7.903089986991944
431661.0	450	0.615	-7.903089986991944
433919.731	450	0.62	-7.903089986991944
435153.911	450	0.625	-7.903089986991944
435858.188	450	0.63	-7.903089986991944
436531.993	450	0.635	-7.903089986991944
438681.906	450	0.64	-7.903089986991944
441396.838	450	0.645	-7.903089986991944
443875.932	450	0.65	-7.903089986991944
445594.583	450	0.655	-7.903089986991944
446498.559	450	0.66	-7.903089986991944
448425.607	450	0.665	-7.903089986991944
449382.672	450	0.67	-7.903089986991944
450716.571	450	0.675	-7.903089986991944
451805.763	450	0.68	-7.903089986991944
454311.867	450	0.685	-7.903089986991944
456529.979	450	0.69	-7.903089986991944
458106.367	450	0.695	-7.903089986991944
459555.671	450	0.7	-7.903089986991944
461561.8	450	0.705	-7.903089986991944
463333.27	450	0.71	-7.903089986991944
464438.724	450	0.715	-7.903089986991944
465420.914	450	0.72	-7.903089986991944
468582.055	450	0.725	-7.903089986991944
472986.548	450	0.73	-7.903089986991944
473835.938	450	0.735	-7.903089986991944
475344.429	450	0.74	-7.903089986991944
477081.67	450	0.745	-7.903089986991944
478934.643	450	0.75	-7.903089986991944
480356.134	450	0.755	-7.903089986991944
483346.76	450	0.76	-7.903089986991944
486338.484	450	0.765	-7.903089986991944
489654.904	450	0.77	-7.903089986991944
491948.566	450	0.775	-7.903089986991944
494282.33	450	0.78	-7.903089986991944
496079.821	450	0.785	-7.903089986991944
499188.426	450	0.79	-7.903089986991944
500197.149	450	0.795	-7.903089986991944
501896.643	450	0.8	-7.903089986991944
503901.878	450	0.805	-7.903089986991944
506114.024	450	0.81	-7.903089986991944
510599.568	450	0.815	-7.903089986991944
513054.847	450	0.82	-7.903089986991944
514713.916	450	0.825	-7.903089986991944
517898.569	450	0.83	-7.903089986991944
520276.598	450	0.835	-7.903089986991944
523531.143	450	0.84	-7.903089986991944
527414.41	450	0.845	-7.903089986991944
530519.461	450	0.85	-7.903089986991944
536981.734	450	0.855	-7.903089986991944
539790.6	450	0.86	-7.903089986991944
540901.217	450	0.865	-7.903089986991944
546730.371	450	0.87	-7.903089986991944
552450.036	450	0.875	-7.903089986991944
557793.64	450	0.88	-7.903089986991944
565308.666	450	0.885	-7.903089986991944
572306.806	450	0.89	-7.903089986991944
579022.702	450	0.895	-7.903089986991944
585558.75	450	0.9	-7.903089986991944
592914.657	450	0.905	-7.903089986991944
599216.429	450	0.91	-7.903089986991944
610055.785	450	0.915	-7.903089986991944
618252.171	450	0.92	-7.903089986991944
630875.036	450	0.925	-7.903089986991944
639478.543	450	0.93	-7.903089986991944
648995.548	450	0.935	-7.903089986991944
665869.45	450	0.94	-7.903089986991944
673748.814	450	0.945	-7.903089986991944
699697.143	450	0.95	-7.903089986991944
709902.753	450	0.955	-7.903089986991944
717737.829	450	0.96	-7.903089986991944
740674.608	450	0.965	-7.903089986991944
760365.811	450	0.97	-7.903089986991944
782117.552	450	0.975	-7.903089986991944
795955.657	450	0.98	-7.903089986991944
837718.745	450	0.985	-7.903089986991944
866438.129	450	0.99	-7.903089986991944
916734.078	450	0.995	-7.903089986991944
