S*_score	SNP_num	quantile	log(local_recomb_rate)
111797.556	25	0.5	-7.903089986991944
113160.54	25	0.505	-7.903089986991944
113620.857	25	0.51	-7.903089986991944
114276.114	25	0.515	-7.903089986991944
115103.573	25	0.52	-7.903089986991944
116013.091	25	0.525	-7.903089986991944
117341.6	25	0.53	-7.903089986991944
117626.4	25	0.535	-7.903089986991944
118373.2	25	0.54	-7.903089986991944
119042.76	25	0.545	-7.903089986991944
119316.0	25	0.55	-7.903089986991944
119944.673	25	0.555	-7.903089986991944
120480.96	25	0.56	-7.903089986991944
121290.56	25	0.565	-7.903089986991944
122273.56	25	0.57	-7.903089986991944
122882.4	25	0.575	-7.903089986991944
123420.7	25	0.58	-7.903089986991944
123972.8	25	0.585	-7.903089986991944
124273.6	25	0.59	-7.903089986991944
124675.6	25	0.595	-7.903089986991944
125039.0	25	0.6	-7.903089986991944
125487.2	25	0.605	-7.903089986991944
125709.44	25	0.61	-7.903089986991944
125885.333	25	0.615	-7.903089986991944
126743.2	25	0.62	-7.903089986991944
127100.0	25	0.625	-7.903089986991944
128272.0	25	0.63	-7.903089986991944
128595.352	25	0.635	-7.903089986991944
130076.533	25	0.64	-7.903089986991944
130673.6	25	0.645	-7.903089986991944
130962.092	25	0.65	-7.903089986991944
131697.6	25	0.655	-7.903089986991944
132703.314	25	0.66	-7.903089986991944
133241.6	25	0.665	-7.903089986991944
133834.4	25	0.67	-7.903089986991944
134275.333	25	0.675	-7.903089986991944
134719.2	25	0.68	-7.903089986991944
135425.6	25	0.685	-7.903089986991944
135782.56	25	0.69	-7.903089986991944
136554.489	25	0.695	-7.903089986991944
137686.85	25	0.7	-7.903089986991944
139194.4	25	0.705	-7.903089986991944
139505.8	25	0.71	-7.903089986991944
139987.2	25	0.715	-7.903089986991944
140487.223	25	0.72	-7.903089986991944
141452.0	25	0.725	-7.903089986991944
141862.4	25	0.73	-7.903089986991944
143307.6	25	0.735	-7.903089986991944
144616.227	25	0.74	-7.903089986991944
144967.2	25	0.745	-7.903089986991944
145341.0	25	0.75	-7.903089986991944
145736.4	25	0.755	-7.903089986991944
146382.971	25	0.76	-7.903089986991944
146839.429	25	0.765	-7.903089986991944
146985.143	25	0.77	-7.903089986991944
147328.8	25	0.775	-7.903089986991944
148284.8	25	0.78	-7.903089986991944
148590.095	25	0.785	-7.903089986991944
149345.88	25	0.79	-7.903089986991944
150234.857	25	0.795	-7.903089986991944
150314.6	25	0.8	-7.903089986991944
150985.2	25	0.805	-7.903089986991944
151299.28	25	0.81	-7.903089986991944
152384.88	25	0.815	-7.903089986991944
152674.733	25	0.82	-7.903089986991944
152983.2	25	0.825	-7.903089986991944
153810.04	25	0.83	-7.903089986991944
154522.4	25	0.835	-7.903089986991944
154737.509	25	0.84	-7.903089986991944
155031.36	25	0.845	-7.903089986991944
155148.833	25	0.85	-7.903089986991944
155701.964	25	0.855	-7.903089986991944
156816.087	25	0.86	-7.903089986991944
157801.382	25	0.865	-7.903089986991944
159785.6	25	0.87	-7.903089986991944
161060.0	25	0.875	-7.903089986991944
163701.021	25	0.88	-7.903089986991944
164452.8	25	0.885	-7.903089986991944
166080.0	25	0.89	-7.903089986991944
166764.571	25	0.895	-7.903089986991944
167436.0	25	0.9	-7.903089986991944
169709.2	25	0.905	-7.903089986991944
170358.08	25	0.91	-7.903089986991944
171348.0	25	0.915	-7.903089986991944
173226.629	25	0.92	-7.903089986991944
174572.0	25	0.925	-7.903089986991944
178302.16	25	0.93	-7.903089986991944
179373.6	25	0.935	-7.903089986991944
180293.6	25	0.94	-7.903089986991944
182866.4	25	0.945	-7.903089986991944
184076.0	25	0.95	-7.903089986991944
189366.4	25	0.955	-7.903089986991944
191357.88	25	0.96	-7.903089986991944
193861.6	25	0.965	-7.903089986991944
196171.467	25	0.97	-7.903089986991944
200672.564	25	0.975	-7.903089986991944
202154.255	25	0.98	-7.903089986991944
206860.213	25	0.985	-7.903089986991944
209746.753	25	0.99	-7.903089986991944
216153.44	25	0.995	-7.903089986991944
118768.571	50	0.5	-7.903089986991944
119012.867	50	0.505	-7.903089986991944
119467.8	50	0.51	-7.903089986991944
120993.101	50	0.515	-7.903089986991944
121661.236	50	0.52	-7.903089986991944
122225.321	50	0.525	-7.903089986991944
123400.257	50	0.53	-7.903089986991944
123927.236	50	0.535	-7.903089986991944
124355.0	50	0.54	-7.903089986991944
125199.314	50	0.545	-7.903089986991944
125669.714	50	0.55	-7.903089986991944
126132.66	50	0.555	-7.903089986991944
126535.263	50	0.56	-7.903089986991944
127461.754	50	0.565	-7.903089986991944
128448.8	50	0.57	-7.903089986991944
129324.556	50	0.575	-7.903089986991944
130265.938	50	0.58	-7.903089986991944
130813.2	50	0.585	-7.903089986991944
131188.533	50	0.59	-7.903089986991944
131642.588	50	0.595	-7.903089986991944
132102.286	50	0.6	-7.903089986991944
132397.587	50	0.605	-7.903089986991944
132743.92	50	0.61	-7.903089986991944
133828.04	50	0.615	-7.903089986991944
134062.029	50	0.62	-7.903089986991944
134516.575	50	0.625	-7.903089986991944
135231.8	50	0.63	-7.903089986991944
135827.729	50	0.635	-7.903089986991944
136644.629	50	0.64	-7.903089986991944
137345.998	50	0.645	-7.903089986991944
137769.433	50	0.65	-7.903089986991944
137953.534	50	0.655	-7.903089986991944
138325.067	50	0.66	-7.903089986991944
138524.986	50	0.665	-7.903089986991944
139404.367	50	0.67	-7.903089986991944
140028.657	50	0.675	-7.903089986991944
140907.491	50	0.68	-7.903089986991944
142016.9	50	0.685	-7.903089986991944
142283.634	50	0.69	-7.903089986991944
142630.9	50	0.695	-7.903089986991944
143125.818	50	0.7	-7.903089986991944
143554.37	50	0.705	-7.903089986991944
143731.6	50	0.71	-7.903089986991944
144346.018	50	0.715	-7.903089986991944
145083.52	50	0.72	-7.903089986991944
145753.727	50	0.725	-7.903089986991944
146025.4	50	0.73	-7.903089986991944
146565.9	50	0.735	-7.903089986991944
146929.417	50	0.74	-7.903089986991944
147276.66	50	0.745	-7.903089986991944
147907.857	50	0.75	-7.903089986991944
148366.352	50	0.755	-7.903089986991944
149888.503	50	0.76	-7.903089986991944
150627.688	50	0.765	-7.903089986991944
151333.915	50	0.77	-7.903089986991944
151746.5	50	0.775	-7.903089986991944
152175.893	50	0.78	-7.903089986991944
152848.8	50	0.785	-7.903089986991944
153654.6	50	0.79	-7.903089986991944
155103.799	50	0.795	-7.903089986991944
156371.2	50	0.8	-7.903089986991944
157630.711	50	0.805	-7.903089986991944
157976.473	50	0.81	-7.903089986991944
158787.688	50	0.815	-7.903089986991944
159157.257	50	0.82	-7.903089986991944
159631.367	50	0.825	-7.903089986991944
160567.693	50	0.83	-7.903089986991944
161767.5	50	0.835	-7.903089986991944
162415.815	50	0.84	-7.903089986991944
163407.257	50	0.845	-7.903089986991944
164310.242	50	0.85	-7.903089986991944
165599.033	50	0.855	-7.903089986991944
166171.855	50	0.86	-7.903089986991944
167158.339	50	0.865	-7.903089986991944
167694.8	50	0.87	-7.903089986991944
168500.0	50	0.875	-7.903089986991944
168983.418	50	0.88	-7.903089986991944
170368.036	50	0.885	-7.903089986991944
171194.0	50	0.89	-7.903089986991944
171820.072	50	0.895	-7.903089986991944
173018.222	50	0.9	-7.903089986991944
173892.84	50	0.905	-7.903089986991944
176365.503	50	0.91	-7.903089986991944
177695.943	50	0.915	-7.903089986991944
179861.131	50	0.92	-7.903089986991944
180046.0	50	0.925	-7.903089986991944
182288.691	50	0.93	-7.903089986991944
184438.2	50	0.935	-7.903089986991944
186195.2	50	0.94	-7.903089986991944
189760.85	50	0.945	-7.903089986991944
191690.857	50	0.95	-7.903089986991944
193927.2	50	0.955	-7.903089986991944
194861.538	50	0.96	-7.903089986991944
198769.134	50	0.965	-7.903089986991944
201429.686	50	0.97	-7.903089986991944
201910.05	50	0.975	-7.903089986991944
205483.015	50	0.98	-7.903089986991944
214616.635	50	0.985	-7.903089986991944
231057.321	50	0.99	-7.903089986991944
244266.833	50	0.995	-7.903089986991944
127300.333	75	0.5	-7.903089986991944
127544.0	75	0.505	-7.903089986991944
128282.11	75	0.51	-7.903089986991944
128872.308	75	0.515	-7.903089986991944
129619.662	75	0.52	-7.903089986991944
129910.0	75	0.525	-7.903089986991944
130719.636	75	0.53	-7.903089986991944
131162.667	75	0.535	-7.903089986991944
131834.857	75	0.54	-7.903089986991944
132297.686	75	0.545	-7.903089986991944
132710.0	75	0.55	-7.903089986991944
133368.0	75	0.555	-7.903089986991944
133778.514	75	0.56	-7.903089986991944
133926.429	75	0.565	-7.903089986991944
134411.462	75	0.57	-7.903089986991944
135221.429	75	0.575	-7.903089986991944
135992.667	75	0.58	-7.903089986991944
136678.0	75	0.585	-7.903089986991944
137130.262	75	0.59	-7.903089986991944
137851.336	75	0.595	-7.903089986991944
138193.091	75	0.6	-7.903089986991944
138444.571	75	0.605	-7.903089986991944
139048.857	75	0.61	-7.903089986991944
139722.143	75	0.615	-7.903089986991944
140260.571	75	0.62	-7.903089986991944
140564.286	75	0.625	-7.903089986991944
141467.231	75	0.63	-7.903089986991944
142531.2	75	0.635	-7.903089986991944
143351.543	75	0.64	-7.903089986991944
143699.714	75	0.645	-7.903089986991944
143946.667	75	0.65	-7.903089986991944
144484.846	75	0.655	-7.903089986991944
145514.226	75	0.66	-7.903089986991944
146236.762	75	0.665	-7.903089986991944
146489.673	75	0.67	-7.903089986991944
147415.75	75	0.675	-7.903089986991944
148209.956	75	0.68	-7.903089986991944
148830.0	75	0.685	-7.903089986991944
149212.571	75	0.69	-7.903089986991944
149478.286	75	0.695	-7.903089986991944
149730.0	75	0.7	-7.903089986991944
149967.048	75	0.705	-7.903089986991944
150345.273	75	0.71	-7.903089986991944
150541.6	75	0.715	-7.903089986991944
151500.3	75	0.72	-7.903089986991944
151990.0	75	0.725	-7.903089986991944
152709.42	75	0.73	-7.903089986991944
153014.374	75	0.735	-7.903089986991944
153810.914	75	0.74	-7.903089986991944
154922.601	75	0.745	-7.903089986991944
155970.0	75	0.75	-7.903089986991944
156558.835	75	0.755	-7.903089986991944
157695.152	75	0.76	-7.903089986991944
158768.923	75	0.765	-7.903089986991944
159303.325	75	0.77	-7.903089986991944
159889.091	75	0.775	-7.903089986991944
160663.956	75	0.78	-7.903089986991944
161320.0	75	0.785	-7.903089986991944
162190.211	75	0.79	-7.903089986991944
163510.286	75	0.795	-7.903089986991944
164520.0	75	0.8	-7.903089986991944
165030.11	75	0.805	-7.903089986991944
166021.778	75	0.81	-7.903089986991944
166636.857	75	0.815	-7.903089986991944
167479.229	75	0.82	-7.903089986991944
168628.333	75	0.825	-7.903089986991944
169736.431	75	0.83	-7.903089986991944
171028.724	75	0.835	-7.903089986991944
171788.286	75	0.84	-7.903089986991944
172126.727	75	0.845	-7.903089986991944
173160.5	75	0.85	-7.903089986991944
174262.886	75	0.855	-7.903089986991944
175101.426	75	0.86	-7.903089986991944
176341.487	75	0.865	-7.903089986991944
176778.286	75	0.87	-7.903089986991944
178190.0	75	0.875	-7.903089986991944
179940.0	75	0.88	-7.903089986991944
180927.619	75	0.885	-7.903089986991944
181341.429	75	0.89	-7.903089986991944
181974.0	75	0.895	-7.903089986991944
183777.143	75	0.9	-7.903089986991944
184134.218	75	0.905	-7.903089986991944
185763.467	75	0.91	-7.903089986991944
186542.88	75	0.915	-7.903089986991944
187430.769	75	0.92	-7.903089986991944
188745.714	75	0.925	-7.903089986991944
189957.846	75	0.93	-7.903089986991944
191348.571	75	0.935	-7.903089986991944
194168.0	75	0.94	-7.903089986991944
196423.429	75	0.945	-7.903089986991944
200345.0	75	0.95	-7.903089986991944
205268.857	75	0.955	-7.903089986991944
206703.117	75	0.96	-7.903089986991944
208180.923	75	0.965	-7.903089986991944
211148.533	75	0.97	-7.903089986991944
215788.571	75	0.975	-7.903089986991944
224837.714	75	0.98	-7.903089986991944
234937.187	75	0.985	-7.903089986991944
242561.644	75	0.99	-7.903089986991944
299942.286	75	0.995	-7.903089986991944
139445.0	100	0.5	-7.903089986991944
140337.013	100	0.505	-7.903089986991944
140761.16	100	0.51	-7.903089986991944
141008.325	100	0.515	-7.903089986991944
141475.56	100	0.52	-7.903089986991944
141896.281	100	0.525	-7.903089986991944
142246.49	100	0.53	-7.903089986991944
142482.59	100	0.535	-7.903089986991944
143351.9	100	0.54	-7.903089986991944
143876.34	100	0.545	-7.903089986991944
144770.783	100	0.55	-7.903089986991944
145358.56	100	0.555	-7.903089986991944
145772.086	100	0.56	-7.903089986991944
146185.577	100	0.565	-7.903089986991944
146670.638	100	0.57	-7.903089986991944
147198.912	100	0.575	-7.903089986991944
147385.185	100	0.58	-7.903089986991944
147893.304	100	0.585	-7.903089986991944
148393.477	100	0.59	-7.903089986991944
148852.424	100	0.595	-7.903089986991944
149214.055	100	0.6	-7.903089986991944
149837.578	100	0.605	-7.903089986991944
150312.115	100	0.61	-7.903089986991944
150754.882	100	0.615	-7.903089986991944
151108.8	100	0.62	-7.903089986991944
152208.929	100	0.625	-7.903089986991944
152573.15	100	0.63	-7.903089986991944
152965.43	100	0.635	-7.903089986991944
153789.2	100	0.64	-7.903089986991944
154192.559	100	0.645	-7.903089986991944
154675.979	100	0.65	-7.903089986991944
155919.461	100	0.655	-7.903089986991944
156406.17	100	0.66	-7.903089986991944
157701.808	100	0.665	-7.903089986991944
158568.441	100	0.67	-7.903089986991944
159370.975	100	0.675	-7.903089986991944
159836.114	100	0.68	-7.903089986991944
160343.28	100	0.685	-7.903089986991944
160978.635	100	0.69	-7.903089986991944
162402.138	100	0.695	-7.903089986991944
163432.222	100	0.7	-7.903089986991944
164091.928	100	0.705	-7.903089986991944
164650.588	100	0.71	-7.903089986991944
164985.9	100	0.715	-7.903089986991944
165629.212	100	0.72	-7.903089986991944
166092.643	100	0.725	-7.903089986991944
166644.907	100	0.73	-7.903089986991944
166955.975	100	0.735	-7.903089986991944
167248.026	100	0.74	-7.903089986991944
167397.833	100	0.745	-7.903089986991944
168269.446	100	0.75	-7.903089986991944
169048.055	100	0.755	-7.903089986991944
169468.39	100	0.76	-7.903089986991944
170007.265	100	0.765	-7.903089986991944
170363.349	100	0.77	-7.903089986991944
170932.474	100	0.775	-7.903089986991944
171469.426	100	0.78	-7.903089986991944
171942.738	100	0.785	-7.903089986991944
172364.54	100	0.79	-7.903089986991944
172791.314	100	0.795	-7.903089986991944
174111.429	100	0.8	-7.903089986991944
174575.65	100	0.805	-7.903089986991944
174803.971	100	0.81	-7.903089986991944
175751.075	100	0.815	-7.903089986991944
176415.029	100	0.82	-7.903089986991944
176721.21	100	0.825	-7.903089986991944
177450.642	100	0.83	-7.903089986991944
177876.528	100	0.835	-7.903089986991944
178771.086	100	0.84	-7.903089986991944
179317.925	100	0.845	-7.903089986991944
179872.361	100	0.85	-7.903089986991944
180268.629	100	0.855	-7.903089986991944
181255.011	100	0.86	-7.903089986991944
182115.071	100	0.865	-7.903089986991944
182891.043	100	0.87	-7.903089986991944
183521.083	100	0.875	-7.903089986991944
184438.4	100	0.88	-7.903089986991944
185277.593	100	0.885	-7.903089986991944
186883.325	100	0.89	-7.903089986991944
187754.822	100	0.895	-7.903089986991944
189628.538	100	0.9	-7.903089986991944
190068.9	100	0.905	-7.903089986991944
191929.797	100	0.91	-7.903089986991944
192462.533	100	0.915	-7.903089986991944
193851.387	100	0.92	-7.903089986991944
196536.254	100	0.925	-7.903089986991944
197767.241	100	0.93	-7.903089986991944
200169.065	100	0.935	-7.903089986991944
202088.649	100	0.94	-7.903089986991944
203433.157	100	0.945	-7.903089986991944
205923.429	100	0.95	-7.903089986991944
207242.936	100	0.955	-7.903089986991944
213101.2	100	0.96	-7.903089986991944
215803.679	100	0.965	-7.903089986991944
220342.181	100	0.97	-7.903089986991944
227547.388	100	0.975	-7.903089986991944
239145.2	100	0.98	-7.903089986991944
249906.512	100	0.985	-7.903089986991944
272509.41	100	0.99	-7.903089986991944
288234.766	100	0.995	-7.903089986991944
151303.333	125	0.5	-7.903089986991944
152533.213	125	0.505	-7.903089986991944
153000.434	125	0.51	-7.903089986991944
153448.315	125	0.515	-7.903089986991944
153695.529	125	0.52	-7.903089986991944
154426.087	125	0.525	-7.903089986991944
154938.81	125	0.53	-7.903089986991944
155406.862	125	0.535	-7.903089986991944
156222.851	125	0.54	-7.903089986991944
157433.508	125	0.545	-7.903089986991944
157723.979	125	0.55	-7.903089986991944
158135.721	125	0.555	-7.903089986991944
158699.36	125	0.56	-7.903089986991944
158836.341	125	0.565	-7.903089986991944
159874.631	125	0.57	-7.903089986991944
160067.654	125	0.575	-7.903089986991944
160366.354	125	0.58	-7.903089986991944
161007.1	125	0.585	-7.903089986991944
161391.15	125	0.59	-7.903089986991944
161981.979	125	0.595	-7.903089986991944
162489.614	125	0.6	-7.903089986991944
163204.962	125	0.605	-7.903089986991944
163706.673	125	0.61	-7.903089986991944
164194.121	125	0.615	-7.903089986991944
164615.66	125	0.62	-7.903089986991944
165368.571	125	0.625	-7.903089986991944
166551.356	125	0.63	-7.903089986991944
167283.885	125	0.635	-7.903089986991944
168398.994	125	0.64	-7.903089986991944
168917.543	125	0.645	-7.903089986991944
169337.571	125	0.65	-7.903089986991944
169979.509	125	0.655	-7.903089986991944
170375.771	125	0.66	-7.903089986991944
170747.851	125	0.665	-7.903089986991944
171579.648	125	0.67	-7.903089986991944
172117.961	125	0.675	-7.903089986991944
172663.164	125	0.68	-7.903089986991944
173392.729	125	0.685	-7.903089986991944
174047.596	125	0.69	-7.903089986991944
174375.8	125	0.695	-7.903089986991944
174846.49	125	0.7	-7.903089986991944
175188.71	125	0.705	-7.903089986991944
175857.263	125	0.71	-7.903089986991944
176346.648	125	0.715	-7.903089986991944
176696.312	125	0.72	-7.903089986991944
177149.816	125	0.725	-7.903089986991944
177530.857	125	0.73	-7.903089986991944
177994.081	125	0.735	-7.903089986991944
178286.571	125	0.74	-7.903089986991944
178598.71	125	0.745	-7.903089986991944
179052.857	125	0.75	-7.903089986991944
179773.157	125	0.755	-7.903089986991944
180226.4	125	0.76	-7.903089986991944
181101.824	125	0.765	-7.903089986991944
182017.665	125	0.77	-7.903089986991944
183004.154	125	0.775	-7.903089986991944
183548.68	125	0.78	-7.903089986991944
183852.813	125	0.785	-7.903089986991944
185121.467	125	0.79	-7.903089986991944
186202.691	125	0.795	-7.903089986991944
188667.619	125	0.8	-7.903089986991944
189409.106	125	0.805	-7.903089986991944
190111.343	125	0.81	-7.903089986991944
190793.657	125	0.815	-7.903089986991944
191472.378	125	0.82	-7.903089986991944
192451.093	125	0.825	-7.903089986991944
193661.516	125	0.83	-7.903089986991944
194962.786	125	0.835	-7.903089986991944
195256.185	125	0.84	-7.903089986991944
195966.545	125	0.845	-7.903089986991944
197042.097	125	0.85	-7.903089986991944
198403.9	125	0.855	-7.903089986991944
199449.84	125	0.86	-7.903089986991944
200114.226	125	0.865	-7.903089986991944
202420.585	125	0.87	-7.903089986991944
203024.524	125	0.875	-7.903089986991944
203809.081	125	0.88	-7.903089986991944
205364.493	125	0.885	-7.903089986991944
206076.863	125	0.89	-7.903089986991944
207668.833	125	0.895	-7.903089986991944
208662.084	125	0.9	-7.903089986991944
210691.158	125	0.905	-7.903089986991944
212311.229	125	0.91	-7.903089986991944
214642.831	125	0.915	-7.903089986991944
216166.229	125	0.92	-7.903089986991944
217913.946	125	0.925	-7.903089986991944
219444.657	125	0.93	-7.903089986991944
225271.425	125	0.935	-7.903089986991944
228086.037	125	0.94	-7.903089986991944
229414.0	125	0.945	-7.903089986991944
232229.143	125	0.95	-7.903089986991944
234829.286	125	0.955	-7.903089986991944
237720.686	125	0.96	-7.903089986991944
245742.5	125	0.965	-7.903089986991944
251803.55	125	0.97	-7.903089986991944
255873.714	125	0.975	-7.903089986991944
266727.92	125	0.98	-7.903089986991944
287346.899	125	0.985	-7.903089986991944
294070.551	125	0.99	-7.903089986991944
314570.692	125	0.995	-7.903089986991944
161490.769	150	0.5	-7.903089986991944
161942.566	150	0.505	-7.903089986991944
162320.757	150	0.51	-7.903089986991944
163172.095	150	0.515	-7.903089986991944
163373.486	150	0.52	-7.903089986991944
163705.038	150	0.525	-7.903089986991944
164222.171	150	0.53	-7.903089986991944
165051.855	150	0.535	-7.903089986991944
165751.177	150	0.54	-7.903089986991944
166273.714	150	0.545	-7.903089986991944
167209.714	150	0.55	-7.903089986991944
167416.768	150	0.555	-7.903089986991944
167917.901	150	0.56	-7.903089986991944
168336.347	150	0.565	-7.903089986991944
168922.769	150	0.57	-7.903089986991944
169373.977	150	0.575	-7.903089986991944
169633.127	150	0.58	-7.903089986991944
170052.986	150	0.585	-7.903089986991944
171422.4	150	0.59	-7.903089986991944
171995.257	150	0.595	-7.903089986991944
172634.871	150	0.6	-7.903089986991944
173177.046	150	0.605	-7.903089986991944
173507.754	150	0.61	-7.903089986991944
174178.171	150	0.615	-7.903089986991944
174921.989	150	0.62	-7.903089986991944
175357.143	150	0.625	-7.903089986991944
175956.641	150	0.63	-7.903089986991944
176479.686	150	0.635	-7.903089986991944
176968.533	150	0.64	-7.903089986991944
177597.429	150	0.645	-7.903089986991944
178915.643	150	0.65	-7.903089986991944
179415.68	150	0.655	-7.903089986991944
179671.426	150	0.66	-7.903089986991944
179918.629	150	0.665	-7.903089986991944
180875.106	150	0.67	-7.903089986991944
181458.143	150	0.675	-7.903089986991944
182227.737	150	0.68	-7.903089986991944
183014.286	150	0.685	-7.903089986991944
183603.661	150	0.69	-7.903089986991944
184214.504	150	0.695	-7.903089986991944
185150.223	150	0.7	-7.903089986991944
185428.446	150	0.705	-7.903089986991944
185811.429	150	0.71	-7.903089986991944
186506.571	150	0.715	-7.903089986991944
187283.6	150	0.72	-7.903089986991944
188224.077	150	0.725	-7.903089986991944
188782.8	150	0.73	-7.903089986991944
189848.743	150	0.735	-7.903089986991944
190376.282	150	0.74	-7.903089986991944
191144.875	150	0.745	-7.903089986991944
191856.667	150	0.75	-7.903089986991944
192402.337	150	0.755	-7.903089986991944
192863.755	150	0.76	-7.903089986991944
193382.8	150	0.765	-7.903089986991944
194404.343	150	0.77	-7.903089986991944
194874.036	150	0.775	-7.903089986991944
195583.723	150	0.78	-7.903089986991944
196207.143	150	0.785	-7.903089986991944
196752.16	150	0.79	-7.903089986991944
197333.567	150	0.795	-7.903089986991944
198673.714	150	0.8	-7.903089986991944
199550.985	150	0.805	-7.903089986991944
200352.857	150	0.81	-7.903089986991944
201959.2	150	0.815	-7.903089986991944
202769.077	150	0.82	-7.903089986991944
203626.012	150	0.825	-7.903089986991944
204534.545	150	0.83	-7.903089986991944
205068.743	150	0.835	-7.903089986991944
205551.886	150	0.84	-7.903089986991944
206092.743	150	0.845	-7.903089986991944
206740.678	150	0.85	-7.903089986991944
208528.963	150	0.855	-7.903089986991944
209750.171	150	0.86	-7.903089986991944
211077.383	150	0.865	-7.903089986991944
211765.894	150	0.87	-7.903089986991944
213741.429	150	0.875	-7.903089986991944
214504.4	150	0.88	-7.903089986991944
215137.829	150	0.885	-7.903089986991944
216147.409	150	0.89	-7.903089986991944
216823.394	150	0.895	-7.903089986991944
218475.714	150	0.9	-7.903089986991944
219566.82	150	0.905	-7.903089986991944
221259.733	150	0.91	-7.903089986991944
223053.486	150	0.915	-7.903089986991944
225232.991	150	0.92	-7.903089986991944
226780.571	150	0.925	-7.903089986991944
228137.933	150	0.93	-7.903089986991944
230253.117	150	0.935	-7.903089986991944
234201.733	150	0.94	-7.903089986991944
236396.394	150	0.945	-7.903089986991944
237231.757	150	0.95	-7.903089986991944
243487.383	150	0.955	-7.903089986991944
247272.009	150	0.96	-7.903089986991944
255713.152	150	0.965	-7.903089986991944
262608.395	150	0.97	-7.903089986991944
268917.143	150	0.975	-7.903089986991944
278022.286	150	0.98	-7.903089986991944
286212.857	150	0.985	-7.903089986991944
295233.429	150	0.99	-7.903089986991944
327470.831	150	0.995	-7.903089986991944
171808.299	175	0.5	-7.903089986991944
172461.6	175	0.505	-7.903089986991944
173247.205	175	0.51	-7.903089986991944
173767.343	175	0.515	-7.903089986991944
174195.461	175	0.52	-7.903089986991944
175021.678	175	0.525	-7.903089986991944
176123.951	175	0.53	-7.903089986991944
176796.307	175	0.535	-7.903089986991944
177535.267	175	0.54	-7.903089986991944
177780.636	175	0.545	-7.903089986991944
178327.829	175	0.55	-7.903089986991944
178749.265	175	0.555	-7.903089986991944
179264.811	175	0.56	-7.903089986991944
179760.139	175	0.565	-7.903089986991944
180495.943	175	0.57	-7.903089986991944
180694.643	175	0.575	-7.903089986991944
181317.486	175	0.58	-7.903089986991944
181474.422	175	0.585	-7.903089986991944
182066.878	175	0.59	-7.903089986991944
183064.157	175	0.595	-7.903089986991944
183639.222	175	0.6	-7.903089986991944
184120.737	175	0.605	-7.903089986991944
185182.546	175	0.61	-7.903089986991944
185648.554	175	0.615	-7.903089986991944
186115.716	175	0.62	-7.903089986991944
186321.116	175	0.625	-7.903089986991944
187200.468	175	0.63	-7.903089986991944
187729.556	175	0.635	-7.903089986991944
188163.943	175	0.64	-7.903089986991944
189350.773	175	0.645	-7.903089986991944
190086.018	175	0.65	-7.903089986991944
190758.376	175	0.655	-7.903089986991944
191144.346	175	0.66	-7.903089986991944
192025.83	175	0.665	-7.903089986991944
192800.707	175	0.67	-7.903089986991944
193223.604	175	0.675	-7.903089986991944
193923.217	175	0.68	-7.903089986991944
194586.799	175	0.685	-7.903089986991944
195382.971	175	0.69	-7.903089986991944
195945.857	175	0.695	-7.903089986991944
196688.314	175	0.7	-7.903089986991944
197538.784	175	0.705	-7.903089986991944
198098.3	175	0.71	-7.903089986991944
198882.029	175	0.715	-7.903089986991944
199437.543	175	0.72	-7.903089986991944
200478.464	175	0.725	-7.903089986991944
201556.786	175	0.73	-7.903089986991944
203045.418	175	0.735	-7.903089986991944
204247.849	175	0.74	-7.903089986991944
204935.194	175	0.745	-7.903089986991944
205869.915	175	0.75	-7.903089986991944
206408.014	175	0.755	-7.903089986991944
207127.525	175	0.76	-7.903089986991944
207583.721	175	0.765	-7.903089986991944
208360.528	175	0.77	-7.903089986991944
209074.045	175	0.775	-7.903089986991944
209830.2	175	0.78	-7.903089986991944
210739.464	175	0.785	-7.903089986991944
212481.204	175	0.79	-7.903089986991944
213423.216	175	0.795	-7.903089986991944
214181.129	175	0.8	-7.903089986991944
215498.931	175	0.805	-7.903089986991944
216158.3	175	0.81	-7.903089986991944
216814.556	175	0.815	-7.903089986991944
218271.623	175	0.82	-7.903089986991944
219535.929	175	0.825	-7.903089986991944
221035.186	175	0.83	-7.903089986991944
221957.094	175	0.835	-7.903089986991944
223048.971	175	0.84	-7.903089986991944
224798.418	175	0.845	-7.903089986991944
226760.357	175	0.85	-7.903089986991944
227327.739	175	0.855	-7.903089986991944
228303.63	175	0.86	-7.903089986991944
230168.193	175	0.865	-7.903089986991944
230788.241	175	0.87	-7.903089986991944
231633.58	175	0.875	-7.903089986991944
233606.011	175	0.88	-7.903089986991944
234490.85	175	0.885	-7.903089986991944
235394.9	175	0.89	-7.903089986991944
236738.65	175	0.895	-7.903089986991944
238969.571	175	0.9	-7.903089986991944
241318.231	175	0.905	-7.903089986991944
242813.91	175	0.91	-7.903089986991944
247094.821	175	0.915	-7.903089986991944
249477.533	175	0.92	-7.903089986991944
250799.129	175	0.925	-7.903089986991944
252354.114	175	0.93	-7.903089986991944
254364.008	175	0.935	-7.903089986991944
256929.156	175	0.94	-7.903089986991944
259250.208	175	0.945	-7.903089986991944
261108.25	175	0.95	-7.903089986991944
267181.993	175	0.955	-7.903089986991944
271854.034	175	0.96	-7.903089986991944
278227.736	175	0.965	-7.903089986991944
286886.826	175	0.97	-7.903089986991944
291482.907	175	0.975	-7.903089986991944
300994.327	175	0.98	-7.903089986991944
310238.164	175	0.985	-7.903089986991944
316510.624	175	0.99	-7.903089986991944
335841.69	175	0.995	-7.903089986991944
184600.936	200	0.5	-7.903089986991944
184868.054	200	0.505	-7.903089986991944
185203.918	200	0.51	-7.903089986991944
185819.712	200	0.515	-7.903089986991944
187202.533	200	0.52	-7.903089986991944
187772.382	200	0.525	-7.903089986991944
188363.014	200	0.53	-7.903089986991944
189025.765	200	0.535	-7.903089986991944
189618.602	200	0.54	-7.903089986991944
190032.993	200	0.545	-7.903089986991944
190499.929	200	0.55	-7.903089986991944
190865.371	200	0.555	-7.903089986991944
191348.0	200	0.56	-7.903089986991944
191894.991	200	0.565	-7.903089986991944
192700.857	200	0.57	-7.903089986991944
193584.803	200	0.575	-7.903089986991944
194113.437	200	0.58	-7.903089986991944
194806.768	200	0.585	-7.903089986991944
195475.808	200	0.59	-7.903089986991944
196161.756	200	0.595	-7.903089986991944
196780.729	200	0.6	-7.903089986991944
198223.471	200	0.605	-7.903089986991944
198792.886	200	0.61	-7.903089986991944
199305.319	200	0.615	-7.903089986991944
199725.386	200	0.62	-7.903089986991944
200030.509	200	0.625	-7.903089986991944
201127.274	200	0.63	-7.903089986991944
201483.296	200	0.635	-7.903089986991944
201996.457	200	0.64	-7.903089986991944
202478.836	200	0.645	-7.903089986991944
202967.268	200	0.65	-7.903089986991944
203406.109	200	0.655	-7.903089986991944
203985.735	200	0.66	-7.903089986991944
204901.238	200	0.665	-7.903089986991944
205236.4	200	0.67	-7.903089986991944
205864.414	200	0.675	-7.903089986991944
206277.406	200	0.68	-7.903089986991944
206898.507	200	0.685	-7.903089986991944
207857.951	200	0.69	-7.903089986991944
208675.953	200	0.695	-7.903089986991944
209659.557	200	0.7	-7.903089986991944
210162.275	200	0.705	-7.903089986991944
211094.239	200	0.71	-7.903089986991944
211907.44	200	0.715	-7.903089986991944
212257.689	200	0.72	-7.903089986991944
213058.286	200	0.725	-7.903089986991944
213840.064	200	0.73	-7.903089986991944
214612.6	200	0.735	-7.903089986991944
215423.755	200	0.74	-7.903089986991944
216274.861	200	0.745	-7.903089986991944
216693.893	200	0.75	-7.903089986991944
217482.486	200	0.755	-7.903089986991944
217769.777	200	0.76	-7.903089986991944
218299.214	200	0.765	-7.903089986991944
219754.571	200	0.77	-7.903089986991944
220567.921	200	0.775	-7.903089986991944
221199.333	200	0.78	-7.903089986991944
221786.304	200	0.785	-7.903089986991944
222220.214	200	0.79	-7.903089986991944
222773.367	200	0.795	-7.903089986991944
223509.429	200	0.8	-7.903089986991944
224855.157	200	0.805	-7.903089986991944
225911.8	200	0.81	-7.903089986991944
226831.95	200	0.815	-7.903089986991944
227391.724	200	0.82	-7.903089986991944
228328.857	200	0.825	-7.903089986991944
229469.929	200	0.83	-7.903089986991944
231115.929	200	0.835	-7.903089986991944
232716.515	200	0.84	-7.903089986991944
234213.552	200	0.845	-7.903089986991944
235384.093	200	0.85	-7.903089986991944
236931.167	200	0.855	-7.903089986991944
237685.016	200	0.86	-7.903089986991944
239087.035	200	0.865	-7.903089986991944
241670.653	200	0.87	-7.903089986991944
243448.929	200	0.875	-7.903089986991944
244449.631	200	0.88	-7.903089986991944
246250.403	200	0.885	-7.903089986991944
248315.757	200	0.89	-7.903089986991944
249593.686	200	0.895	-7.903089986991944
250676.407	200	0.9	-7.903089986991944
252716.114	200	0.905	-7.903089986991944
253996.7	200	0.91	-7.903089986991944
255760.15	200	0.915	-7.903089986991944
256953.003	200	0.92	-7.903089986991944
259080.357	200	0.925	-7.903089986991944
263643.329	200	0.93	-7.903089986991944
267845.2	200	0.935	-7.903089986991944
270844.514	200	0.94	-7.903089986991944
272734.182	200	0.945	-7.903089986991944
278966.929	200	0.95	-7.903089986991944
282220.614	200	0.955	-7.903089986991944
286113.389	200	0.96	-7.903089986991944
290034.522	200	0.965	-7.903089986991944
297386.857	200	0.97	-7.903089986991944
302481.036	200	0.975	-7.903089986991944
308936.8	200	0.98	-7.903089986991944
328956.868	200	0.985	-7.903089986991944
350947.514	200	0.99	-7.903089986991944
423942.085	200	0.995	-7.903089986991944
190498.179	225	0.5	-7.903089986991944
191013.245	225	0.505	-7.903089986991944
191295.795	225	0.51	-7.903089986991944
192142.007	225	0.515	-7.903089986991944
193159.017	225	0.52	-7.903089986991944
194121.102	225	0.525	-7.903089986991944
194290.709	225	0.53	-7.903089986991944
194956.263	225	0.535	-7.903089986991944
195327.267	225	0.54	-7.903089986991944
195792.082	225	0.545	-7.903089986991944
196258.35	225	0.55	-7.903089986991944
196840.507	225	0.555	-7.903089986991944
197263.771	225	0.56	-7.903089986991944
197824.124	225	0.565	-7.903089986991944
198715.359	225	0.57	-7.903089986991944
199349.5	225	0.575	-7.903089986991944
199856.194	225	0.58	-7.903089986991944
200185.633	225	0.585	-7.903089986991944
201115.457	225	0.59	-7.903089986991944
202137.829	225	0.595	-7.903089986991944
202438.029	225	0.6	-7.903089986991944
202829.106	225	0.605	-7.903089986991944
203637.456	225	0.61	-7.903089986991944
204372.995	225	0.615	-7.903089986991944
205095.543	225	0.62	-7.903089986991944
205523.036	225	0.625	-7.903089986991944
206603.043	225	0.63	-7.903089986991944
206880.921	225	0.635	-7.903089986991944
207257.311	225	0.64	-7.903089986991944
207655.279	225	0.645	-7.903089986991944
208599.1	225	0.65	-7.903089986991944
209276.957	225	0.655	-7.903089986991944
209962.743	225	0.66	-7.903089986991944
210572.227	225	0.665	-7.903089986991944
211167.805	225	0.67	-7.903089986991944
212708.28	225	0.675	-7.903089986991944
213224.677	225	0.68	-7.903089986991944
213672.837	225	0.685	-7.903089986991944
214223.059	225	0.69	-7.903089986991944
214935.171	225	0.695	-7.903089986991944
215718.286	225	0.7	-7.903089986991944
216711.957	225	0.705	-7.903089986991944
217747.1	225	0.71	-7.903089986991944
218604.979	225	0.715	-7.903089986991944
219198.0	225	0.72	-7.903089986991944
219615.957	225	0.725	-7.903089986991944
220180.414	225	0.73	-7.903089986991944
220878.036	225	0.735	-7.903089986991944
221557.661	225	0.74	-7.903089986991944
221820.745	225	0.745	-7.903089986991944
222036.786	225	0.75	-7.903089986991944
223107.507	225	0.755	-7.903089986991944
224528.0	225	0.76	-7.903089986991944
225273.756	225	0.765	-7.903089986991944
226383.755	225	0.77	-7.903089986991944
227158.516	225	0.775	-7.903089986991944
228128.243	225	0.78	-7.903089986991944
228293.7	225	0.785	-7.903089986991944
228746.371	225	0.79	-7.903089986991944
230046.784	225	0.795	-7.903089986991944
230599.619	225	0.8	-7.903089986991944
231259.964	225	0.805	-7.903089986991944
232074.505	225	0.81	-7.903089986991944
233448.014	225	0.815	-7.903089986991944
234512.739	225	0.82	-7.903089986991944
235417.559	225	0.825	-7.903089986991944
237262.277	225	0.83	-7.903089986991944
238202.314	225	0.835	-7.903089986991944
239660.171	225	0.84	-7.903089986991944
241071.946	225	0.845	-7.903089986991944
242076.786	225	0.85	-7.903089986991944
243629.398	225	0.855	-7.903089986991944
245445.029	225	0.86	-7.903089986991944
246055.564	225	0.865	-7.903089986991944
248258.681	225	0.87	-7.903089986991944
249262.595	225	0.875	-7.903089986991944
251011.551	225	0.88	-7.903089986991944
253628.938	225	0.885	-7.903089986991944
255915.565	225	0.89	-7.903089986991944
258354.707	225	0.895	-7.903089986991944
262048.936	225	0.9	-7.903089986991944
264901.95	225	0.905	-7.903089986991944
267807.02	225	0.91	-7.903089986991944
269485.73	225	0.915	-7.903089986991944
272831.723	225	0.92	-7.903089986991944
275301.709	225	0.925	-7.903089986991944
279810.996	225	0.93	-7.903089986991944
282893.866	225	0.935	-7.903089986991944
287402.769	225	0.94	-7.903089986991944
290423.075	225	0.945	-7.903089986991944
294955.064	225	0.95	-7.903089986991944
298587.828	225	0.955	-7.903089986991944
302863.886	225	0.96	-7.903089986991944
309297.207	225	0.965	-7.903089986991944
334749.24	225	0.97	-7.903089986991944
356594.0	225	0.975	-7.903089986991944
367684.343	225	0.98	-7.903089986991944
382831.909	225	0.985	-7.903089986991944
404943.957	225	0.99	-7.903089986991944
449062.906	225	0.995	-7.903089986991944
198659.5	250	0.5	-7.903089986991944
199102.265	250	0.505	-7.903089986991944
199646.028	250	0.51	-7.903089986991944
200424.057	250	0.515	-7.903089986991944
200741.238	250	0.52	-7.903089986991944
201284.697	250	0.525	-7.903089986991944
201932.024	250	0.53	-7.903089986991944
202301.539	250	0.535	-7.903089986991944
202748.523	250	0.54	-7.903089986991944
203177.267	250	0.545	-7.903089986991944
203638.786	250	0.55	-7.903089986991944
204320.892	250	0.555	-7.903089986991944
204830.566	250	0.56	-7.903089986991944
205317.699	250	0.565	-7.903089986991944
205663.343	250	0.57	-7.903089986991944
206336.714	250	0.575	-7.903089986991944
206970.754	250	0.58	-7.903089986991944
207582.714	250	0.585	-7.903089986991944
207943.571	250	0.59	-7.903089986991944
208547.0	250	0.595	-7.903089986991944
209402.966	250	0.6	-7.903089986991944
209993.343	250	0.605	-7.903089986991944
210911.296	250	0.61	-7.903089986991944
211241.386	250	0.615	-7.903089986991944
211920.777	250	0.62	-7.903089986991944
212412.5	250	0.625	-7.903089986991944
212947.2	250	0.63	-7.903089986991944
214191.229	250	0.635	-7.903089986991944
214565.6	250	0.64	-7.903089986991944
215010.351	250	0.645	-7.903089986991944
215439.479	250	0.65	-7.903089986991944
216060.271	250	0.655	-7.903089986991944
217068.162	250	0.66	-7.903089986991944
217714.071	250	0.665	-7.903089986991944
218440.385	250	0.67	-7.903089986991944
219205.667	250	0.675	-7.903089986991944
220107.714	250	0.68	-7.903089986991944
220772.467	250	0.685	-7.903089986991944
221829.354	250	0.69	-7.903089986991944
222384.158	250	0.695	-7.903089986991944
224389.714	250	0.7	-7.903089986991944
224785.886	250	0.705	-7.903089986991944
225406.114	250	0.71	-7.903089986991944
225667.603	250	0.715	-7.903089986991944
226122.737	250	0.72	-7.903089986991944
227076.039	250	0.725	-7.903089986991944
227763.677	250	0.73	-7.903089986991944
228578.037	250	0.735	-7.903089986991944
229374.206	250	0.74	-7.903089986991944
230678.679	250	0.745	-7.903089986991944
231694.714	250	0.75	-7.903089986991944
232173.335	250	0.755	-7.903089986991944
233874.6	250	0.76	-7.903089986991944
235100.526	250	0.765	-7.903089986991944
235678.796	250	0.77	-7.903089986991944
237001.357	250	0.775	-7.903089986991944
238148.594	250	0.78	-7.903089986991944
239601.929	250	0.785	-7.903089986991944
241360.374	250	0.79	-7.903089986991944
242342.3	250	0.795	-7.903089986991944
243330.3	250	0.8	-7.903089986991944
244450.375	250	0.805	-7.903089986991944
246366.244	250	0.81	-7.903089986991944
246986.171	250	0.815	-7.903089986991944
247306.629	250	0.82	-7.903089986991944
248433.0	250	0.825	-7.903089986991944
251531.1	250	0.83	-7.903089986991944
252069.674	250	0.835	-7.903089986991944
252798.8	250	0.84	-7.903089986991944
255086.771	250	0.845	-7.903089986991944
256965.4	250	0.85	-7.903089986991944
258392.346	250	0.855	-7.903089986991944
259557.545	250	0.86	-7.903089986991944
260183.361	250	0.865	-7.903089986991944
261892.506	250	0.87	-7.903089986991944
263356.062	250	0.875	-7.903089986991944
264786.457	250	0.88	-7.903089986991944
266518.343	250	0.885	-7.903089986991944
267549.371	250	0.89	-7.903089986991944
270814.543	250	0.895	-7.903089986991944
271975.571	250	0.9	-7.903089986991944
274008.932	250	0.905	-7.903089986991944
279414.987	250	0.91	-7.903089986991944
285752.121	250	0.915	-7.903089986991944
289043.466	250	0.92	-7.903089986991944
294027.071	250	0.925	-7.903089986991944
300292.914	250	0.93	-7.903089986991944
304082.886	250	0.935	-7.903089986991944
308243.083	250	0.94	-7.903089986991944
311424.514	250	0.945	-7.903089986991944
316704.429	250	0.95	-7.903089986991944
328307.684	250	0.955	-7.903089986991944
333283.42	250	0.96	-7.903089986991944
336936.462	250	0.965	-7.903089986991944
350010.417	250	0.97	-7.903089986991944
373282.675	250	0.975	-7.903089986991944
382810.629	250	0.98	-7.903089986991944
417452.726	250	0.985	-7.903089986991944
472164.629	250	0.99	-7.903089986991944
519770.756	250	0.995	-7.903089986991944
205391.429	275	0.5	-7.903089986991944
206056.458	275	0.505	-7.903089986991944
206591.34	275	0.51	-7.903089986991944
207256.529	275	0.515	-7.903089986991944
208463.581	275	0.52	-7.903089986991944
208986.769	275	0.525	-7.903089986991944
209716.025	275	0.53	-7.903089986991944
210030.829	275	0.535	-7.903089986991944
210418.503	275	0.54	-7.903089986991944
211129.578	275	0.545	-7.903089986991944
212296.314	275	0.55	-7.903089986991944
212639.224	275	0.555	-7.903089986991944
213176.229	275	0.56	-7.903089986991944
214207.875	275	0.565	-7.903089986991944
214497.541	275	0.57	-7.903089986991944
215155.857	275	0.575	-7.903089986991944
216107.782	275	0.58	-7.903089986991944
216526.061	275	0.585	-7.903089986991944
217508.543	275	0.59	-7.903089986991944
217839.086	275	0.595	-7.903089986991944
218092.0	275	0.6	-7.903089986991944
219069.814	275	0.605	-7.903089986991944
220075.299	275	0.61	-7.903089986991944
220836.8	275	0.615	-7.903089986991944
222206.251	275	0.62	-7.903089986991944
222563.804	275	0.625	-7.903089986991944
223182.914	275	0.63	-7.903089986991944
223770.242	275	0.635	-7.903089986991944
224100.106	275	0.64	-7.903089986991944
225046.728	275	0.645	-7.903089986991944
225630.714	275	0.65	-7.903089986991944
226182.124	275	0.655	-7.903089986991944
227027.78	275	0.66	-7.903089986991944
227550.729	275	0.665	-7.903089986991944
228384.644	275	0.67	-7.903089986991944
228726.7	275	0.675	-7.903089986991944
229093.366	275	0.68	-7.903089986991944
229922.857	275	0.685	-7.903089986991944
230651.957	275	0.69	-7.903089986991944
231277.086	275	0.695	-7.903089986991944
233017.934	275	0.7	-7.903089986991944
233656.014	275	0.705	-7.903089986991944
234047.737	275	0.71	-7.903089986991944
234960.435	275	0.715	-7.903089986991944
235930.282	275	0.72	-7.903089986991944
236338.214	275	0.725	-7.903089986991944
236835.486	275	0.73	-7.903089986991944
237572.362	275	0.735	-7.903089986991944
238564.332	275	0.74	-7.903089986991944
239547.199	275	0.745	-7.903089986991944
240721.429	275	0.75	-7.903089986991944
242364.857	275	0.755	-7.903089986991944
243263.409	275	0.76	-7.903089986991944
243871.714	275	0.765	-7.903089986991944
244629.777	275	0.77	-7.903089986991944
245555.929	275	0.775	-7.903089986991944
246494.54	275	0.78	-7.903089986991944
247537.377	275	0.785	-7.903089986991944
248884.631	275	0.79	-7.903089986991944
249682.931	275	0.795	-7.903089986991944
250205.429	275	0.8	-7.903089986991944
250795.655	275	0.805	-7.903089986991944
251742.971	275	0.81	-7.903089986991944
252291.743	275	0.815	-7.903089986991944
252650.183	275	0.82	-7.903089986991944
253248.571	275	0.825	-7.903089986991944
256192.057	275	0.83	-7.903089986991944
256939.938	275	0.835	-7.903089986991944
257678.537	275	0.84	-7.903089986991944
259691.729	275	0.845	-7.903089986991944
262294.064	275	0.85	-7.903089986991944
263632.529	275	0.855	-7.903089986991944
265612.74	275	0.86	-7.903089986991944
267186.871	275	0.865	-7.903089986991944
268780.51	275	0.87	-7.903089986991944
270900.357	275	0.875	-7.903089986991944
273201.983	275	0.88	-7.903089986991944
274340.857	275	0.885	-7.903089986991944
275966.844	275	0.89	-7.903089986991944
277945.386	275	0.895	-7.903089986991944
280237.143	275	0.9	-7.903089986991944
281680.786	275	0.905	-7.903089986991944
286113.801	275	0.91	-7.903089986991944
292570.569	275	0.915	-7.903089986991944
294920.849	275	0.92	-7.903089986991944
305467.786	275	0.925	-7.903089986991944
311028.953	275	0.93	-7.903089986991944
314130.357	275	0.935	-7.903089986991944
316440.903	275	0.94	-7.903089986991944
324487.306	275	0.945	-7.903089986991944
334869.071	275	0.95	-7.903089986991944
338916.89	275	0.955	-7.903089986991944
347062.686	275	0.96	-7.903089986991944
353365.767	275	0.965	-7.903089986991944
359330.953	275	0.97	-7.903089986991944
366153.143	275	0.975	-7.903089986991944
381089.771	275	0.98	-7.903089986991944
392063.657	275	0.985	-7.903089986991944
419258.343	275	0.99	-7.903089986991944
462748.629	275	0.995	-7.903089986991944
212855.857	300	0.5	-7.903089986991944
213258.271	300	0.505	-7.903089986991944
213680.058	300	0.51	-7.903089986991944
214736.451	300	0.515	-7.903089986991944
215067.686	300	0.52	-7.903089986991944
215446.264	300	0.525	-7.903089986991944
216333.686	300	0.53	-7.903089986991944
217322.695	300	0.535	-7.903089986991944
217809.437	300	0.54	-7.903089986991944
218303.9	300	0.545	-7.903089986991944
218934.929	300	0.55	-7.903089986991944
219951.046	300	0.555	-7.903089986991944
220430.114	300	0.56	-7.903089986991944
221026.51	300	0.565	-7.903089986991944
221788.826	300	0.57	-7.903089986991944
222695.268	300	0.575	-7.903089986991944
223532.137	300	0.58	-7.903089986991944
224460.029	300	0.585	-7.903089986991944
224915.514	300	0.59	-7.903089986991944
225141.371	300	0.595	-7.903089986991944
225425.443	300	0.6	-7.903089986991944
226320.485	300	0.605	-7.903089986991944
226718.524	300	0.61	-7.903089986991944
227265.466	300	0.615	-7.903089986991944
227724.457	300	0.62	-7.903089986991944
228317.832	300	0.625	-7.903089986991944
228976.6	300	0.63	-7.903089986991944
229177.705	300	0.635	-7.903089986991944
229658.68	300	0.64	-7.903089986991944
229943.666	300	0.645	-7.903089986991944
230441.857	300	0.65	-7.903089986991944
230925.076	300	0.655	-7.903089986991944
231383.614	300	0.66	-7.903089986991944
231731.001	300	0.665	-7.903089986991944
232434.819	300	0.67	-7.903089986991944
233374.429	300	0.675	-7.903089986991944
233739.843	300	0.68	-7.903089986991944
234672.219	300	0.685	-7.903089986991944
235580.769	300	0.69	-7.903089986991944
237162.006	300	0.695	-7.903089986991944
237815.643	300	0.7	-7.903089986991944
239421.457	300	0.705	-7.903089986991944
240666.52	300	0.71	-7.903089986991944
241643.604	300	0.715	-7.903089986991944
242471.96	300	0.72	-7.903089986991944
243176.0	300	0.725	-7.903089986991944
244330.023	300	0.73	-7.903089986991944
245101.777	300	0.735	-7.903089986991944
246885.829	300	0.74	-7.903089986991944
247613.671	300	0.745	-7.903089986991944
248273.143	300	0.75	-7.903089986991944
249071.129	300	0.755	-7.903089986991944
249762.894	300	0.76	-7.903089986991944
250631.281	300	0.765	-7.903089986991944
251281.714	300	0.77	-7.903089986991944
252838.357	300	0.775	-7.903089986991944
253765.58	300	0.78	-7.903089986991944
255106.602	300	0.785	-7.903089986991944
255974.56	300	0.79	-7.903089986991944
257584.881	300	0.795	-7.903089986991944
258513.924	300	0.8	-7.903089986991944
259474.543	300	0.805	-7.903089986991944
260755.827	300	0.81	-7.903089986991944
262342.914	300	0.815	-7.903089986991944
263873.486	300	0.82	-7.903089986991944
265780.357	300	0.825	-7.903089986991944
266801.51	300	0.83	-7.903089986991944
268037.319	300	0.835	-7.903089986991944
269920.963	300	0.84	-7.903089986991944
270900.171	300	0.845	-7.903089986991944
271659.0	300	0.85	-7.903089986991944
272672.479	300	0.855	-7.903089986991944
274828.357	300	0.86	-7.903089986991944
276628.314	300	0.865	-7.903089986991944
279198.554	300	0.87	-7.903089986991944
281141.633	300	0.875	-7.903089986991944
287107.623	300	0.88	-7.903089986991944
288628.457	300	0.885	-7.903089986991944
290763.791	300	0.89	-7.903089986991944
293928.444	300	0.895	-7.903089986991944
296010.743	300	0.9	-7.903089986991944
299154.471	300	0.905	-7.903089986991944
302854.843	300	0.91	-7.903089986991944
307353.971	300	0.915	-7.903089986991944
309927.908	300	0.92	-7.903089986991944
313843.996	300	0.925	-7.903089986991944
317460.943	300	0.93	-7.903089986991944
321608.329	300	0.935	-7.903089986991944
325008.526	300	0.94	-7.903089986991944
331936.801	300	0.945	-7.903089986991944
339791.486	300	0.95	-7.903089986991944
346868.884	300	0.955	-7.903089986991944
357036.571	300	0.96	-7.903089986991944
369824.283	300	0.965	-7.903089986991944
378972.943	300	0.97	-7.903089986991944
401023.018	300	0.975	-7.903089986991944
426656.857	300	0.98	-7.903089986991944
449726.393	300	0.985	-7.903089986991944
467759.057	300	0.99	-7.903089986991944
525901.529	300	0.995	-7.903089986991944
221145.857	325	0.5	-7.903089986991944
221604.2	325	0.505	-7.903089986991944
222329.835	325	0.51	-7.903089986991944
223059.193	325	0.515	-7.903089986991944
223641.677	325	0.52	-7.903089986991944
224405.0	325	0.525	-7.903089986991944
225105.657	325	0.53	-7.903089986991944
225624.342	325	0.535	-7.903089986991944
226117.896	325	0.54	-7.903089986991944
226398.375	325	0.545	-7.903089986991944
226823.869	325	0.55	-7.903089986991944
227565.003	325	0.555	-7.903089986991944
227888.563	325	0.56	-7.903089986991944
228311.221	325	0.565	-7.903089986991944
228750.345	325	0.57	-7.903089986991944
229046.709	325	0.575	-7.903089986991944
229992.847	325	0.58	-7.903089986991944
230454.679	325	0.585	-7.903089986991944
230884.461	325	0.59	-7.903089986991944
231062.386	325	0.595	-7.903089986991944
231591.429	325	0.6	-7.903089986991944
232243.37	325	0.605	-7.903089986991944
232572.786	325	0.61	-7.903089986991944
232892.287	325	0.615	-7.903089986991944
233390.571	325	0.62	-7.903089986991944
233862.714	325	0.625	-7.903089986991944
234663.316	325	0.63	-7.903089986991944
235561.636	325	0.635	-7.903089986991944
236268.229	325	0.64	-7.903089986991944
237162.107	325	0.645	-7.903089986991944
237904.189	325	0.65	-7.903089986991944
238764.172	325	0.655	-7.903089986991944
239254.404	325	0.66	-7.903089986991944
240118.1	325	0.665	-7.903089986991944
241014.609	325	0.67	-7.903089986991944
241333.53	325	0.675	-7.903089986991944
241792.171	325	0.68	-7.903089986991944
242734.989	325	0.685	-7.903089986991944
243724.206	325	0.69	-7.903089986991944
244307.257	325	0.695	-7.903089986991944
244943.307	325	0.7	-7.903089986991944
245974.207	325	0.705	-7.903089986991944
246723.943	325	0.71	-7.903089986991944
247922.364	325	0.715	-7.903089986991944
249021.429	325	0.72	-7.903089986991944
249640.677	325	0.725	-7.903089986991944
251158.038	325	0.73	-7.903089986991944
252122.507	325	0.735	-7.903089986991944
253137.901	325	0.74	-7.903089986991944
253915.104	325	0.745	-7.903089986991944
254660.036	325	0.75	-7.903089986991944
255166.65	325	0.755	-7.903089986991944
256507.831	325	0.76	-7.903089986991944
257933.844	325	0.765	-7.903089986991944
259220.655	325	0.77	-7.903089986991944
259735.107	325	0.775	-7.903089986991944
260859.286	325	0.78	-7.903089986991944
262066.426	325	0.785	-7.903089986991944
262681.103	325	0.79	-7.903089986991944
264408.365	325	0.795	-7.903089986991944
264984.571	325	0.8	-7.903089986991944
266919.657	325	0.805	-7.903089986991944
267449.715	325	0.81	-7.903089986991944
267839.138	325	0.815	-7.903089986991944
268544.657	325	0.82	-7.903089986991944
269556.643	325	0.825	-7.903089986991944
270260.741	325	0.83	-7.903089986991944
271599.393	325	0.835	-7.903089986991944
273642.794	325	0.84	-7.903089986991944
275390.135	325	0.845	-7.903089986991944
277152.429	325	0.85	-7.903089986991944
279187.277	325	0.855	-7.903089986991944
280431.527	325	0.86	-7.903089986991944
281741.169	325	0.865	-7.903089986991944
284491.219	325	0.87	-7.903089986991944
285146.964	325	0.875	-7.903089986991944
286773.486	325	0.88	-7.903089986991944
289475.457	325	0.885	-7.903089986991944
293335.631	325	0.89	-7.903089986991944
294583.193	325	0.895	-7.903089986991944
298381.286	325	0.9	-7.903089986991944
299508.852	325	0.905	-7.903089986991944
302776.5	325	0.91	-7.903089986991944
305804.257	325	0.915	-7.903089986991944
309141.697	325	0.92	-7.903089986991944
312137.779	325	0.925	-7.903089986991944
315872.157	325	0.93	-7.903089986991944
323520.771	325	0.935	-7.903089986991944
329463.886	325	0.94	-7.903089986991944
335183.15	325	0.945	-7.903089986991944
338128.0	325	0.95	-7.903089986991944
342546.624	325	0.955	-7.903089986991944
349682.003	325	0.96	-7.903089986991944
354820.448	325	0.965	-7.903089986991944
364572.1	325	0.97	-7.903089986991944
373021.786	325	0.975	-7.903089986991944
391474.829	325	0.98	-7.903089986991944
413666.621	325	0.985	-7.903089986991944
465855.317	325	0.99	-7.903089986991944
559528.163	325	0.995	-7.903089986991944
227538.571	350	0.5	-7.903089986991944
227960.099	350	0.505	-7.903089986991944
229531.714	350	0.51	-7.903089986991944
229861.498	350	0.515	-7.903089986991944
230621.143	350	0.52	-7.903089986991944
231155.346	350	0.525	-7.903089986991944
232047.049	350	0.53	-7.903089986991944
233103.161	350	0.535	-7.903089986991944
233797.897	350	0.54	-7.903089986991944
234164.043	350	0.545	-7.903089986991944
234743.164	350	0.55	-7.903089986991944
235162.74	350	0.555	-7.903089986991944
235746.549	350	0.56	-7.903089986991944
236532.009	350	0.565	-7.903089986991944
237127.969	350	0.57	-7.903089986991944
238160.357	350	0.575	-7.903089986991944
239403.429	350	0.58	-7.903089986991944
240243.236	350	0.585	-7.903089986991944
240926.947	350	0.59	-7.903089986991944
242104.243	350	0.595	-7.903089986991944
242585.486	350	0.6	-7.903089986991944
243012.199	350	0.605	-7.903089986991944
243491.443	350	0.61	-7.903089986991944
244160.112	350	0.615	-7.903089986991944
244925.886	350	0.62	-7.903089986991944
246303.571	350	0.625	-7.903089986991944
246633.457	350	0.63	-7.903089986991944
247336.986	350	0.635	-7.903089986991944
247961.811	350	0.64	-7.903089986991944
248463.186	350	0.645	-7.903089986991944
249796.429	350	0.65	-7.903089986991944
250464.394	350	0.655	-7.903089986991944
251108.864	350	0.66	-7.903089986991944
252200.711	350	0.665	-7.903089986991944
252968.371	350	0.67	-7.903089986991944
253357.096	350	0.675	-7.903089986991944
253780.12	350	0.68	-7.903089986991944
254377.386	350	0.685	-7.903089986991944
254961.193	350	0.69	-7.903089986991944
255412.229	350	0.695	-7.903089986991944
256096.571	350	0.7	-7.903089986991944
257419.171	350	0.705	-7.903089986991944
258877.095	350	0.71	-7.903089986991944
260140.827	350	0.715	-7.903089986991944
261848.966	350	0.72	-7.903089986991944
262579.15	350	0.725	-7.903089986991944
263899.714	350	0.73	-7.903089986991944
265135.429	350	0.735	-7.903089986991944
266335.657	350	0.74	-7.903089986991944
266897.343	350	0.745	-7.903089986991944
267374.286	350	0.75	-7.903089986991944
269066.636	350	0.755	-7.903089986991944
270469.177	350	0.76	-7.903089986991944
272303.743	350	0.765	-7.903089986991944
273055.686	350	0.77	-7.903089986991944
273975.571	350	0.775	-7.903089986991944
274915.091	350	0.78	-7.903089986991944
276073.557	350	0.785	-7.903089986991944
277861.771	350	0.79	-7.903089986991944
278987.071	350	0.795	-7.903089986991944
280998.571	350	0.8	-7.903089986991944
283183.586	350	0.805	-7.903089986991944
284940.457	350	0.81	-7.903089986991944
286877.684	350	0.815	-7.903089986991944
288785.28	350	0.82	-7.903089986991944
289803.857	350	0.825	-7.903089986991944
291304.653	350	0.83	-7.903089986991944
292334.395	350	0.835	-7.903089986991944
295321.851	350	0.84	-7.903089986991944
296930.364	350	0.845	-7.903089986991944
300567.879	350	0.85	-7.903089986991944
301970.637	350	0.855	-7.903089986991944
303472.0	350	0.86	-7.903089986991944
305540.847	350	0.865	-7.903089986991944
308670.343	350	0.87	-7.903089986991944
311640.286	350	0.875	-7.903089986991944
314551.937	350	0.88	-7.903089986991944
315443.271	350	0.885	-7.903089986991944
316630.973	350	0.89	-7.903089986991944
317919.1	350	0.895	-7.903089986991944
319303.714	350	0.9	-7.903089986991944
322005.772	350	0.905	-7.903089986991944
326046.157	350	0.91	-7.903089986991944
331271.441	350	0.915	-7.903089986991944
334658.169	350	0.92	-7.903089986991944
339294.111	350	0.925	-7.903089986991944
345923.904	350	0.93	-7.903089986991944
349537.543	350	0.935	-7.903089986991944
352210.506	350	0.94	-7.903089986991944
355839.906	350	0.945	-7.903089986991944
360735.221	350	0.95	-7.903089986991944
365974.974	350	0.955	-7.903089986991944
383062.769	350	0.96	-7.903089986991944
398377.344	350	0.965	-7.903089986991944
412304.573	350	0.97	-7.903089986991944
434895.571	350	0.975	-7.903089986991944
444992.103	350	0.98	-7.903089986991944
457251.543	350	0.985	-7.903089986991944
506880.462	350	0.99	-7.903089986991944
539001.286	350	0.995	-7.903089986991944
231172.857	375	0.5	-7.903089986991944
231972.901	375	0.505	-7.903089986991944
232630.662	375	0.51	-7.903089986991944
233326.899	375	0.515	-7.903089986991944
233771.766	375	0.52	-7.903089986991944
234365.755	375	0.525	-7.903089986991944
234968.962	375	0.53	-7.903089986991944
235515.307	375	0.535	-7.903089986991944
236126.379	375	0.54	-7.903089986991944
236756.264	375	0.545	-7.903089986991944
237551.714	375	0.55	-7.903089986991944
237922.93	375	0.555	-7.903089986991944
238606.72	375	0.56	-7.903089986991944
239015.674	375	0.565	-7.903089986991944
239801.702	375	0.57	-7.903089986991944
240155.541	375	0.575	-7.903089986991944
241032.129	375	0.58	-7.903089986991944
242100.535	375	0.585	-7.903089986991944
242311.188	375	0.59	-7.903089986991944
242972.185	375	0.595	-7.903089986991944
243604.043	375	0.6	-7.903089986991944
244356.761	375	0.605	-7.903089986991944
245092.157	375	0.61	-7.903089986991944
246131.349	375	0.615	-7.903089986991944
247331.631	375	0.62	-7.903089986991944
249058.938	375	0.625	-7.903089986991944
249632.986	375	0.63	-7.903089986991944
250386.508	375	0.635	-7.903089986991944
251086.997	375	0.64	-7.903089986991944
251587.653	375	0.645	-7.903089986991944
252466.075	375	0.65	-7.903089986991944
253239.818	375	0.655	-7.903089986991944
254133.79	375	0.66	-7.903089986991944
254767.621	375	0.665	-7.903089986991944
255393.779	375	0.67	-7.903089986991944
255968.821	375	0.675	-7.903089986991944
257100.743	375	0.68	-7.903089986991944
257991.654	375	0.685	-7.903089986991944
259342.7	375	0.69	-7.903089986991944
260308.39	375	0.695	-7.903089986991944
260871.0	375	0.7	-7.903089986991944
261810.979	375	0.705	-7.903089986991944
262417.355	375	0.71	-7.903089986991944
265170.326	375	0.715	-7.903089986991944
267034.394	375	0.72	-7.903089986991944
267731.913	375	0.725	-7.903089986991944
269561.357	375	0.73	-7.903089986991944
270523.738	375	0.735	-7.903089986991944
270858.686	375	0.74	-7.903089986991944
272040.228	375	0.745	-7.903089986991944
273859.696	375	0.75	-7.903089986991944
275237.291	375	0.755	-7.903089986991944
276812.011	375	0.76	-7.903089986991944
277958.793	375	0.765	-7.903089986991944
278727.907	375	0.77	-7.903089986991944
279727.127	375	0.775	-7.903089986991944
280543.086	375	0.78	-7.903089986991944
281731.65	375	0.785	-7.903089986991944
282219.03	375	0.79	-7.903089986991944
283417.656	375	0.795	-7.903089986991944
284009.786	375	0.8	-7.903089986991944
285557.424	375	0.805	-7.903089986991944
286954.441	375	0.81	-7.903089986991944
288117.686	375	0.815	-7.903089986991944
290161.77	375	0.82	-7.903089986991944
291995.095	375	0.825	-7.903089986991944
293452.186	375	0.83	-7.903089986991944
294979.875	375	0.835	-7.903089986991944
298836.686	375	0.84	-7.903089986991944
303285.779	375	0.845	-7.903089986991944
304978.521	375	0.85	-7.903089986991944
308392.003	375	0.855	-7.903089986991944
312397.739	375	0.86	-7.903089986991944
315638.045	375	0.865	-7.903089986991944
319624.019	375	0.87	-7.903089986991944
321656.071	375	0.875	-7.903089986991944
325183.657	375	0.88	-7.903089986991944
327992.136	375	0.885	-7.903089986991944
330770.686	375	0.89	-7.903089986991944
334485.974	375	0.895	-7.903089986991944
339076.819	375	0.9	-7.903089986991944
341396.15	375	0.905	-7.903089986991944
343317.671	375	0.91	-7.903089986991944
346103.45	375	0.915	-7.903089986991944
349374.914	375	0.92	-7.903089986991944
352424.577	375	0.925	-7.903089986991944
354529.091	375	0.93	-7.903089986991944
358508.192	375	0.935	-7.903089986991944
367431.877	375	0.94	-7.903089986991944
371294.155	375	0.945	-7.903089986991944
380124.214	375	0.95	-7.903089986991944
385537.921	375	0.955	-7.903089986991944
391521.749	375	0.96	-7.903089986991944
394703.969	375	0.965	-7.903089986991944
408589.389	375	0.97	-7.903089986991944
419964.586	375	0.975	-7.903089986991944
446013.4	375	0.98	-7.903089986991944
462597.35	375	0.985	-7.903089986991944
494291.756	375	0.99	-7.903089986991944
527546.793	375	0.995	-7.903089986991944
242021.179	400	0.5	-7.903089986991944
242670.264	400	0.505	-7.903089986991944
243957.271	400	0.51	-7.903089986991944
244666.88	400	0.515	-7.903089986991944
245528.229	400	0.52	-7.903089986991944
246985.786	400	0.525	-7.903089986991944
247805.602	400	0.53	-7.903089986991944
248212.89	400	0.535	-7.903089986991944
248828.4	400	0.54	-7.903089986991944
249548.775	400	0.545	-7.903089986991944
250474.421	400	0.55	-7.903089986991944
250890.514	400	0.555	-7.903089986991944
251896.074	400	0.56	-7.903089986991944
252369.352	400	0.565	-7.903089986991944
252815.6	400	0.57	-7.903089986991944
253245.959	400	0.575	-7.903089986991944
253719.086	400	0.58	-7.903089986991944
254315.259	400	0.585	-7.903089986991944
255094.986	400	0.59	-7.903089986991944
256352.654	400	0.595	-7.903089986991944
257296.614	400	0.6	-7.903089986991944
258235.2	400	0.605	-7.903089986991944
259195.109	400	0.61	-7.903089986991944
260097.171	400	0.615	-7.903089986991944
260796.283	400	0.62	-7.903089986991944
261357.705	400	0.625	-7.903089986991944
262385.328	400	0.63	-7.903089986991944
263201.712	400	0.635	-7.903089986991944
263680.8	400	0.64	-7.903089986991944
265123.206	400	0.645	-7.903089986991944
266210.462	400	0.65	-7.903089986991944
267336.349	400	0.655	-7.903089986991944
268098.169	400	0.66	-7.903089986991944
268967.312	400	0.665	-7.903089986991944
270408.686	400	0.67	-7.903089986991944
271429.705	400	0.675	-7.903089986991944
272460.263	400	0.68	-7.903089986991944
273864.814	400	0.685	-7.903089986991944
274643.686	400	0.69	-7.903089986991944
275651.35	400	0.695	-7.903089986991944
276801.814	400	0.7	-7.903089986991944
277538.219	400	0.705	-7.903089986991944
278226.308	400	0.71	-7.903089986991944
279287.232	400	0.715	-7.903089986991944
280729.811	400	0.72	-7.903089986991944
281864.429	400	0.725	-7.903089986991944
283233.461	400	0.73	-7.903089986991944
284408.01	400	0.735	-7.903089986991944
285446.829	400	0.74	-7.903089986991944
287080.146	400	0.745	-7.903089986991944
288503.929	400	0.75	-7.903089986991944
289482.843	400	0.755	-7.903089986991944
291151.28	400	0.76	-7.903089986991944
292038.86	400	0.765	-7.903089986991944
294641.529	400	0.77	-7.903089986991944
295590.02	400	0.775	-7.903089986991944
297224.967	400	0.78	-7.903089986991944
297809.944	400	0.785	-7.903089986991944
298605.701	400	0.79	-7.903089986991944
301648.391	400	0.795	-7.903089986991944
302735.443	400	0.8	-7.903089986991944
306556.9	400	0.805	-7.903089986991944
307362.199	400	0.81	-7.903089986991944
309693.436	400	0.815	-7.903089986991944
311322.579	400	0.82	-7.903089986991944
314172.738	400	0.825	-7.903089986991944
316552.667	400	0.83	-7.903089986991944
317699.035	400	0.835	-7.903089986991944
319776.514	400	0.84	-7.903089986991944
322183.119	400	0.845	-7.903089986991944
324364.829	400	0.85	-7.903089986991944
326939.084	400	0.855	-7.903089986991944
329219.124	400	0.86	-7.903089986991944
330557.171	400	0.865	-7.903089986991944
333389.143	400	0.87	-7.903089986991944
338157.946	400	0.875	-7.903089986991944
341625.34	400	0.88	-7.903089986991944
343818.414	400	0.885	-7.903089986991944
346516.967	400	0.89	-7.903089986991944
349651.864	400	0.895	-7.903089986991944
353390.086	400	0.9	-7.903089986991944
357800.978	400	0.905	-7.903089986991944
359794.556	400	0.91	-7.903089986991944
365978.143	400	0.915	-7.903089986991944
368258.514	400	0.92	-7.903089986991944
377306.786	400	0.925	-7.903089986991944
384430.366	400	0.93	-7.903089986991944
389806.507	400	0.935	-7.903089986991944
394035.657	400	0.94	-7.903089986991944
398656.496	400	0.945	-7.903089986991944
407418.354	400	0.95	-7.903089986991944
410893.325	400	0.955	-7.903089986991944
422255.531	400	0.96	-7.903089986991944
430578.893	400	0.965	-7.903089986991944
455338.243	400	0.97	-7.903089986991944
463272.571	400	0.975	-7.903089986991944
487172.069	400	0.98	-7.903089986991944
542940.339	400	0.985	-7.903089986991944
614018.126	400	0.99	-7.903089986991944
684845.407	400	0.995	-7.903089986991944
247552.214	425	0.5	-7.903089986991944
248421.518	425	0.505	-7.903089986991944
248924.752	425	0.51	-7.903089986991944
249823.243	425	0.515	-7.903089986991944
250671.6	425	0.52	-7.903089986991944
250991.464	425	0.525	-7.903089986991944
252014.365	425	0.53	-7.903089986991944
252579.169	425	0.535	-7.903089986991944
253064.51	425	0.54	-7.903089986991944
254195.443	425	0.545	-7.903089986991944
255434.507	425	0.55	-7.903089986991944
256610.489	425	0.555	-7.903089986991944
257295.609	425	0.56	-7.903089986991944
257894.031	425	0.565	-7.903089986991944
258730.234	425	0.57	-7.903089986991944
259412.541	425	0.575	-7.903089986991944
260027.114	425	0.58	-7.903089986991944
261360.529	425	0.585	-7.903089986991944
262339.414	425	0.59	-7.903089986991944
263668.526	425	0.595	-7.903089986991944
264451.314	425	0.6	-7.903089986991944
265228.679	425	0.605	-7.903089986991944
265980.114	425	0.61	-7.903089986991944
266816.511	425	0.615	-7.903089986991944
267195.044	425	0.62	-7.903089986991944
267749.286	425	0.625	-7.903089986991944
268196.714	425	0.63	-7.903089986991944
268596.674	425	0.635	-7.903089986991944
269410.454	425	0.64	-7.903089986991944
270419.288	425	0.645	-7.903089986991944
270972.714	425	0.65	-7.903089986991944
271662.762	425	0.655	-7.903089986991944
272578.457	425	0.66	-7.903089986991944
273566.998	425	0.665	-7.903089986991944
275443.114	425	0.67	-7.903089986991944
277651.261	425	0.675	-7.903089986991944
278034.629	425	0.68	-7.903089986991944
279461.782	425	0.685	-7.903089986991944
280139.3	425	0.69	-7.903089986991944
281615.286	425	0.695	-7.903089986991944
282960.143	425	0.7	-7.903089986991944
283681.15	425	0.705	-7.903089986991944
284207.353	425	0.71	-7.903089986991944
285548.85	425	0.715	-7.903089986991944
286237.371	425	0.72	-7.903089986991944
288189.23	425	0.725	-7.903089986991944
289144.595	425	0.73	-7.903089986991944
290476.609	425	0.735	-7.903089986991944
291072.647	425	0.74	-7.903089986991944
292544.319	425	0.745	-7.903089986991944
295550.286	425	0.75	-7.903089986991944
298875.921	425	0.755	-7.903089986991944
300319.48	425	0.76	-7.903089986991944
302031.129	425	0.765	-7.903089986991944
303446.553	425	0.77	-7.903089986991944
304763.091	425	0.775	-7.903089986991944
306219.8	425	0.78	-7.903089986991944
307354.458	425	0.785	-7.903089986991944
309280.286	425	0.79	-7.903089986991944
310624.857	425	0.795	-7.903089986991944
312869.3	425	0.8	-7.903089986991944
314708.294	425	0.805	-7.903089986991944
317545.122	425	0.81	-7.903089986991944
320113.599	425	0.815	-7.903089986991944
323175.868	425	0.82	-7.903089986991944
324531.595	425	0.825	-7.903089986991944
327279.061	425	0.83	-7.903089986991944
330970.085	425	0.835	-7.903089986991944
333215.931	425	0.84	-7.903089986991944
335277.364	425	0.845	-7.903089986991944
337298.946	425	0.85	-7.903089986991944
339723.207	425	0.855	-7.903089986991944
341765.439	425	0.86	-7.903089986991944
343391.493	425	0.865	-7.903089986991944
347235.084	425	0.87	-7.903089986991944
351517.857	425	0.875	-7.903089986991944
352797.554	425	0.88	-7.903089986991944
355861.118	425	0.885	-7.903089986991944
359525.643	425	0.89	-7.903089986991944
361623.364	425	0.895	-7.903089986991944
367987.857	425	0.9	-7.903089986991944
377495.893	425	0.905	-7.903089986991944
381566.98	425	0.91	-7.903089986991944
385396.0	425	0.915	-7.903089986991944
388764.0	425	0.92	-7.903089986991944
393062.541	425	0.925	-7.903089986991944
398590.24	425	0.93	-7.903089986991944
403549.276	425	0.935	-7.903089986991944
406594.971	425	0.94	-7.903089986991944
412284.455	425	0.945	-7.903089986991944
417210.971	425	0.95	-7.903089986991944
439988.46	425	0.955	-7.903089986991944
463353.719	425	0.96	-7.903089986991944
475596.743	425	0.965	-7.903089986991944
489018.343	425	0.97	-7.903089986991944
525384.607	425	0.975	-7.903089986991944
554880.257	425	0.98	-7.903089986991944
594526.829	425	0.985	-7.903089986991944
650542.814	425	0.99	-7.903089986991944
720639.214	425	0.995	-7.903089986991944
252604.286	450	0.5	-7.903089986991944
252965.646	450	0.505	-7.903089986991944
253693.859	450	0.51	-7.903089986991944
254097.702	450	0.515	-7.903089986991944
254853.763	450	0.52	-7.903089986991944
255394.143	450	0.525	-7.903089986991944
256170.823	450	0.53	-7.903089986991944
256536.639	450	0.535	-7.903089986991944
257847.486	450	0.54	-7.903089986991944
258442.349	450	0.545	-7.903089986991944
259216.764	450	0.55	-7.903089986991944
259746.7	450	0.555	-7.903089986991944
261030.0	450	0.56	-7.903089986991944
261400.386	450	0.565	-7.903089986991944
262628.6	450	0.57	-7.903089986991944
263271.857	450	0.575	-7.903089986991944
264243.543	450	0.58	-7.903089986991944
265513.714	450	0.585	-7.903089986991944
266057.971	450	0.59	-7.903089986991944
266829.056	450	0.595	-7.903089986991944
268246.114	450	0.6	-7.903089986991944
268651.244	450	0.605	-7.903089986991944
269188.489	450	0.61	-7.903089986991944
269703.792	450	0.615	-7.903089986991944
270252.783	450	0.62	-7.903089986991944
270861.179	450	0.625	-7.903089986991944
271576.806	450	0.63	-7.903089986991944
272419.947	450	0.635	-7.903089986991944
273057.2	450	0.64	-7.903089986991944
273768.308	450	0.645	-7.903089986991944
274751.386	450	0.65	-7.903089986991944
275897.459	450	0.655	-7.903089986991944
277155.143	450	0.66	-7.903089986991944
277531.466	450	0.665	-7.903089986991944
278160.514	450	0.67	-7.903089986991944
279014.714	450	0.675	-7.903089986991944
280012.911	450	0.68	-7.903089986991944
280808.559	450	0.685	-7.903089986991944
282200.704	450	0.69	-7.903089986991944
282798.785	450	0.695	-7.903089986991944
284108.329	450	0.7	-7.903089986991944
284805.397	450	0.705	-7.903089986991944
286186.4	450	0.71	-7.903089986991944
287145.286	450	0.715	-7.903089986991944
288500.957	450	0.72	-7.903089986991944
289382.111	450	0.725	-7.903089986991944
289570.694	450	0.73	-7.903089986991944
290594.989	450	0.735	-7.903089986991944
291535.237	450	0.74	-7.903089986991944
292646.026	450	0.745	-7.903089986991944
293910.786	450	0.75	-7.903089986991944
295787.535	450	0.755	-7.903089986991944
296987.637	450	0.76	-7.903089986991944
298109.019	450	0.765	-7.903089986991944
299544.229	450	0.77	-7.903089986991944
300994.286	450	0.775	-7.903089986991944
302987.211	450	0.78	-7.903089986991944
305469.809	450	0.785	-7.903089986991944
306905.93	450	0.79	-7.903089986991944
308185.34	450	0.795	-7.903089986991944
309785.714	450	0.8	-7.903089986991944
313777.499	450	0.805	-7.903089986991944
314847.029	450	0.81	-7.903089986991944
316600.584	450	0.815	-7.903089986991944
318190.206	450	0.82	-7.903089986991944
320083.214	450	0.825	-7.903089986991944
321078.494	450	0.83	-7.903089986991944
322972.957	450	0.835	-7.903089986991944
326307.434	450	0.84	-7.903089986991944
327857.814	450	0.845	-7.903089986991944
329183.957	450	0.85	-7.903089986991944
331938.014	450	0.855	-7.903089986991944
334705.849	450	0.86	-7.903089986991944
338601.086	450	0.865	-7.903089986991944
341392.566	450	0.87	-7.903089986991944
349291.411	450	0.875	-7.903089986991944
351318.343	450	0.88	-7.903089986991944
354070.671	450	0.885	-7.903089986991944
356779.5	450	0.89	-7.903089986991944
358284.165	450	0.895	-7.903089986991944
362561.714	450	0.9	-7.903089986991944
366981.882	450	0.905	-7.903089986991944
372984.404	450	0.91	-7.903089986991944
380581.332	450	0.915	-7.903089986991944
388651.211	450	0.92	-7.903089986991944
393969.307	450	0.925	-7.903089986991944
399429.171	450	0.93	-7.903089986991944
411445.566	450	0.935	-7.903089986991944
417368.343	450	0.94	-7.903089986991944
427632.329	450	0.945	-7.903089986991944
436421.286	450	0.95	-7.903089986991944
441673.031	450	0.955	-7.903089986991944
452866.094	450	0.96	-7.903089986991944
464239.743	450	0.965	-7.903089986991944
475910.077	450	0.97	-7.903089986991944
504145.143	450	0.975	-7.903089986991944
510908.311	450	0.98	-7.903089986991944
524711.986	450	0.985	-7.903089986991944
551702.876	450	0.99	-7.903089986991944
618316.558	450	0.995	-7.903089986991944
