S*_score	SNP_num	quantile	log(local_recomb_rate)
143076.0	25	0.5	-7.903089986991944
143564.038	25	0.505	-7.903089986991944
143913.806	25	0.51	-7.903089986991944
144240.409	25	0.515	-7.903089986991944
144845.232	25	0.52	-7.903089986991944
145369.144	25	0.525	-7.903089986991944
145990.866	25	0.53	-7.903089986991944
146558.4	25	0.535	-7.903089986991944
146956.815	25	0.54	-7.903089986991944
147323.989	25	0.545	-7.903089986991944
147404.0	25	0.55	-7.903089986991944
147990.029	25	0.555	-7.903089986991944
148479.314	25	0.56	-7.903089986991944
148968.143	25	0.565	-7.903089986991944
149383.271	25	0.57	-7.903089986991944
149955.0	25	0.575	-7.903089986991944
150369.909	25	0.58	-7.903089986991944
150686.605	25	0.585	-7.903089986991944
151014.903	25	0.59	-7.903089986991944
151600.0	25	0.595	-7.903089986991944
151908.286	25	0.6	-7.903089986991944
152347.273	25	0.605	-7.903089986991944
152588.889	25	0.61	-7.903089986991944
152967.297	25	0.615	-7.903089986991944
153424.232	25	0.62	-7.903089986991944
154002.5	25	0.625	-7.903089986991944
154733.703	25	0.63	-7.903089986991944
155349.27	25	0.635	-7.903089986991944
156234.72	25	0.64	-7.903089986991944
156522.797	25	0.645	-7.903089986991944
156604.308	25	0.65	-7.903089986991944
157270.394	25	0.655	-7.903089986991944
158094.675	25	0.66	-7.903089986991944
158811.266	25	0.665	-7.903089986991944
159210.514	25	0.67	-7.903089986991944
159401.879	25	0.675	-7.903089986991944
160115.543	25	0.68	-7.903089986991944
160603.444	25	0.685	-7.903089986991944
161327.514	25	0.69	-7.903089986991944
161704.546	25	0.695	-7.903089986991944
162295.048	25	0.7	-7.903089986991944
163111.0	25	0.705	-7.903089986991944
164181.88	25	0.71	-7.903089986991944
164951.704	25	0.715	-7.903089986991944
165564.114	25	0.72	-7.903089986991944
165924.675	25	0.725	-7.903089986991944
166812.866	25	0.73	-7.903089986991944
167458.804	25	0.735	-7.903089986991944
167672.957	25	0.74	-7.903089986991944
167995.8	25	0.745	-7.903089986991944
168370.0	25	0.75	-7.903089986991944
168908.4	25	0.755	-7.903089986991944
169184.906	25	0.76	-7.903089986991944
169945.847	25	0.765	-7.903089986991944
170473.954	25	0.77	-7.903089986991944
171126.452	25	0.775	-7.903089986991944
171577.345	25	0.78	-7.903089986991944
172190.145	25	0.785	-7.903089986991944
172544.0	25	0.79	-7.903089986991944
172965.66	25	0.795	-7.903089986991944
173950.286	25	0.8	-7.903089986991944
175244.027	25	0.805	-7.903089986991944
175914.286	25	0.81	-7.903089986991944
176426.571	25	0.815	-7.903089986991944
177488.255	25	0.82	-7.903089986991944
177864.229	25	0.825	-7.903089986991944
179321.262	25	0.83	-7.903089986991944
180133.01	25	0.835	-7.903089986991944
180414.217	25	0.84	-7.903089986991944
180995.129	25	0.845	-7.903089986991944
181359.429	25	0.85	-7.903089986991944
182376.583	25	0.855	-7.903089986991944
183193.449	25	0.86	-7.903089986991944
183443.371	25	0.865	-7.903089986991944
184867.76	25	0.87	-7.903089986991944
185520.5	25	0.875	-7.903089986991944
185801.613	25	0.88	-7.903089986991944
186100.054	25	0.885	-7.903089986991944
186918.8	25	0.89	-7.903089986991944
187328.714	25	0.895	-7.903089986991944
188049.543	25	0.9	-7.903089986991944
188585.2	25	0.905	-7.903089986991944
189468.749	25	0.91	-7.903089986991944
190985.791	25	0.915	-7.903089986991944
192162.811	25	0.92	-7.903089986991944
193009.757	25	0.925	-7.903089986991944
194221.549	25	0.93	-7.903089986991944
195490.086	25	0.935	-7.903089986991944
196002.143	25	0.94	-7.903089986991944
196792.686	25	0.945	-7.903089986991944
198656.0	25	0.95	-7.903089986991944
200479.923	25	0.955	-7.903089986991944
201434.933	25	0.96	-7.903089986991944
203143.954	25	0.965	-7.903089986991944
206802.711	25	0.97	-7.903089986991944
208432.182	25	0.975	-7.903089986991944
211384.8	25	0.98	-7.903089986991944
214873.086	25	0.985	-7.903089986991944
219098.62	25	0.99	-7.903089986991944
227806.98	25	0.995	-7.903089986991944
191051.679	50	0.5	-7.903089986991944
191472.7	50	0.505	-7.903089986991944
191545.85	50	0.51	-7.903089986991944
191780.599	50	0.515	-7.903089986991944
192145.109	50	0.52	-7.903089986991944
192363.528	50	0.525	-7.903089986991944
192880.671	50	0.53	-7.903089986991944
193311.919	50	0.535	-7.903089986991944
193623.69	50	0.54	-7.903089986991944
194014.19	50	0.545	-7.903089986991944
194117.396	50	0.55	-7.903089986991944
194374.286	50	0.555	-7.903089986991944
194721.354	50	0.56	-7.903089986991944
195097.3	50	0.565	-7.903089986991944
195685.8	50	0.57	-7.903089986991944
195925.365	50	0.575	-7.903089986991944
196224.543	50	0.58	-7.903089986991944
196620.264	50	0.585	-7.903089986991944
196991.057	50	0.59	-7.903089986991944
197412.986	50	0.595	-7.903089986991944
197765.129	50	0.6	-7.903089986991944
198199.862	50	0.605	-7.903089986991944
198380.142	50	0.61	-7.903089986991944
198827.558	50	0.615	-7.903089986991944
199465.924	50	0.62	-7.903089986991944
199804.062	50	0.625	-7.903089986991944
200014.629	50	0.63	-7.903089986991944
200250.271	50	0.635	-7.903089986991944
200736.229	50	0.64	-7.903089986991944
200957.775	50	0.645	-7.903089986991944
201283.307	50	0.65	-7.903089986991944
201588.686	50	0.655	-7.903089986991944
201945.047	50	0.66	-7.903089986991944
202868.748	50	0.665	-7.903089986991944
203234.157	50	0.67	-7.903089986991944
203899.046	50	0.675	-7.903089986991944
204268.766	50	0.68	-7.903089986991944
204816.45	50	0.685	-7.903089986991944
205249.081	50	0.69	-7.903089986991944
205604.477	50	0.695	-7.903089986991944
205798.743	50	0.7	-7.903089986991944
206035.537	50	0.705	-7.903089986991944
206293.971	50	0.71	-7.903089986991944
206565.042	50	0.715	-7.903089986991944
206842.94	50	0.72	-7.903089986991944
207115.75	50	0.725	-7.903089986991944
207361.771	50	0.73	-7.903089986991944
207643.992	50	0.735	-7.903089986991944
208111.686	50	0.74	-7.903089986991944
208699.75	50	0.745	-7.903089986991944
209320.375	50	0.75	-7.903089986991944
210001.449	50	0.755	-7.903089986991944
210603.411	50	0.76	-7.903089986991944
210972.936	50	0.765	-7.903089986991944
211334.943	50	0.77	-7.903089986991944
211559.905	50	0.775	-7.903089986991944
212104.587	50	0.78	-7.903089986991944
212846.27	50	0.785	-7.903089986991944
213773.72	50	0.79	-7.903089986991944
214300.645	50	0.795	-7.903089986991944
215213.757	50	0.8	-7.903089986991944
215404.861	50	0.805	-7.903089986991944
215763.753	50	0.81	-7.903089986991944
215870.21	50	0.815	-7.903089986991944
216195.0	50	0.82	-7.903089986991944
216458.663	50	0.825	-7.903089986991944
216998.871	50	0.83	-7.903089986991944
217851.286	50	0.835	-7.903089986991944
218970.274	50	0.84	-7.903089986991944
219541.614	50	0.845	-7.903089986991944
219905.527	50	0.85	-7.903089986991944
220371.18	50	0.855	-7.903089986991944
220705.653	50	0.86	-7.903089986991944
221360.771	50	0.865	-7.903089986991944
221751.866	50	0.87	-7.903089986991944
222598.339	50	0.875	-7.903089986991944
223019.471	50	0.88	-7.903089986991944
223202.121	50	0.885	-7.903089986991944
223456.643	50	0.89	-7.903089986991944
223843.15	50	0.895	-7.903089986991944
225233.714	50	0.9	-7.903089986991944
225483.943	50	0.905	-7.903089986991944
226401.7	50	0.91	-7.903089986991944
227016.026	50	0.915	-7.903089986991944
227861.543	50	0.92	-7.903089986991944
229176.429	50	0.925	-7.903089986991944
229836.543	50	0.93	-7.903089986991944
231157.014	50	0.935	-7.903089986991944
232364.629	50	0.94	-7.903089986991944
233669.883	50	0.945	-7.903089986991944
236783.929	50	0.95	-7.903089986991944
238199.007	50	0.955	-7.903089986991944
238820.857	50	0.96	-7.903089986991944
240556.234	50	0.965	-7.903089986991944
241621.457	50	0.97	-7.903089986991944
245782.714	50	0.975	-7.903089986991944
249368.114	50	0.98	-7.903089986991944
253212.693	50	0.985	-7.903089986991944
260741.4	50	0.99	-7.903089986991944
271958.015	50	0.995	-7.903089986991944
223652.107	75	0.5	-7.903089986991944
223792.736	75	0.505	-7.903089986991944
224024.671	75	0.51	-7.903089986991944
224384.919	75	0.515	-7.903089986991944
224589.314	75	0.52	-7.903089986991944
224889.391	75	0.525	-7.903089986991944
225694.214	75	0.53	-7.903089986991944
225908.718	75	0.535	-7.903089986991944
226018.267	75	0.54	-7.903089986991944
226324.652	75	0.545	-7.903089986991944
226397.786	75	0.55	-7.903089986991944
226583.911	75	0.555	-7.903089986991944
226918.66	75	0.56	-7.903089986991944
227534.3	75	0.565	-7.903089986991944
227764.069	75	0.57	-7.903089986991944
228277.464	75	0.575	-7.903089986991944
228417.627	75	0.58	-7.903089986991944
228889.386	75	0.585	-7.903089986991944
229730.757	75	0.59	-7.903089986991944
230034.908	75	0.595	-7.903089986991944
230746.257	75	0.6	-7.903089986991944
231102.871	75	0.605	-7.903089986991944
231432.517	75	0.61	-7.903089986991944
231984.481	75	0.615	-7.903089986991944
232425.086	75	0.62	-7.903089986991944
232728.75	75	0.625	-7.903089986991944
233125.255	75	0.63	-7.903089986991944
233284.859	75	0.635	-7.903089986991944
233459.086	75	0.64	-7.903089986991944
233718.106	75	0.645	-7.903089986991944
234097.861	75	0.65	-7.903089986991944
234387.022	75	0.655	-7.903089986991944
234718.579	75	0.66	-7.903089986991944
235401.836	75	0.665	-7.903089986991944
235814.335	75	0.67	-7.903089986991944
236257.596	75	0.675	-7.903089986991944
236616.594	75	0.68	-7.903089986991944
236926.414	75	0.685	-7.903089986991944
237463.086	75	0.69	-7.903089986991944
237570.429	75	0.695	-7.903089986991944
237749.857	75	0.7	-7.903089986991944
238069.643	75	0.705	-7.903089986991944
238723.3	75	0.71	-7.903089986991944
239005.37	75	0.715	-7.903089986991944
239328.666	75	0.72	-7.903089986991944
239907.409	75	0.725	-7.903089986991944
240534.614	75	0.73	-7.903089986991944
240926.069	75	0.735	-7.903089986991944
241353.2	75	0.74	-7.903089986991944
241728.922	75	0.745	-7.903089986991944
242179.911	75	0.75	-7.903089986991944
242602.849	75	0.755	-7.903089986991944
243146.229	75	0.76	-7.903089986991944
243641.431	75	0.765	-7.903089986991944
244004.229	75	0.77	-7.903089986991944
244384.95	75	0.775	-7.903089986991944
244718.214	75	0.78	-7.903089986991944
245370.2	75	0.785	-7.903089986991944
245654.228	75	0.79	-7.903089986991944
245757.271	75	0.795	-7.903089986991944
246135.143	75	0.8	-7.903089986991944
246463.642	75	0.805	-7.903089986991944
246780.494	75	0.81	-7.903089986991944
247000.779	75	0.815	-7.903089986991944
247318.4	75	0.82	-7.903089986991944
247850.559	75	0.825	-7.903089986991944
248676.971	75	0.83	-7.903089986991944
249616.858	75	0.835	-7.903089986991944
250646.914	75	0.84	-7.903089986991944
251001.914	75	0.845	-7.903089986991944
252105.721	75	0.85	-7.903089986991944
252320.129	75	0.855	-7.903089986991944
252853.286	75	0.86	-7.903089986991944
253521.812	75	0.865	-7.903089986991944
254204.844	75	0.87	-7.903089986991944
254966.25	75	0.875	-7.903089986991944
256382.474	75	0.88	-7.903089986991944
257194.646	75	0.885	-7.903089986991944
258021.065	75	0.89	-7.903089986991944
258882.015	75	0.895	-7.903089986991944
260056.857	75	0.9	-7.903089986991944
261386.543	75	0.905	-7.903089986991944
263022.2	75	0.91	-7.903089986991944
263651.471	75	0.915	-7.903089986991944
265133.077	75	0.92	-7.903089986991944
267019.439	75	0.925	-7.903089986991944
268061.959	75	0.93	-7.903089986991944
268969.136	75	0.935	-7.903089986991944
271636.971	75	0.94	-7.903089986991944
272925.232	75	0.945	-7.903089986991944
274551.075	75	0.95	-7.903089986991944
276010.443	75	0.955	-7.903089986991944
278031.2	75	0.96	-7.903089986991944
279161.607	75	0.965	-7.903089986991944
280400.6	75	0.97	-7.903089986991944
284499.357	75	0.975	-7.903089986991944
287407.857	75	0.98	-7.903089986991944
297667.3	75	0.985	-7.903089986991944
307387.829	75	0.99	-7.903089986991944
316101.929	75	0.995	-7.903089986991944
250547.179	100	0.5	-7.903089986991944
250698.414	100	0.505	-7.903089986991944
250926.87	100	0.51	-7.903089986991944
251178.652	100	0.515	-7.903089986991944
251399.134	100	0.52	-7.903089986991944
252010.43	100	0.525	-7.903089986991944
252297.376	100	0.53	-7.903089986991944
252549.215	100	0.535	-7.903089986991944
253005.296	100	0.54	-7.903089986991944
253545.247	100	0.545	-7.903089986991944
254077.429	100	0.55	-7.903089986991944
254254.371	100	0.555	-7.903089986991944
254609.217	100	0.56	-7.903089986991944
255304.012	100	0.565	-7.903089986991944
255517.061	100	0.57	-7.903089986991944
255843.693	100	0.575	-7.903089986991944
256291.089	100	0.58	-7.903089986991944
256991.492	100	0.585	-7.903089986991944
257175.343	100	0.59	-7.903089986991944
257385.335	100	0.595	-7.903089986991944
257614.429	100	0.6	-7.903089986991944
258186.436	100	0.605	-7.903089986991944
258807.037	100	0.61	-7.903089986991944
259045.48	100	0.615	-7.903089986991944
259484.713	100	0.62	-7.903089986991944
259846.393	100	0.625	-7.903089986991944
260270.796	100	0.63	-7.903089986991944
260859.917	100	0.635	-7.903089986991944
261124.197	100	0.64	-7.903089986991944
261631.107	100	0.645	-7.903089986991944
261837.575	100	0.65	-7.903089986991944
262039.329	100	0.655	-7.903089986991944
262970.817	100	0.66	-7.903089986991944
263582.614	100	0.665	-7.903089986991944
263987.391	100	0.67	-7.903089986991944
264714.345	100	0.675	-7.903089986991944
265062.994	100	0.68	-7.903089986991944
265623.593	100	0.685	-7.903089986991944
265992.534	100	0.69	-7.903089986991944
266444.864	100	0.695	-7.903089986991944
266746.55	100	0.7	-7.903089986991944
267047.379	100	0.705	-7.903089986991944
267381.651	100	0.71	-7.903089986991944
267996.023	100	0.715	-7.903089986991944
268427.163	100	0.72	-7.903089986991944
268943.104	100	0.725	-7.903089986991944
269193.409	100	0.73	-7.903089986991944
269556.136	100	0.735	-7.903089986991944
269911.384	100	0.74	-7.903089986991944
270281.993	100	0.745	-7.903089986991944
270863.607	100	0.75	-7.903089986991944
271064.783	100	0.755	-7.903089986991944
271858.097	100	0.76	-7.903089986991944
272252.029	100	0.765	-7.903089986991944
272743.347	100	0.77	-7.903089986991944
273592.25	100	0.775	-7.903089986991944
273869.029	100	0.78	-7.903089986991944
274216.896	100	0.785	-7.903089986991944
274475.786	100	0.79	-7.903089986991944
274983.615	100	0.795	-7.903089986991944
275354.0	100	0.8	-7.903089986991944
275896.148	100	0.805	-7.903089986991944
276828.217	100	0.81	-7.903089986991944
277375.541	100	0.815	-7.903089986991944
278550.743	100	0.82	-7.903089986991944
279219.952	100	0.825	-7.903089986991944
279863.829	100	0.83	-7.903089986991944
280129.15	100	0.835	-7.903089986991944
280644.277	100	0.84	-7.903089986991944
281308.336	100	0.845	-7.903089986991944
281932.418	100	0.85	-7.903089986991944
282341.138	100	0.855	-7.903089986991944
283004.729	100	0.86	-7.903089986991944
283635.344	100	0.865	-7.903089986991944
284185.671	100	0.87	-7.903089986991944
284927.92	100	0.875	-7.903089986991944
286179.286	100	0.88	-7.903089986991944
287812.093	100	0.885	-7.903089986991944
288882.027	100	0.89	-7.903089986991944
289844.836	100	0.895	-7.903089986991944
290735.936	100	0.9	-7.903089986991944
291595.078	100	0.905	-7.903089986991944
292883.319	100	0.91	-7.903089986991944
295967.626	100	0.915	-7.903089986991944
297302.0	100	0.92	-7.903089986991944
298357.255	100	0.925	-7.903089986991944
299021.387	100	0.93	-7.903089986991944
300849.036	100	0.935	-7.903089986991944
303922.647	100	0.94	-7.903089986991944
305752.257	100	0.945	-7.903089986991944
308328.214	100	0.95	-7.903089986991944
309838.35	100	0.955	-7.903089986991944
312298.8	100	0.96	-7.903089986991944
317496.471	100	0.965	-7.903089986991944
322764.4	100	0.97	-7.903089986991944
325970.25	100	0.975	-7.903089986991944
330103.609	100	0.98	-7.903089986991944
333046.238	100	0.985	-7.903089986991944
348860.486	100	0.99	-7.903089986991944
355602.293	100	0.995	-7.903089986991944
277553.821	125	0.5	-7.903089986991944
278041.342	125	0.505	-7.903089986991944
278254.9	125	0.51	-7.903089986991944
278521.728	125	0.515	-7.903089986991944
278938.457	125	0.52	-7.903089986991944
279257.534	125	0.525	-7.903089986991944
279690.395	125	0.53	-7.903089986991944
280048.4	125	0.535	-7.903089986991944
280295.359	125	0.54	-7.903089986991944
280729.539	125	0.545	-7.903089986991944
281312.246	125	0.55	-7.903089986991944
281861.314	125	0.555	-7.903089986991944
282380.189	125	0.56	-7.903089986991944
282705.75	125	0.565	-7.903089986991944
283210.543	125	0.57	-7.903089986991944
283519.989	125	0.575	-7.903089986991944
283862.459	125	0.58	-7.903089986991944
284328.916	125	0.585	-7.903089986991944
284737.855	125	0.59	-7.903089986991944
285052.764	125	0.595	-7.903089986991944
285492.386	125	0.6	-7.903089986991944
286400.857	125	0.605	-7.903089986991944
286566.996	125	0.61	-7.903089986991944
287017.58	125	0.615	-7.903089986991944
287248.709	125	0.62	-7.903089986991944
287526.161	125	0.625	-7.903089986991944
288151.184	125	0.63	-7.903089986991944
288595.92	125	0.635	-7.903089986991944
289277.56	125	0.64	-7.903089986991944
289730.176	125	0.645	-7.903089986991944
290062.479	125	0.65	-7.903089986991944
290520.232	125	0.655	-7.903089986991944
290899.676	125	0.66	-7.903089986991944
291344.019	125	0.665	-7.903089986991944
292113.91	125	0.67	-7.903089986991944
292721.0	125	0.675	-7.903089986991944
293412.357	125	0.68	-7.903089986991944
293976.656	125	0.685	-7.903089986991944
294591.2	125	0.69	-7.903089986991944
294963.474	125	0.695	-7.903089986991944
295589.329	125	0.7	-7.903089986991944
295973.101	125	0.705	-7.903089986991944
296273.771	125	0.71	-7.903089986991944
296797.458	125	0.715	-7.903089986991944
297623.886	125	0.72	-7.903089986991944
298481.393	125	0.725	-7.903089986991944
298826.554	125	0.73	-7.903089986991944
299574.714	125	0.735	-7.903089986991944
300281.314	125	0.74	-7.903089986991944
301256.975	125	0.745	-7.903089986991944
302052.179	125	0.75	-7.903089986991944
302440.986	125	0.755	-7.903089986991944
302751.363	125	0.76	-7.903089986991944
303597.108	125	0.765	-7.903089986991944
304173.143	125	0.77	-7.903089986991944
305123.52	125	0.775	-7.903089986991944
305456.159	125	0.78	-7.903089986991944
306243.451	125	0.785	-7.903089986991944
306418.086	125	0.79	-7.903089986991944
307121.622	125	0.795	-7.903089986991944
307597.171	125	0.8	-7.903089986991944
308001.229	125	0.805	-7.903089986991944
308472.613	125	0.81	-7.903089986991944
309110.821	125	0.815	-7.903089986991944
310261.839	125	0.82	-7.903089986991944
310898.168	125	0.825	-7.903089986991944
311822.3	125	0.83	-7.903089986991944
312706.557	125	0.835	-7.903089986991944
313311.657	125	0.84	-7.903089986991944
314438.989	125	0.845	-7.903089986991944
314919.221	125	0.85	-7.903089986991944
316471.521	125	0.855	-7.903089986991944
317484.657	125	0.86	-7.903089986991944
319216.374	125	0.865	-7.903089986991944
320312.557	125	0.87	-7.903089986991944
321546.429	125	0.875	-7.903089986991944
322463.503	125	0.88	-7.903089986991944
323339.516	125	0.885	-7.903089986991944
324288.699	125	0.89	-7.903089986991944
326369.479	125	0.895	-7.903089986991944
328730.571	125	0.9	-7.903089986991944
329314.139	125	0.905	-7.903089986991944
331417.6	125	0.91	-7.903089986991944
333585.151	125	0.915	-7.903089986991944
335855.543	125	0.92	-7.903089986991944
338576.796	125	0.925	-7.903089986991944
341582.514	125	0.93	-7.903089986991944
343434.736	125	0.935	-7.903089986991944
345442.721	125	0.94	-7.903089986991944
347458.007	125	0.945	-7.903089986991944
350283.214	125	0.95	-7.903089986991944
353058.102	125	0.955	-7.903089986991944
355795.943	125	0.96	-7.903089986991944
358051.486	125	0.965	-7.903089986991944
361963.791	125	0.97	-7.903089986991944
363902.221	125	0.975	-7.903089986991944
369801.2	125	0.98	-7.903089986991944
371198.779	125	0.985	-7.903089986991944
379817.397	125	0.99	-7.903089986991944
385115.871	125	0.995	-7.903089986991944
300867.857	150	0.5	-7.903089986991944
301073.564	150	0.505	-7.903089986991944
301412.6	150	0.51	-7.903089986991944
301905.999	150	0.515	-7.903089986991944
302199.683	150	0.52	-7.903089986991944
302697.179	150	0.525	-7.903089986991944
303011.567	150	0.53	-7.903089986991944
303353.848	150	0.535	-7.903089986991944
303722.944	150	0.54	-7.903089986991944
303997.703	150	0.545	-7.903089986991944
304588.507	150	0.55	-7.903089986991944
304936.6	150	0.555	-7.903089986991944
305263.731	150	0.56	-7.903089986991944
305551.022	150	0.565	-7.903089986991944
305971.436	150	0.57	-7.903089986991944
306610.398	150	0.575	-7.903089986991944
307075.983	150	0.58	-7.903089986991944
307548.739	150	0.585	-7.903089986991944
308249.174	150	0.59	-7.903089986991944
308736.649	150	0.595	-7.903089986991944
309525.214	150	0.6	-7.903089986991944
310140.935	150	0.605	-7.903089986991944
310670.47	150	0.61	-7.903089986991944
311032.156	150	0.615	-7.903089986991944
311487.914	150	0.62	-7.903089986991944
312253.491	150	0.625	-7.903089986991944
312450.329	150	0.63	-7.903089986991944
312850.126	150	0.635	-7.903089986991944
313705.371	150	0.64	-7.903089986991944
314425.087	150	0.645	-7.903089986991944
315397.539	150	0.65	-7.903089986991944
315811.35	150	0.655	-7.903089986991944
316337.07	150	0.66	-7.903089986991944
316949.318	150	0.665	-7.903089986991944
317580.4	150	0.67	-7.903089986991944
318067.168	150	0.675	-7.903089986991944
318670.44	150	0.68	-7.903089986991944
319195.273	150	0.685	-7.903089986991944
319666.995	150	0.69	-7.903089986991944
320394.514	150	0.695	-7.903089986991944
320964.143	150	0.7	-7.903089986991944
321332.329	150	0.705	-7.903089986991944
321870.316	150	0.71	-7.903089986991944
322370.161	150	0.715	-7.903089986991944
323155.24	150	0.72	-7.903089986991944
323952.096	150	0.725	-7.903089986991944
324556.723	150	0.73	-7.903089986991944
324951.6	150	0.735	-7.903089986991944
325768.951	150	0.74	-7.903089986991944
327189.058	150	0.745	-7.903089986991944
327879.286	150	0.75	-7.903089986991944
328182.486	150	0.755	-7.903089986991944
328476.743	150	0.76	-7.903089986991944
329413.705	150	0.765	-7.903089986991944
330227.514	150	0.77	-7.903089986991944
331075.695	150	0.775	-7.903089986991944
331734.216	150	0.78	-7.903089986991944
332574.207	150	0.785	-7.903089986991944
333138.395	150	0.79	-7.903089986991944
334110.235	150	0.795	-7.903089986991944
334916.257	150	0.8	-7.903089986991944
335716.288	150	0.805	-7.903089986991944
336301.857	150	0.81	-7.903089986991944
337267.858	150	0.815	-7.903089986991944
337786.374	150	0.82	-7.903089986991944
338350.332	150	0.825	-7.903089986991944
339174.651	150	0.83	-7.903089986991944
340389.036	150	0.835	-7.903089986991944
342115.554	150	0.84	-7.903089986991944
342662.6	150	0.845	-7.903089986991944
344201.211	150	0.85	-7.903089986991944
344752.528	150	0.855	-7.903089986991944
345436.647	150	0.86	-7.903089986991944
345861.635	150	0.865	-7.903089986991944
347471.821	150	0.87	-7.903089986991944
348859.571	150	0.875	-7.903089986991944
349457.151	150	0.88	-7.903089986991944
350643.456	150	0.885	-7.903089986991944
351806.378	150	0.89	-7.903089986991944
353562.929	150	0.895	-7.903089986991944
354154.136	150	0.9	-7.903089986991944
355897.207	150	0.905	-7.903089986991944
356521.757	150	0.91	-7.903089986991944
359453.58	150	0.915	-7.903089986991944
361649.943	150	0.92	-7.903089986991944
363420.163	150	0.925	-7.903089986991944
365200.556	150	0.93	-7.903089986991944
366661.579	150	0.935	-7.903089986991944
368558.644	150	0.94	-7.903089986991944
371325.321	150	0.945	-7.903089986991944
376420.857	150	0.95	-7.903089986991944
379424.818	150	0.955	-7.903089986991944
381271.063	150	0.96	-7.903089986991944
389142.157	150	0.965	-7.903089986991944
390679.464	150	0.97	-7.903089986991944
393803.538	150	0.975	-7.903089986991944
399482.491	150	0.98	-7.903089986991944
407205.744	150	0.985	-7.903089986991944
419972.486	150	0.99	-7.903089986991944
439154.743	150	0.995	-7.903089986991944
326026.321	175	0.5	-7.903089986991944
326454.886	175	0.505	-7.903089986991944
326721.672	175	0.51	-7.903089986991944
327375.344	175	0.515	-7.903089986991944
328040.0	175	0.52	-7.903089986991944
328487.107	175	0.525	-7.903089986991944
329478.229	175	0.53	-7.903089986991944
329803.107	175	0.535	-7.903089986991944
330119.453	175	0.54	-7.903089986991944
330585.261	175	0.545	-7.903089986991944
331202.032	175	0.55	-7.903089986991944
331745.696	175	0.555	-7.903089986991944
332144.854	175	0.56	-7.903089986991944
332561.136	175	0.565	-7.903089986991944
332812.457	175	0.57	-7.903089986991944
333189.105	175	0.575	-7.903089986991944
333497.441	175	0.58	-7.903089986991944
333887.479	175	0.585	-7.903089986991944
334740.16	175	0.59	-7.903089986991944
335294.667	175	0.595	-7.903089986991944
336348.829	175	0.6	-7.903089986991944
337041.614	175	0.605	-7.903089986991944
337615.828	175	0.61	-7.903089986991944
338101.606	175	0.615	-7.903089986991944
338586.243	175	0.62	-7.903089986991944
338907.321	175	0.625	-7.903089986991944
339654.629	175	0.63	-7.903089986991944
339933.536	175	0.635	-7.903089986991944
340298.057	175	0.64	-7.903089986991944
341082.632	175	0.645	-7.903089986991944
341567.714	175	0.65	-7.903089986991944
341887.347	175	0.655	-7.903089986991944
342461.749	175	0.66	-7.903089986991944
343242.293	175	0.665	-7.903089986991944
343874.184	175	0.67	-7.903089986991944
344530.548	175	0.675	-7.903089986991944
345449.886	175	0.68	-7.903089986991944
346294.102	175	0.685	-7.903089986991944
346632.308	175	0.69	-7.903089986991944
347190.108	175	0.695	-7.903089986991944
347808.271	175	0.7	-7.903089986991944
348150.077	175	0.705	-7.903089986991944
348670.729	175	0.71	-7.903089986991944
349550.669	175	0.715	-7.903089986991944
349945.657	175	0.72	-7.903089986991944
350223.67	175	0.725	-7.903089986991944
350927.7	175	0.73	-7.903089986991944
351293.59	175	0.735	-7.903089986991944
352192.314	175	0.74	-7.903089986991944
352854.468	175	0.745	-7.903089986991944
354173.571	175	0.75	-7.903089986991944
355002.221	175	0.755	-7.903089986991944
355495.797	175	0.76	-7.903089986991944
356720.826	175	0.765	-7.903089986991944
357447.938	175	0.77	-7.903089986991944
358098.714	175	0.775	-7.903089986991944
358851.657	175	0.78	-7.903089986991944
360015.56	175	0.785	-7.903089986991944
360863.843	175	0.79	-7.903089986991944
361875.209	175	0.795	-7.903089986991944
362232.586	175	0.8	-7.903089986991944
363136.988	175	0.805	-7.903089986991944
364208.758	175	0.81	-7.903089986991944
365268.571	175	0.815	-7.903089986991944
365841.049	175	0.82	-7.903089986991944
367133.071	175	0.825	-7.903089986991944
367819.986	175	0.83	-7.903089986991944
369130.94	175	0.835	-7.903089986991944
369813.337	175	0.84	-7.903089986991944
370553.225	175	0.845	-7.903089986991944
372280.621	175	0.85	-7.903089986991944
373337.7	175	0.855	-7.903089986991944
374936.2	175	0.86	-7.903089986991944
375787.014	175	0.865	-7.903089986991944
377477.834	175	0.87	-7.903089986991944
378960.473	175	0.875	-7.903089986991944
379926.571	175	0.88	-7.903089986991944
381465.05	175	0.885	-7.903089986991944
382881.2	175	0.89	-7.903089986991944
384664.108	175	0.895	-7.903089986991944
385483.721	175	0.9	-7.903089986991944
387871.764	175	0.905	-7.903089986991944
391164.671	175	0.91	-7.903089986991944
392714.472	175	0.915	-7.903089986991944
396826.069	175	0.92	-7.903089986991944
398590.714	175	0.925	-7.903089986991944
400512.242	175	0.93	-7.903089986991944
402129.443	175	0.935	-7.903089986991944
404627.789	175	0.94	-7.903089986991944
407973.212	175	0.945	-7.903089986991944
411467.361	175	0.95	-7.903089986991944
414978.957	175	0.955	-7.903089986991944
419966.971	175	0.96	-7.903089986991944
422687.357	175	0.965	-7.903089986991944
425634.929	175	0.97	-7.903089986991944
431846.645	175	0.975	-7.903089986991944
440057.2	175	0.98	-7.903089986991944
446569.3	175	0.985	-7.903089986991944
465081.871	175	0.99	-7.903089986991944
476741.6	175	0.995	-7.903089986991944
347530.107	200	0.5	-7.903089986991944
347860.936	200	0.505	-7.903089986991944
348183.697	200	0.51	-7.903089986991944
348969.602	200	0.515	-7.903089986991944
349494.057	200	0.52	-7.903089986991944
350036.893	200	0.525	-7.903089986991944
350668.562	200	0.53	-7.903089986991944
351504.016	200	0.535	-7.903089986991944
351718.514	200	0.54	-7.903089986991944
352040.994	200	0.545	-7.903089986991944
352388.836	200	0.55	-7.903089986991944
352859.429	200	0.555	-7.903089986991944
353480.114	200	0.56	-7.903089986991944
353972.574	200	0.565	-7.903089986991944
355044.671	200	0.57	-7.903089986991944
355827.989	200	0.575	-7.903089986991944
356206.941	200	0.58	-7.903089986991944
356992.884	200	0.585	-7.903089986991944
357547.601	200	0.59	-7.903089986991944
357846.842	200	0.595	-7.903089986991944
358138.5	200	0.6	-7.903089986991944
358610.622	200	0.605	-7.903089986991944
358913.247	200	0.61	-7.903089986991944
359779.258	200	0.615	-7.903089986991944
360582.886	200	0.62	-7.903089986991944
361223.393	200	0.625	-7.903089986991944
362150.526	200	0.63	-7.903089986991944
362775.688	200	0.635	-7.903089986991944
363480.654	200	0.64	-7.903089986991944
364010.739	200	0.645	-7.903089986991944
364561.832	200	0.65	-7.903089986991944
365284.743	200	0.655	-7.903089986991944
366516.401	200	0.66	-7.903089986991944
366932.486	200	0.665	-7.903089986991944
367647.996	200	0.67	-7.903089986991944
368849.738	200	0.675	-7.903089986991944
369177.043	200	0.68	-7.903089986991944
369673.159	200	0.685	-7.903089986991944
370355.909	200	0.69	-7.903089986991944
370768.171	200	0.695	-7.903089986991944
371867.521	200	0.7	-7.903089986991944
372172.024	200	0.705	-7.903089986991944
372746.943	200	0.71	-7.903089986991944
373640.956	200	0.715	-7.903089986991944
374583.326	200	0.72	-7.903089986991944
375488.695	200	0.725	-7.903089986991944
376140.486	200	0.73	-7.903089986991944
376680.129	200	0.735	-7.903089986991944
377701.747	200	0.74	-7.903089986991944
378817.781	200	0.745	-7.903089986991944
379718.929	200	0.75	-7.903089986991944
380867.588	200	0.755	-7.903089986991944
382147.143	200	0.76	-7.903089986991944
383170.121	200	0.765	-7.903089986991944
383680.514	200	0.77	-7.903089986991944
384723.536	200	0.775	-7.903089986991944
385162.257	200	0.78	-7.903089986991944
386184.033	200	0.785	-7.903089986991944
388293.244	200	0.79	-7.903089986991944
388840.573	200	0.795	-7.903089986991944
389420.9	200	0.8	-7.903089986991944
389671.428	200	0.805	-7.903089986991944
390551.129	200	0.81	-7.903089986991944
391296.22	200	0.815	-7.903089986991944
392420.2	200	0.82	-7.903089986991944
393511.825	200	0.825	-7.903089986991944
394817.919	200	0.83	-7.903089986991944
395441.8	200	0.835	-7.903089986991944
396848.046	200	0.84	-7.903089986991944
398171.843	200	0.845	-7.903089986991944
399237.0	200	0.85	-7.903089986991944
401047.073	200	0.855	-7.903089986991944
401937.239	200	0.86	-7.903089986991944
403117.471	200	0.865	-7.903089986991944
404764.69	200	0.87	-7.903089986991944
407632.973	200	0.875	-7.903089986991944
409147.371	200	0.88	-7.903089986991944
411865.563	200	0.885	-7.903089986991944
414620.571	200	0.89	-7.903089986991944
416876.007	200	0.895	-7.903089986991944
419404.521	200	0.9	-7.903089986991944
420190.879	200	0.905	-7.903089986991944
422703.843	200	0.91	-7.903089986991944
424255.077	200	0.915	-7.903089986991944
426460.629	200	0.92	-7.903089986991944
430813.22	200	0.925	-7.903089986991944
434344.156	200	0.93	-7.903089986991944
436574.99	200	0.935	-7.903089986991944
440973.711	200	0.94	-7.903089986991944
442256.869	200	0.945	-7.903089986991944
445236.554	200	0.95	-7.903089986991944
450903.321	200	0.955	-7.903089986991944
452944.229	200	0.96	-7.903089986991944
454256.514	200	0.965	-7.903089986991944
462794.008	200	0.97	-7.903089986991944
467997.714	200	0.975	-7.903089986991944
472174.947	200	0.98	-7.903089986991944
487604.655	200	0.985	-7.903089986991944
497700.275	200	0.99	-7.903089986991944
514230.586	200	0.995	-7.903089986991944
371419.5	225	0.5	-7.903089986991944
372177.164	225	0.505	-7.903089986991944
372776.194	225	0.51	-7.903089986991944
373186.663	225	0.515	-7.903089986991944
373859.463	225	0.52	-7.903089986991944
374340.432	225	0.525	-7.903089986991944
374657.738	225	0.53	-7.903089986991944
375251.831	225	0.535	-7.903089986991944
375677.259	225	0.54	-7.903089986991944
376246.218	225	0.545	-7.903089986991944
376612.014	225	0.55	-7.903089986991944
377214.74	225	0.555	-7.903089986991944
378278.251	225	0.56	-7.903089986991944
378903.043	225	0.565	-7.903089986991944
379677.498	225	0.57	-7.903089986991944
380573.607	225	0.575	-7.903089986991944
381316.9	225	0.58	-7.903089986991944
381820.572	225	0.585	-7.903089986991944
382599.701	225	0.59	-7.903089986991944
383355.729	225	0.595	-7.903089986991944
383832.1	225	0.6	-7.903089986991944
384458.25	225	0.605	-7.903089986991944
385016.615	225	0.61	-7.903089986991944
385330.446	225	0.615	-7.903089986991944
385716.037	225	0.62	-7.903089986991944
386050.491	225	0.625	-7.903089986991944
386555.322	225	0.63	-7.903089986991944
387716.893	225	0.635	-7.903089986991944
388457.789	225	0.64	-7.903089986991944
388930.461	225	0.645	-7.903089986991944
389426.382	225	0.65	-7.903089986991944
390026.289	225	0.655	-7.903089986991944
391660.914	225	0.66	-7.903089986991944
392527.517	225	0.665	-7.903089986991944
393730.414	225	0.67	-7.903089986991944
395510.832	225	0.675	-7.903089986991944
396224.969	225	0.68	-7.903089986991944
397318.717	225	0.685	-7.903089986991944
398270.167	225	0.69	-7.903089986991944
399650.229	225	0.695	-7.903089986991944
400218.993	225	0.7	-7.903089986991944
400635.407	225	0.705	-7.903089986991944
401284.186	225	0.71	-7.903089986991944
401886.013	225	0.715	-7.903089986991944
402710.626	225	0.72	-7.903089986991944
403560.302	225	0.725	-7.903089986991944
405084.466	225	0.73	-7.903089986991944
406056.984	225	0.735	-7.903089986991944
407107.204	225	0.74	-7.903089986991944
408271.879	225	0.745	-7.903089986991944
408657.393	225	0.75	-7.903089986991944
410003.179	225	0.755	-7.903089986991944
410906.817	225	0.76	-7.903089986991944
412364.224	225	0.765	-7.903089986991944
412743.426	225	0.77	-7.903089986991944
413535.071	225	0.775	-7.903089986991944
414101.971	225	0.78	-7.903089986991944
415127.141	225	0.785	-7.903089986991944
417162.629	225	0.79	-7.903089986991944
418478.657	225	0.795	-7.903089986991944
419247.2	225	0.8	-7.903089986991944
420693.65	225	0.805	-7.903089986991944
421333.284	225	0.81	-7.903089986991944
421897.366	225	0.815	-7.903089986991944
422895.457	225	0.82	-7.903089986991944
424530.964	225	0.825	-7.903089986991944
426500.486	225	0.83	-7.903089986991944
427509.229	225	0.835	-7.903089986991944
428813.783	225	0.84	-7.903089986991944
430498.47	225	0.845	-7.903089986991944
431604.286	225	0.85	-7.903089986991944
432651.27	225	0.855	-7.903089986991944
434872.286	225	0.86	-7.903089986991944
436232.798	225	0.865	-7.903089986991944
438453.638	225	0.87	-7.903089986991944
439042.857	225	0.875	-7.903089986991944
441233.197	225	0.88	-7.903089986991944
443626.315	225	0.885	-7.903089986991944
445719.936	225	0.89	-7.903089986991944
447539.414	225	0.895	-7.903089986991944
450197.921	225	0.9	-7.903089986991944
451320.057	225	0.905	-7.903089986991944
455503.539	225	0.91	-7.903089986991944
458024.147	225	0.915	-7.903089986991944
460691.857	225	0.92	-7.903089986991944
467125.959	225	0.925	-7.903089986991944
471114.6	225	0.93	-7.903089986991944
475615.207	225	0.935	-7.903089986991944
478146.657	225	0.94	-7.903089986991944
482196.494	225	0.945	-7.903089986991944
484769.143	225	0.95	-7.903089986991944
488436.21	225	0.955	-7.903089986991944
497505.029	225	0.96	-7.903089986991944
505634.586	225	0.965	-7.903089986991944
513980.177	225	0.97	-7.903089986991944
527311.964	225	0.975	-7.903089986991944
529549.8	225	0.98	-7.903089986991944
542003.533	225	0.985	-7.903089986991944
556152.981	225	0.99	-7.903089986991944
568833.1	225	0.995	-7.903089986991944
393950.643	250	0.5	-7.903089986991944
394676.607	250	0.505	-7.903089986991944
395241.709	250	0.51	-7.903089986991944
395784.385	250	0.515	-7.903089986991944
396691.786	250	0.52	-7.903089986991944
397504.698	250	0.525	-7.903089986991944
398676.982	250	0.53	-7.903089986991944
398951.836	250	0.535	-7.903089986991944
399421.286	250	0.54	-7.903089986991944
400335.35	250	0.545	-7.903089986991944
401014.729	250	0.55	-7.903089986991944
401978.687	250	0.555	-7.903089986991944
402698.994	250	0.56	-7.903089986991944
403790.41	250	0.565	-7.903089986991944
404466.121	250	0.57	-7.903089986991944
404911.107	250	0.575	-7.903089986991944
405446.097	250	0.58	-7.903089986991944
405740.493	250	0.585	-7.903089986991944
406407.002	250	0.59	-7.903089986991944
407478.421	250	0.595	-7.903089986991944
408382.4	250	0.6	-7.903089986991944
408942.142	250	0.605	-7.903089986991944
409247.374	250	0.61	-7.903089986991944
409831.835	250	0.615	-7.903089986991944
410457.516	250	0.62	-7.903089986991944
411750.545	250	0.625	-7.903089986991944
412392.678	250	0.63	-7.903089986991944
412831.879	250	0.635	-7.903089986991944
414000.114	250	0.64	-7.903089986991944
414798.057	250	0.645	-7.903089986991944
415575.857	250	0.65	-7.903089986991944
416405.321	250	0.655	-7.903089986991944
417060.356	250	0.66	-7.903089986991944
417439.129	250	0.665	-7.903089986991944
418435.053	250	0.67	-7.903089986991944
419527.989	250	0.675	-7.903089986991944
420352.914	250	0.68	-7.903089986991944
421797.829	250	0.685	-7.903089986991944
422983.1	250	0.69	-7.903089986991944
424187.274	250	0.695	-7.903089986991944
424986.571	250	0.7	-7.903089986991944
425846.522	250	0.705	-7.903089986991944
426917.264	250	0.71	-7.903089986991944
427574.203	250	0.715	-7.903089986991944
428561.086	250	0.72	-7.903089986991944
429607.071	250	0.725	-7.903089986991944
430580.894	250	0.73	-7.903089986991944
431440.529	250	0.735	-7.903089986991944
432194.657	250	0.74	-7.903089986991944
432704.92	250	0.745	-7.903089986991944
433508.786	250	0.75	-7.903089986991944
434134.736	250	0.755	-7.903089986991944
435518.0	250	0.76	-7.903089986991944
436383.862	250	0.765	-7.903089986991944
437353.314	250	0.77	-7.903089986991944
438974.873	250	0.775	-7.903089986991944
440195.847	250	0.78	-7.903089986991944
441459.701	250	0.785	-7.903089986991944
442800.357	250	0.79	-7.903089986991944
444498.842	250	0.795	-7.903089986991944
445449.457	250	0.8	-7.903089986991944
446514.871	250	0.805	-7.903089986991944
447248.321	250	0.81	-7.903089986991944
448204.464	250	0.815	-7.903089986991944
449005.37	250	0.82	-7.903089986991944
449815.964	250	0.825	-7.903089986991944
451084.509	250	0.83	-7.903089986991944
454253.129	250	0.835	-7.903089986991944
455987.943	250	0.84	-7.903089986991944
457525.414	250	0.845	-7.903089986991944
458380.989	250	0.85	-7.903089986991944
459867.077	250	0.855	-7.903089986991944
460502.733	250	0.86	-7.903089986991944
462847.109	250	0.865	-7.903089986991944
463710.014	250	0.87	-7.903089986991944
465618.571	250	0.875	-7.903089986991944
467354.457	250	0.88	-7.903089986991944
468543.115	250	0.885	-7.903089986991944
472343.816	250	0.89	-7.903089986991944
473103.477	250	0.895	-7.903089986991944
475417.957	250	0.9	-7.903089986991944
477281.871	250	0.905	-7.903089986991944
480088.278	250	0.91	-7.903089986991944
482374.173	250	0.915	-7.903089986991944
484178.071	250	0.92	-7.903089986991944
487099.214	250	0.925	-7.903089986991944
490152.821	250	0.93	-7.903089986991944
493149.486	250	0.935	-7.903089986991944
504997.564	250	0.94	-7.903089986991944
510227.989	250	0.945	-7.903089986991944
513717.182	250	0.95	-7.903089986991944
521764.871	250	0.955	-7.903089986991944
527845.34	250	0.96	-7.903089986991944
531884.046	250	0.965	-7.903089986991944
537527.5	250	0.97	-7.903089986991944
543352.511	250	0.975	-7.903089986991944
550503.4	250	0.98	-7.903089986991944
561029.972	250	0.985	-7.903089986991944
565878.356	250	0.99	-7.903089986991944
598121.829	250	0.995	-7.903089986991944
417208.679	275	0.5	-7.903089986991944
418338.186	275	0.505	-7.903089986991944
419174.94	275	0.51	-7.903089986991944
419649.351	275	0.515	-7.903089986991944
421081.371	275	0.52	-7.903089986991944
422233.718	275	0.525	-7.903089986991944
422763.314	275	0.53	-7.903089986991944
423664.879	275	0.535	-7.903089986991944
424303.566	275	0.54	-7.903089986991944
424952.991	275	0.545	-7.903089986991944
425995.261	275	0.55	-7.903089986991944
426565.916	275	0.555	-7.903089986991944
427306.086	275	0.56	-7.903089986991944
427994.954	275	0.565	-7.903089986991944
428745.429	275	0.57	-7.903089986991944
430290.684	275	0.575	-7.903089986991944
431193.341	275	0.58	-7.903089986991944
432712.45	275	0.585	-7.903089986991944
433537.714	275	0.59	-7.903089986991944
434260.857	275	0.595	-7.903089986991944
434738.943	275	0.6	-7.903089986991944
436020.22	275	0.605	-7.903089986991944
436864.314	275	0.61	-7.903089986991944
437308.98	275	0.615	-7.903089986991944
438054.283	275	0.62	-7.903089986991944
439005.884	275	0.625	-7.903089986991944
440593.543	275	0.63	-7.903089986991944
441550.445	275	0.635	-7.903089986991944
442057.217	275	0.64	-7.903089986991944
442437.564	275	0.645	-7.903089986991944
443006.689	275	0.65	-7.903089986991944
443658.251	275	0.655	-7.903089986991944
444866.4	275	0.66	-7.903089986991944
445812.834	275	0.665	-7.903089986991944
446378.954	275	0.67	-7.903089986991944
447336.307	275	0.675	-7.903089986991944
447916.943	275	0.68	-7.903089986991944
448722.462	275	0.685	-7.903089986991944
450217.114	275	0.69	-7.903089986991944
451162.148	275	0.695	-7.903089986991944
451854.571	275	0.7	-7.903089986991944
453675.323	275	0.705	-7.903089986991944
454807.8	275	0.71	-7.903089986991944
455749.36	275	0.715	-7.903089986991944
456197.843	275	0.72	-7.903089986991944
457656.246	275	0.725	-7.903089986991944
458946.648	275	0.73	-7.903089986991944
459833.267	275	0.735	-7.903089986991944
460732.743	275	0.74	-7.903089986991944
461657.755	275	0.745	-7.903089986991944
463074.589	275	0.75	-7.903089986991944
464304.595	275	0.755	-7.903089986991944
465679.714	275	0.76	-7.903089986991944
467427.598	275	0.765	-7.903089986991944
468602.157	275	0.77	-7.903089986991944
469918.909	275	0.775	-7.903089986991944
471064.497	275	0.78	-7.903089986991944
473432.283	275	0.785	-7.903089986991944
474081.525	275	0.79	-7.903089986991944
474883.382	275	0.795	-7.903089986991944
476634.957	275	0.8	-7.903089986991944
479258.692	275	0.805	-7.903089986991944
480012.989	275	0.81	-7.903089986991944
482797.626	275	0.815	-7.903089986991944
484192.286	275	0.82	-7.903089986991944
486333.739	275	0.825	-7.903089986991944
488015.431	275	0.83	-7.903089986991944
489126.524	275	0.835	-7.903089986991944
490861.017	275	0.84	-7.903089986991944
495140.424	275	0.845	-7.903089986991944
496268.439	275	0.85	-7.903089986991944
500762.167	275	0.855	-7.903089986991944
502352.771	275	0.86	-7.903089986991944
503826.689	275	0.865	-7.903089986991944
506288.293	275	0.87	-7.903089986991944
508256.964	275	0.875	-7.903089986991944
509434.4	275	0.88	-7.903089986991944
513518.721	275	0.885	-7.903089986991944
514323.87	275	0.89	-7.903089986991944
517003.25	275	0.895	-7.903089986991944
518505.286	275	0.9	-7.903089986991944
520495.385	275	0.905	-7.903089986991944
523072.816	275	0.91	-7.903089986991944
527788.077	275	0.915	-7.903089986991944
530590.374	275	0.92	-7.903089986991944
533992.239	275	0.925	-7.903089986991944
535771.514	275	0.93	-7.903089986991944
537426.938	275	0.935	-7.903089986991944
541229.797	275	0.94	-7.903089986991944
543054.116	275	0.945	-7.903089986991944
549005.282	275	0.95	-7.903089986991944
553862.982	275	0.955	-7.903089986991944
560813.76	275	0.96	-7.903089986991944
565542.024	275	0.965	-7.903089986991944
578146.657	275	0.97	-7.903089986991944
581963.359	275	0.975	-7.903089986991944
585694.53	275	0.98	-7.903089986991944
593466.95	275	0.985	-7.903089986991944
611198.856	275	0.99	-7.903089986991944
647438.071	275	0.995	-7.903089986991944
442593.643	300	0.5	-7.903089986991944
443452.879	300	0.505	-7.903089986991944
444112.371	300	0.51	-7.903089986991944
444600.107	300	0.515	-7.903089986991944
445195.969	300	0.52	-7.903089986991944
445872.486	300	0.525	-7.903089986991944
446921.291	300	0.53	-7.903089986991944
447931.95	300	0.535	-7.903089986991944
448408.05	300	0.54	-7.903089986991944
449244.171	300	0.545	-7.903089986991944
449818.85	300	0.55	-7.903089986991944
450292.775	300	0.555	-7.903089986991944
451240.926	300	0.56	-7.903089986991944
452289.04	300	0.565	-7.903089986991944
453450.913	300	0.57	-7.903089986991944
453970.209	300	0.575	-7.903089986991944
454812.371	300	0.58	-7.903089986991944
455791.067	300	0.585	-7.903089986991944
456101.426	300	0.59	-7.903089986991944
456811.734	300	0.595	-7.903089986991944
458363.714	300	0.6	-7.903089986991944
459061.886	300	0.605	-7.903089986991944
459933.824	300	0.61	-7.903089986991944
461469.508	300	0.615	-7.903089986991944
461767.89	300	0.62	-7.903089986991944
462285.848	300	0.625	-7.903089986991944
462873.1	300	0.63	-7.903089986991944
463755.648	300	0.635	-7.903089986991944
464980.814	300	0.64	-7.903089986991944
466117.553	300	0.645	-7.903089986991944
467348.404	300	0.65	-7.903089986991944
468018.521	300	0.655	-7.903089986991944
469670.871	300	0.66	-7.903089986991944
471590.579	300	0.665	-7.903089986991944
473282.866	300	0.67	-7.903089986991944
474879.321	300	0.675	-7.903089986991944
476053.126	300	0.68	-7.903089986991944
477703.766	300	0.685	-7.903089986991944
478600.0	300	0.69	-7.903089986991944
479191.561	300	0.695	-7.903089986991944
480634.243	300	0.7	-7.903089986991944
481789.414	300	0.705	-7.903089986991944
482045.471	300	0.71	-7.903089986991944
482974.23	300	0.715	-7.903089986991944
484612.411	300	0.72	-7.903089986991944
484975.509	300	0.725	-7.903089986991944
485698.286	300	0.73	-7.903089986991944
486377.424	300	0.735	-7.903089986991944
488004.38	300	0.74	-7.903089986991944
489412.264	300	0.745	-7.903089986991944
490330.321	300	0.75	-7.903089986991944
492495.246	300	0.755	-7.903089986991944
493525.46	300	0.76	-7.903089986991944
494910.111	300	0.765	-7.903089986991944
496069.329	300	0.77	-7.903089986991944
497106.539	300	0.775	-7.903089986991944
498240.8	300	0.78	-7.903089986991944
499552.229	300	0.785	-7.903089986991944
500445.286	300	0.79	-7.903089986991944
502632.964	300	0.795	-7.903089986991944
503436.3	300	0.8	-7.903089986991944
504291.243	300	0.805	-7.903089986991944
504933.472	300	0.81	-7.903089986991944
506010.299	300	0.815	-7.903089986991944
507964.663	300	0.82	-7.903089986991944
508725.982	300	0.825	-7.903089986991944
509450.614	300	0.83	-7.903089986991944
510368.438	300	0.835	-7.903089986991944
511880.697	300	0.84	-7.903089986991944
513563.675	300	0.845	-7.903089986991944
515386.775	300	0.85	-7.903089986991944
517343.698	300	0.855	-7.903089986991944
519654.073	300	0.86	-7.903089986991944
521431.088	300	0.865	-7.903089986991944
523038.891	300	0.87	-7.903089986991944
525314.446	300	0.875	-7.903089986991944
527486.669	300	0.88	-7.903089986991944
528462.329	300	0.885	-7.903089986991944
532759.697	300	0.89	-7.903089986991944
533684.464	300	0.895	-7.903089986991944
539904.371	300	0.9	-7.903089986991944
543954.0	300	0.905	-7.903089986991944
548007.997	300	0.91	-7.903089986991944
550159.964	300	0.915	-7.903089986991944
552054.086	300	0.92	-7.903089986991944
554507.393	300	0.925	-7.903089986991944
561356.71	300	0.93	-7.903089986991944
565820.483	300	0.935	-7.903089986991944
572387.171	300	0.94	-7.903089986991944
577894.903	300	0.945	-7.903089986991944
582877.421	300	0.95	-7.903089986991944
596948.85	300	0.955	-7.903089986991944
605354.16	300	0.96	-7.903089986991944
618387.938	300	0.965	-7.903089986991944
625640.957	300	0.97	-7.903089986991944
635045.927	300	0.975	-7.903089986991944
641202.996	300	0.98	-7.903089986991944
666468.836	300	0.985	-7.903089986991944
674363.714	300	0.99	-7.903089986991944
715625.071	300	0.995	-7.903089986991944
465626.5	325	0.5	-7.903089986991944
467279.473	325	0.505	-7.903089986991944
467838.174	325	0.51	-7.903089986991944
468668.096	325	0.515	-7.903089986991944
469731.817	325	0.52	-7.903089986991944
470501.138	325	0.525	-7.903089986991944
471221.156	325	0.53	-7.903089986991944
471612.215	325	0.535	-7.903089986991944
472896.686	325	0.54	-7.903089986991944
473903.541	325	0.545	-7.903089986991944
476067.914	325	0.55	-7.903089986991944
476785.302	325	0.555	-7.903089986991944
477936.8	325	0.56	-7.903089986991944
479704.644	325	0.565	-7.903089986991944
481190.259	325	0.57	-7.903089986991944
481903.695	325	0.575	-7.903089986991944
482860.433	325	0.58	-7.903089986991944
483622.929	325	0.585	-7.903089986991944
484608.385	325	0.59	-7.903089986991944
485299.188	325	0.595	-7.903089986991944
485991.243	325	0.6	-7.903089986991944
487199.536	325	0.605	-7.903089986991944
487963.556	325	0.61	-7.903089986991944
488630.398	325	0.615	-7.903089986991944
489452.617	325	0.62	-7.903089986991944
490324.25	325	0.625	-7.903089986991944
491561.716	325	0.63	-7.903089986991944
492416.775	325	0.635	-7.903089986991944
493274.637	325	0.64	-7.903089986991944
494513.034	325	0.645	-7.903089986991944
495209.068	325	0.65	-7.903089986991944
496411.503	325	0.655	-7.903089986991944
497256.957	325	0.66	-7.903089986991944
497530.576	325	0.665	-7.903089986991944
498497.322	325	0.67	-7.903089986991944
499393.093	325	0.675	-7.903089986991944
500388.617	325	0.68	-7.903089986991944
502041.169	325	0.685	-7.903089986991944
503999.894	325	0.69	-7.903089986991944
504558.756	325	0.695	-7.903089986991944
506141.586	325	0.7	-7.903089986991944
507012.542	325	0.705	-7.903089986991944
507754.027	325	0.71	-7.903089986991944
509598.482	325	0.715	-7.903089986991944
510684.914	325	0.72	-7.903089986991944
510991.132	325	0.725	-7.903089986991944
512941.967	325	0.73	-7.903089986991944
514434.852	325	0.735	-7.903089986991944
516711.053	325	0.74	-7.903089986991944
517453.26	325	0.745	-7.903089986991944
518666.464	325	0.75	-7.903089986991944
520677.358	325	0.755	-7.903089986991944
521606.134	325	0.76	-7.903089986991944
523228.22	325	0.765	-7.903089986991944
523688.137	325	0.77	-7.903089986991944
524304.511	325	0.775	-7.903089986991944
525382.094	325	0.78	-7.903089986991944
526527.597	325	0.785	-7.903089986991944
528072.529	325	0.79	-7.903089986991944
528622.072	325	0.795	-7.903089986991944
530431.143	325	0.8	-7.903089986991944
531457.651	325	0.805	-7.903089986991944
533145.989	325	0.81	-7.903089986991944
534175.349	325	0.815	-7.903089986991944
537579.951	325	0.82	-7.903089986991944
540619.682	325	0.825	-7.903089986991944
541627.761	325	0.83	-7.903089986991944
542716.629	325	0.835	-7.903089986991944
544030.114	325	0.84	-7.903089986991944
544979.031	325	0.845	-7.903089986991944
547286.714	325	0.85	-7.903089986991944
549925.514	325	0.855	-7.903089986991944
550820.729	325	0.86	-7.903089986991944
552196.548	325	0.865	-7.903089986991944
552839.399	325	0.87	-7.903089986991944
555423.625	325	0.875	-7.903089986991944
558464.914	325	0.88	-7.903089986991944
559418.845	325	0.885	-7.903089986991944
562529.938	325	0.89	-7.903089986991944
564826.621	325	0.895	-7.903089986991944
569215.671	325	0.9	-7.903089986991944
573277.919	325	0.905	-7.903089986991944
577812.8	325	0.91	-7.903089986991944
580006.5	325	0.915	-7.903089986991944
583388.917	325	0.92	-7.903089986991944
585961.893	325	0.925	-7.903089986991944
589994.967	325	0.93	-7.903089986991944
594205.086	325	0.935	-7.903089986991944
599573.82	325	0.94	-7.903089986991944
610831.06	325	0.945	-7.903089986991944
618299.271	325	0.95	-7.903089986991944
623084.825	325	0.955	-7.903089986991944
628952.294	325	0.96	-7.903089986991944
633124.698	325	0.965	-7.903089986991944
643482.639	325	0.97	-7.903089986991944
656185.893	325	0.975	-7.903089986991944
688037.101	325	0.98	-7.903089986991944
701765.436	325	0.985	-7.903089986991944
723508.929	325	0.99	-7.903089986991944
750333.41	325	0.995	-7.903089986991944
495269.286	350	0.5	-7.903089986991944
495733.521	350	0.505	-7.903089986991944
496040.895	350	0.51	-7.903089986991944
496525.337	350	0.515	-7.903089986991944
496734.38	350	0.52	-7.903089986991944
497203.504	350	0.525	-7.903089986991944
497735.471	350	0.53	-7.903089986991944
497956.171	350	0.535	-7.903089986991944
498966.0	350	0.54	-7.903089986991944
500001.088	350	0.545	-7.903089986991944
500631.825	350	0.55	-7.903089986991944
501245.525	350	0.555	-7.903089986991944
501960.677	350	0.56	-7.903089986991944
502944.321	350	0.565	-7.903089986991944
503534.692	350	0.57	-7.903089986991944
504481.571	350	0.575	-7.903089986991944
505284.234	350	0.58	-7.903089986991944
506724.151	350	0.585	-7.903089986991944
508301.684	350	0.59	-7.903089986991944
509384.729	350	0.595	-7.903089986991944
509732.071	350	0.6	-7.903089986991944
510408.415	350	0.605	-7.903089986991944
511416.085	350	0.61	-7.903089986991944
512206.234	350	0.615	-7.903089986991944
512726.547	350	0.62	-7.903089986991944
513880.107	350	0.625	-7.903089986991944
515176.423	350	0.63	-7.903089986991944
516218.847	350	0.635	-7.903089986991944
516633.74	350	0.64	-7.903089986991944
517487.093	350	0.645	-7.903089986991944
519019.5	350	0.65	-7.903089986991944
519760.825	350	0.655	-7.903089986991944
520125.131	350	0.66	-7.903089986991944
521106.374	350	0.665	-7.903089986991944
521915.571	350	0.67	-7.903089986991944
522966.452	350	0.675	-7.903089986991944
523798.086	350	0.68	-7.903089986991944
524694.15	350	0.685	-7.903089986991944
525355.459	350	0.69	-7.903089986991944
526616.349	350	0.695	-7.903089986991944
527225.336	350	0.7	-7.903089986991944
527914.281	350	0.705	-7.903089986991944
529217.472	350	0.71	-7.903089986991944
530484.187	350	0.715	-7.903089986991944
531811.243	350	0.72	-7.903089986991944
533046.73	350	0.725	-7.903089986991944
533526.148	350	0.73	-7.903089986991944
534742.907	350	0.735	-7.903089986991944
535622.859	350	0.74	-7.903089986991944
536781.483	350	0.745	-7.903089986991944
538566.071	350	0.75	-7.903089986991944
539987.948	350	0.755	-7.903089986991944
541592.16	350	0.76	-7.903089986991944
542911.714	350	0.765	-7.903089986991944
545778.422	350	0.77	-7.903089986991944
547623.588	350	0.775	-7.903089986991944
548638.254	350	0.78	-7.903089986991944
549670.087	350	0.785	-7.903089986991944
550799.371	350	0.79	-7.903089986991944
551680.414	350	0.795	-7.903089986991944
552294.114	350	0.8	-7.903089986991944
553144.629	350	0.805	-7.903089986991944
553991.698	350	0.81	-7.903089986991944
556862.866	350	0.815	-7.903089986991944
559372.747	350	0.82	-7.903089986991944
560968.952	350	0.825	-7.903089986991944
562100.184	350	0.83	-7.903089986991944
563144.967	350	0.835	-7.903089986991944
565457.306	350	0.84	-7.903089986991944
568707.492	350	0.845	-7.903089986991944
570784.121	350	0.85	-7.903089986991944
572122.883	350	0.855	-7.903089986991944
574803.739	350	0.86	-7.903089986991944
576849.478	350	0.865	-7.903089986991944
579707.671	350	0.87	-7.903089986991944
583858.286	350	0.875	-7.903089986991944
586574.109	350	0.88	-7.903089986991944
589612.443	350	0.885	-7.903089986991944
590660.614	350	0.89	-7.903089986991944
592225.271	350	0.895	-7.903089986991944
594538.843	350	0.9	-7.903089986991944
597770.05	350	0.905	-7.903089986991944
601289.464	350	0.91	-7.903089986991944
605784.426	350	0.915	-7.903089986991944
607860.92	350	0.92	-7.903089986991944
611084.607	350	0.925	-7.903089986991944
617344.762	350	0.93	-7.903089986991944
621428.836	350	0.935	-7.903089986991944
623900.18	350	0.94	-7.903089986991944
631234.81	350	0.945	-7.903089986991944
634245.554	350	0.95	-7.903089986991944
639024.313	350	0.955	-7.903089986991944
645708.171	350	0.96	-7.903089986991944
654641.009	350	0.965	-7.903089986991944
661308.643	350	0.97	-7.903089986991944
671043.143	350	0.975	-7.903089986991944
693942.647	350	0.98	-7.903089986991944
710661.129	350	0.985	-7.903089986991944
735401.057	350	0.99	-7.903089986991944
766959.785	350	0.995	-7.903089986991944
512007.179	375	0.5	-7.903089986991944
512542.609	375	0.505	-7.903089986991944
513316.852	375	0.51	-7.903089986991944
514073.328	375	0.515	-7.903089986991944
514944.709	375	0.52	-7.903089986991944
516786.416	375	0.525	-7.903089986991944
518254.329	375	0.53	-7.903089986991944
518787.264	375	0.535	-7.903089986991944
519442.291	375	0.54	-7.903089986991944
520372.74	375	0.545	-7.903089986991944
520784.254	375	0.55	-7.903089986991944
521415.013	375	0.555	-7.903089986991944
522194.143	375	0.56	-7.903089986991944
523624.429	375	0.565	-7.903089986991944
524579.478	375	0.57	-7.903089986991944
525368.061	375	0.575	-7.903089986991944
526241.684	375	0.58	-7.903089986991944
527119.663	375	0.585	-7.903089986991944
527845.619	375	0.59	-7.903089986991944
530018.808	375	0.595	-7.903089986991944
530589.086	375	0.6	-7.903089986991944
531376.244	375	0.605	-7.903089986991944
532025.951	375	0.61	-7.903089986991944
533035.891	375	0.615	-7.903089986991944
533837.321	375	0.62	-7.903089986991944
535414.491	375	0.625	-7.903089986991944
536941.006	375	0.63	-7.903089986991944
537590.704	375	0.635	-7.903089986991944
538771.749	375	0.64	-7.903089986991944
540337.704	375	0.645	-7.903089986991944
541105.189	375	0.65	-7.903089986991944
541768.0	375	0.655	-7.903089986991944
542761.214	375	0.66	-7.903089986991944
544889.493	375	0.665	-7.903089986991944
546026.762	375	0.67	-7.903089986991944
547419.6	375	0.675	-7.903089986991944
549246.831	375	0.68	-7.903089986991944
551000.968	375	0.685	-7.903089986991944
552580.221	375	0.69	-7.903089986991944
554388.536	375	0.695	-7.903089986991944
555605.543	375	0.7	-7.903089986991944
557316.031	375	0.705	-7.903089986991944
559390.369	375	0.71	-7.903089986991944
559974.564	375	0.715	-7.903089986991944
560508.971	375	0.72	-7.903089986991944
562559.448	375	0.725	-7.903089986991944
563826.343	375	0.73	-7.903089986991944
565759.283	375	0.735	-7.903089986991944
566745.416	375	0.74	-7.903089986991944
568382.775	375	0.745	-7.903089986991944
568977.857	375	0.75	-7.903089986991944
569650.771	375	0.755	-7.903089986991944
573272.154	375	0.76	-7.903089986991944
575063.813	375	0.765	-7.903089986991944
577533.814	375	0.77	-7.903089986991944
578980.327	375	0.775	-7.903089986991944
580634.543	375	0.78	-7.903089986991944
581821.768	375	0.785	-7.903089986991944
583552.801	375	0.79	-7.903089986991944
586909.9	375	0.795	-7.903089986991944
588317.6	375	0.8	-7.903089986991944
589850.17	375	0.805	-7.903089986991944
591511.882	375	0.81	-7.903089986991944
592118.384	375	0.815	-7.903089986991944
595295.284	375	0.82	-7.903089986991944
596858.095	375	0.825	-7.903089986991944
598589.531	375	0.83	-7.903089986991944
601121.575	375	0.835	-7.903089986991944
602972.806	375	0.84	-7.903089986991944
604796.078	375	0.845	-7.903089986991944
606315.804	375	0.85	-7.903089986991944
608812.461	375	0.855	-7.903089986991944
611343.496	375	0.86	-7.903089986991944
614376.263	375	0.865	-7.903089986991944
620896.32	375	0.87	-7.903089986991944
622560.946	375	0.875	-7.903089986991944
625639.131	375	0.88	-7.903089986991944
628531.593	375	0.885	-7.903089986991944
631927.944	375	0.89	-7.903089986991944
635121.299	375	0.895	-7.903089986991944
638092.371	375	0.9	-7.903089986991944
642262.803	375	0.905	-7.903089986991944
647253.622	375	0.91	-7.903089986991944
650670.343	375	0.915	-7.903089986991944
651845.257	375	0.92	-7.903089986991944
655374.066	375	0.925	-7.903089986991944
658050.345	375	0.93	-7.903089986991944
667977.203	375	0.935	-7.903089986991944
673892.519	375	0.94	-7.903089986991944
678028.0	375	0.945	-7.903089986991944
685729.929	375	0.95	-7.903089986991944
694870.136	375	0.955	-7.903089986991944
700242.583	375	0.96	-7.903089986991944
711129.071	375	0.965	-7.903089986991944
717000.029	375	0.97	-7.903089986991944
745251.929	375	0.975	-7.903089986991944
752793.093	375	0.98	-7.903089986991944
773242.564	375	0.985	-7.903089986991944
791599.966	375	0.99	-7.903089986991944
812193.976	375	0.995	-7.903089986991944
537545.714	400	0.5	-7.903089986991944
537842.444	400	0.505	-7.903089986991944
539063.746	400	0.51	-7.903089986991944
539838.641	400	0.515	-7.903089986991944
540237.703	400	0.52	-7.903089986991944
540857.55	400	0.525	-7.903089986991944
542121.024	400	0.53	-7.903089986991944
542905.452	400	0.535	-7.903089986991944
543831.027	400	0.54	-7.903089986991944
545390.35	400	0.545	-7.903089986991944
546456.657	400	0.55	-7.903089986991944
547526.004	400	0.555	-7.903089986991944
548004.703	400	0.56	-7.903089986991944
548693.886	400	0.565	-7.903089986991944
550650.324	400	0.57	-7.903089986991944
551273.934	400	0.575	-7.903089986991944
552733.759	400	0.58	-7.903089986991944
553632.352	400	0.585	-7.903089986991944
554105.541	400	0.59	-7.903089986991944
554702.163	400	0.595	-7.903089986991944
555562.114	400	0.6	-7.903089986991944
556585.571	400	0.605	-7.903089986991944
557200.311	400	0.61	-7.903089986991944
557797.684	400	0.615	-7.903089986991944
559505.483	400	0.62	-7.903089986991944
560203.696	400	0.625	-7.903089986991944
560549.751	400	0.63	-7.903089986991944
561442.121	400	0.635	-7.903089986991944
562822.711	400	0.64	-7.903089986991944
563965.229	400	0.645	-7.903089986991944
565016.432	400	0.65	-7.903089986991944
566254.24	400	0.655	-7.903089986991944
568365.803	400	0.66	-7.903089986991944
569442.418	400	0.665	-7.903089986991944
570017.42	400	0.67	-7.903089986991944
570602.832	400	0.675	-7.903089986991944
571672.16	400	0.68	-7.903089986991944
572398.428	400	0.685	-7.903089986991944
575132.656	400	0.69	-7.903089986991944
577096.111	400	0.695	-7.903089986991944
578816.593	400	0.7	-7.903089986991944
579852.415	400	0.705	-7.903089986991944
581508.765	400	0.71	-7.903089986991944
582759.524	400	0.715	-7.903089986991944
584347.534	400	0.72	-7.903089986991944
586761.763	400	0.725	-7.903089986991944
588276.406	400	0.73	-7.903089986991944
589502.332	400	0.735	-7.903089986991944
591869.829	400	0.74	-7.903089986991944
593344.616	400	0.745	-7.903089986991944
594419.339	400	0.75	-7.903089986991944
597611.667	400	0.755	-7.903089986991944
600932.28	400	0.76	-7.903089986991944
601874.615	400	0.765	-7.903089986991944
603867.756	400	0.77	-7.903089986991944
606627.368	400	0.775	-7.903089986991944
608288.933	400	0.78	-7.903089986991944
609743.029	400	0.785	-7.903089986991944
611164.44	400	0.79	-7.903089986991944
612886.643	400	0.795	-7.903089986991944
615031.329	400	0.8	-7.903089986991944
617331.321	400	0.805	-7.903089986991944
618646.961	400	0.81	-7.903089986991944
620181.428	400	0.815	-7.903089986991944
621328.516	400	0.82	-7.903089986991944
624223.571	400	0.825	-7.903089986991944
627001.545	400	0.83	-7.903089986991944
628655.729	400	0.835	-7.903089986991944
630698.457	400	0.84	-7.903089986991944
633288.228	400	0.845	-7.903089986991944
634763.764	400	0.85	-7.903089986991944
637241.795	400	0.855	-7.903089986991944
641890.894	400	0.86	-7.903089986991944
643494.993	400	0.865	-7.903089986991944
645616.2	400	0.87	-7.903089986991944
647229.411	400	0.875	-7.903089986991944
650992.749	400	0.88	-7.903089986991944
651804.836	400	0.885	-7.903089986991944
655375.564	400	0.89	-7.903089986991944
659101.493	400	0.895	-7.903089986991944
663336.321	400	0.9	-7.903089986991944
671824.278	400	0.905	-7.903089986991944
677341.338	400	0.91	-7.903089986991944
681154.789	400	0.915	-7.903089986991944
685716.0	400	0.92	-7.903089986991944
688155.857	400	0.925	-7.903089986991944
690669.589	400	0.93	-7.903089986991944
694778.95	400	0.935	-7.903089986991944
698556.787	400	0.94	-7.903089986991944
704731.193	400	0.945	-7.903089986991944
707593.125	400	0.95	-7.903089986991944
718067.229	400	0.955	-7.903089986991944
724040.64	400	0.96	-7.903089986991944
736399.043	400	0.965	-7.903089986991944
742043.057	400	0.97	-7.903089986991944
750406.429	400	0.975	-7.903089986991944
759855.314	400	0.98	-7.903089986991944
771289.846	400	0.985	-7.903089986991944
802332.743	400	0.99	-7.903089986991944
817564.867	400	0.995	-7.903089986991944
562744.964	425	0.5	-7.903089986991944
564089.358	425	0.505	-7.903089986991944
565922.279	425	0.51	-7.903089986991944
567135.999	425	0.515	-7.903089986991944
568274.809	425	0.52	-7.903089986991944
569628.462	425	0.525	-7.903089986991944
570663.219	425	0.53	-7.903089986991944
571275.733	425	0.535	-7.903089986991944
571905.477	425	0.54	-7.903089986991944
573033.364	425	0.545	-7.903089986991944
575202.768	425	0.55	-7.903089986991944
576616.523	425	0.555	-7.903089986991944
577965.263	425	0.56	-7.903089986991944
578632.228	425	0.565	-7.903089986991944
579861.364	425	0.57	-7.903089986991944
580848.261	425	0.575	-7.903089986991944
581679.724	425	0.58	-7.903089986991944
582685.349	425	0.585	-7.903089986991944
583723.598	425	0.59	-7.903089986991944
584500.222	425	0.595	-7.903089986991944
586631.171	425	0.6	-7.903089986991944
588507.72	425	0.605	-7.903089986991944
589915.367	425	0.61	-7.903089986991944
590634.568	425	0.615	-7.903089986991944
591742.749	425	0.62	-7.903089986991944
593388.152	425	0.625	-7.903089986991944
595845.755	425	0.63	-7.903089986991944
596937.183	425	0.635	-7.903089986991944
597890.483	425	0.64	-7.903089986991944
599687.442	425	0.645	-7.903089986991944
601415.164	425	0.65	-7.903089986991944
603044.5	425	0.655	-7.903089986991944
603478.823	425	0.66	-7.903089986991944
604135.145	425	0.665	-7.903089986991944
605439.429	425	0.67	-7.903089986991944
606718.63	425	0.675	-7.903089986991944
608618.777	425	0.68	-7.903089986991944
610264.802	425	0.685	-7.903089986991944
611519.522	425	0.69	-7.903089986991944
612816.43	425	0.695	-7.903089986991944
613327.821	425	0.7	-7.903089986991944
615684.564	425	0.705	-7.903089986991944
616336.411	425	0.71	-7.903089986991944
617019.783	425	0.715	-7.903089986991944
618306.306	425	0.72	-7.903089986991944
618967.904	425	0.725	-7.903089986991944
620437.604	425	0.73	-7.903089986991944
622069.159	425	0.735	-7.903089986991944
623582.804	425	0.74	-7.903089986991944
624401.726	425	0.745	-7.903089986991944
626272.5	425	0.75	-7.903089986991944
626917.379	425	0.755	-7.903089986991944
627429.531	425	0.76	-7.903089986991944
628149.335	425	0.765	-7.903089986991944
630426.014	425	0.77	-7.903089986991944
632376.571	425	0.775	-7.903089986991944
635513.537	425	0.78	-7.903089986991944
637684.538	425	0.785	-7.903089986991944
641388.6	425	0.79	-7.903089986991944
643491.929	425	0.795	-7.903089986991944
645680.329	425	0.8	-7.903089986991944
647015.071	425	0.805	-7.903089986991944
651135.609	425	0.81	-7.903089986991944
652380.189	425	0.815	-7.903089986991944
656507.589	425	0.82	-7.903089986991944
657916.486	425	0.825	-7.903089986991944
659295.971	425	0.83	-7.903089986991944
661543.944	425	0.835	-7.903089986991944
662371.503	425	0.84	-7.903089986991944
667584.343	425	0.845	-7.903089986991944
669489.357	425	0.85	-7.903089986991944
671622.644	425	0.855	-7.903089986991944
674313.829	425	0.86	-7.903089986991944
676036.345	425	0.865	-7.903089986991944
680353.338	425	0.87	-7.903089986991944
683710.991	425	0.875	-7.903089986991944
687072.803	425	0.88	-7.903089986991944
688753.196	425	0.885	-7.903089986991944
693582.501	425	0.89	-7.903089986991944
696999.861	425	0.895	-7.903089986991944
700328.486	425	0.9	-7.903089986991944
705783.184	425	0.905	-7.903089986991944
710082.471	425	0.91	-7.903089986991944
711574.668	425	0.915	-7.903089986991944
718354.8	425	0.92	-7.903089986991944
722189.28	425	0.925	-7.903089986991944
725100.671	425	0.93	-7.903089986991944
730673.029	425	0.935	-7.903089986991944
737961.629	425	0.94	-7.903089986991944
747714.807	425	0.945	-7.903089986991944
754056.393	425	0.95	-7.903089986991944
758567.164	425	0.955	-7.903089986991944
767962.229	425	0.96	-7.903089986991944
775274.471	425	0.965	-7.903089986991944
789059.271	425	0.97	-7.903089986991944
794899.429	425	0.975	-7.903089986991944
804308.286	425	0.98	-7.903089986991944
831160.814	425	0.985	-7.903089986991944
847062.653	425	0.99	-7.903089986991944
890126.2	425	0.995	-7.903089986991944
585007.964	450	0.5	-7.903089986991944
585937.793	450	0.505	-7.903089986991944
586732.057	450	0.51	-7.903089986991944
587803.417	450	0.515	-7.903089986991944
588230.783	450	0.52	-7.903089986991944
589234.659	450	0.525	-7.903089986991944
590256.343	450	0.53	-7.903089986991944
591608.581	450	0.535	-7.903089986991944
593751.071	450	0.54	-7.903089986991944
595549.018	450	0.545	-7.903089986991944
596769.532	450	0.55	-7.903089986991944
597811.301	450	0.555	-7.903089986991944
599341.266	450	0.56	-7.903089986991944
600261.012	450	0.565	-7.903089986991944
601278.473	450	0.57	-7.903089986991944
602163.577	450	0.575	-7.903089986991944
603907.166	450	0.58	-7.903089986991944
605015.64	450	0.585	-7.903089986991944
605713.928	450	0.59	-7.903089986991944
607629.571	450	0.595	-7.903089986991944
608514.114	450	0.6	-7.903089986991944
609079.729	450	0.605	-7.903089986991944
610037.095	450	0.61	-7.903089986991944
610971.564	450	0.615	-7.903089986991944
611994.391	450	0.62	-7.903089986991944
613592.17	450	0.625	-7.903089986991944
615132.704	450	0.63	-7.903089986991944
617143.71	450	0.635	-7.903089986991944
619037.543	450	0.64	-7.903089986991944
620024.124	450	0.645	-7.903089986991944
620492.8	450	0.65	-7.903089986991944
622369.994	450	0.655	-7.903089986991944
623846.474	450	0.66	-7.903089986991944
626147.247	450	0.665	-7.903089986991944
627002.883	450	0.67	-7.903089986991944
627857.332	450	0.675	-7.903089986991944
629395.197	450	0.68	-7.903089986991944
629844.056	450	0.685	-7.903089986991944
631241.852	450	0.69	-7.903089986991944
632468.258	450	0.695	-7.903089986991944
633300.879	450	0.7	-7.903089986991944
634215.68	450	0.705	-7.903089986991944
635590.321	450	0.71	-7.903089986991944
636680.52	450	0.715	-7.903089986991944
638273.591	450	0.72	-7.903089986991944
640107.393	450	0.725	-7.903089986991944
641265.981	450	0.73	-7.903089986991944
642614.46	450	0.735	-7.903089986991944
643850.991	450	0.74	-7.903089986991944
646080.885	450	0.745	-7.903089986991944
647859.696	450	0.75	-7.903089986991944
648455.718	450	0.755	-7.903089986991944
650055.066	450	0.76	-7.903089986991944
651604.483	450	0.765	-7.903089986991944
653650.961	450	0.77	-7.903089986991944
654589.886	450	0.775	-7.903089986991944
656222.67	450	0.78	-7.903089986991944
657593.812	450	0.785	-7.903089986991944
660086.899	450	0.79	-7.903089986991944
661940.833	450	0.795	-7.903089986991944
664242.271	450	0.8	-7.903089986991944
666086.743	450	0.805	-7.903089986991944
668087.0	450	0.81	-7.903089986991944
669897.554	450	0.815	-7.903089986991944
672433.897	450	0.82	-7.903089986991944
677984.523	450	0.825	-7.903089986991944
681901.51	450	0.83	-7.903089986991944
682801.998	450	0.835	-7.903089986991944
688628.014	450	0.84	-7.903089986991944
692300.996	450	0.845	-7.903089986991944
694568.407	450	0.85	-7.903089986991944
699566.348	450	0.855	-7.903089986991944
703656.543	450	0.86	-7.903089986991944
705043.286	450	0.865	-7.903089986991944
707081.248	450	0.87	-7.903089986991944
708913.723	450	0.875	-7.903089986991944
709915.331	450	0.88	-7.903089986991944
714607.659	450	0.885	-7.903089986991944
720415.371	450	0.89	-7.903089986991944
727434.043	450	0.895	-7.903089986991944
729949.564	450	0.9	-7.903089986991944
732303.7	450	0.905	-7.903089986991944
738518.608	450	0.91	-7.903089986991944
740874.821	450	0.915	-7.903089986991944
748416.646	450	0.92	-7.903089986991944
753996.214	450	0.925	-7.903089986991944
759315.143	450	0.93	-7.903089986991944
762606.226	450	0.935	-7.903089986991944
770398.279	450	0.94	-7.903089986991944
783278.933	450	0.945	-7.903089986991944
787503.279	450	0.95	-7.903089986991944
796816.4	450	0.955	-7.903089986991944
801406.734	450	0.96	-7.903089986991944
804830.098	450	0.965	-7.903089986991944
828417.057	450	0.97	-7.903089986991944
833473.788	450	0.975	-7.903089986991944
862209.644	450	0.98	-7.903089986991944
883252.198	450	0.985	-7.903089986991944
911436.314	450	0.99	-7.903089986991944
946732.63	450	0.995	-7.903089986991944
