S*_score	SNP_num	quantile	log(local_recomb_rate)
109028.667	25	0.5	-7.903089986991944
109170.873	25	0.505	-7.903089986991944
109860.0	25	0.51	-7.903089986991944
110396.0	25	0.515	-7.903089986991944
110644.8	25	0.52	-7.903089986991944
110801.5	25	0.525	-7.903089986991944
111141.8	25	0.53	-7.903089986991944
111699.666	25	0.535	-7.903089986991944
112667.896	25	0.54	-7.903089986991944
113271.6	25	0.545	-7.903089986991944
113502.286	25	0.55	-7.903089986991944
113986.229	25	0.555	-7.903089986991944
115850.171	25	0.56	-7.903089986991944
116447.838	25	0.565	-7.903089986991944
116692.677	25	0.57	-7.903089986991944
116904.0	25	0.575	-7.903089986991944
117140.2	25	0.58	-7.903089986991944
117310.84	25	0.585	-7.903089986991944
117430.36	25	0.59	-7.903089986991944
118563.2	25	0.595	-7.903089986991944
118959.6	25	0.6	-7.903089986991944
119804.1	25	0.605	-7.903089986991944
121167.267	25	0.61	-7.903089986991944
122261.433	25	0.615	-7.903089986991944
124549.467	25	0.62	-7.903089986991944
125362.5	25	0.625	-7.903089986991944
125618.0	25	0.63	-7.903089986991944
126143.8	25	0.635	-7.903089986991944
126883.2	25	0.64	-7.903089986991944
127059.27	25	0.645	-7.903089986991944
127524.9	25	0.65	-7.903089986991944
128524.403	25	0.655	-7.903089986991944
132685.067	25	0.66	-7.903089986991944
136198.7	25	0.665	-7.903089986991944
137345.029	25	0.67	-7.903089986991944
138564.214	25	0.675	-7.903089986991944
139084.743	25	0.68	-7.903089986991944
140726.26	25	0.685	-7.903089986991944
141470.76	25	0.69	-7.903089986991944
141630.3	25	0.695	-7.903089986991944
141830.909	25	0.7	-7.903089986991944
142176.309	25	0.705	-7.903089986991944
142778.436	25	0.71	-7.903089986991944
143004.2	25	0.715	-7.903089986991944
144079.2	25	0.72	-7.903089986991944
145223.0	25	0.725	-7.903089986991944
145726.0	25	0.73	-7.903089986991944
146305.8	25	0.735	-7.903089986991944
146787.2	25	0.74	-7.903089986991944
147201.6	25	0.745	-7.903089986991944
147562.857	25	0.75	-7.903089986991944
148126.829	25	0.755	-7.903089986991944
148997.6	25	0.76	-7.903089986991944
149711.4	25	0.765	-7.903089986991944
149769.2	25	0.77	-7.903089986991944
150885.0	25	0.775	-7.903089986991944
152190.4	25	0.78	-7.903089986991944
153214.2	25	0.785	-7.903089986991944
153818.08	25	0.79	-7.903089986991944
154043.84	25	0.795	-7.903089986991944
155370.4	25	0.8	-7.903089986991944
155845.8	25	0.805	-7.903089986991944
156123.971	25	0.81	-7.903089986991944
156357.772	25	0.815	-7.903089986991944
156487.584	25	0.82	-7.903089986991944
157253.84	25	0.825	-7.903089986991944
157487.2	25	0.83	-7.903089986991944
157698.6	25	0.835	-7.903089986991944
158372.0	25	0.84	-7.903089986991944
159204.143	25	0.845	-7.903089986991944
159603.143	25	0.85	-7.903089986991944
160577.8	25	0.855	-7.903089986991944
163639.2	25	0.86	-7.903089986991944
164779.617	25	0.865	-7.903089986991944
166812.393	25	0.87	-7.903089986991944
170036.0	25	0.875	-7.903089986991944
171960.8	25	0.88	-7.903089986991944
173006.6	25	0.885	-7.903089986991944
176050.4	25	0.89	-7.903089986991944
177684.2	25	0.895	-7.903089986991944
178190.909	25	0.9	-7.903089986991944
178500.2	25	0.905	-7.903089986991944
179296.8	25	0.91	-7.903089986991944
179529.2	25	0.915	-7.903089986991944
181072.0	25	0.92	-7.903089986991944
181759.0	25	0.925	-7.903089986991944
181870.4	25	0.93	-7.903089986991944
182041.8	25	0.935	-7.903089986991944
182661.6	25	0.94	-7.903089986991944
186014.8	25	0.945	-7.903089986991944
186610.0	25	0.95	-7.903089986991944
186645.3	25	0.955	-7.903089986991944
187848.8	25	0.96	-7.903089986991944
190143.4	25	0.965	-7.903089986991944
190880.4	25	0.97	-7.903089986991944
192557.0	25	0.975	-7.903089986991944
193118.4	25	0.98	-7.903089986991944
196626.4	25	0.985	-7.903089986991944
201790.8	25	0.99	-7.903089986991944
208801.825	25	0.995	-7.903089986991944
105900.0	50	0.5	-7.903089986991944
106574.875	50	0.505	-7.903089986991944
106940.25	50	0.51	-7.903089986991944
107115.0	50	0.515	-7.903089986991944
107560.0	50	0.52	-7.903089986991944
107895.0	50	0.525	-7.903089986991944
108298.333	50	0.53	-7.903089986991944
108735.25	50	0.535	-7.903089986991944
109200.0	50	0.54	-7.903089986991944
110595.0	50	0.545	-7.903089986991944
112388.462	50	0.55	-7.903089986991944
113406.667	50	0.555	-7.903089986991944
114280.0	50	0.56	-7.903089986991944
114649.964	50	0.565	-7.903089986991944
115420.5	50	0.57	-7.903089986991944
116065.0	50	0.575	-7.903089986991944
116521.0	50	0.58	-7.903089986991944
116896.857	50	0.585	-7.903089986991944
117592.286	50	0.59	-7.903089986991944
118013.75	50	0.595	-7.903089986991944
118417.143	50	0.6	-7.903089986991944
119333.861	50	0.605	-7.903089986991944
120368.068	50	0.61	-7.903089986991944
121101.667	50	0.615	-7.903089986991944
122391.8	50	0.62	-7.903089986991944
122893.571	50	0.625	-7.903089986991944
123405.643	50	0.63	-7.903089986991944
123660.0	50	0.635	-7.903089986991944
124193.333	50	0.64	-7.903089986991944
124938.5	50	0.645	-7.903089986991944
125490.0	50	0.65	-7.903089986991944
126129.375	50	0.655	-7.903089986991944
126400.0	50	0.66	-7.903089986991944
127275.0	50	0.665	-7.903089986991944
127626.667	50	0.67	-7.903089986991944
127827.5	50	0.675	-7.903089986991944
128060.0	50	0.68	-7.903089986991944
128694.0	50	0.685	-7.903089986991944
129230.476	50	0.69	-7.903089986991944
129640.0	50	0.695	-7.903089986991944
129790.0	50	0.7	-7.903089986991944
130702.0	50	0.705	-7.903089986991944
131575.679	50	0.71	-7.903089986991944
132520.0	50	0.715	-7.903089986991944
133820.0	50	0.72	-7.903089986991944
135443.25	50	0.725	-7.903089986991944
136570.0	50	0.73	-7.903089986991944
137358.75	50	0.735	-7.903089986991944
137806.667	50	0.74	-7.903089986991944
138272.0	50	0.745	-7.903089986991944
139178.0	50	0.75	-7.903089986991944
140352.5	50	0.755	-7.903089986991944
141221.0	50	0.76	-7.903089986991944
141490.0	50	0.765	-7.903089986991944
142087.0	50	0.77	-7.903089986991944
142832.75	50	0.775	-7.903089986991944
144760.0	50	0.78	-7.903089986991944
145416.556	50	0.785	-7.903089986991944
146104.286	50	0.79	-7.903089986991944
146985.0	50	0.795	-7.903089986991944
147284.0	50	0.8	-7.903089986991944
149070.0	50	0.805	-7.903089986991944
149649.667	50	0.81	-7.903089986991944
150187.5	50	0.815	-7.903089986991944
151341.0	50	0.82	-7.903089986991944
152345.0	50	0.825	-7.903089986991944
153687.143	50	0.83	-7.903089986991944
155745.0	50	0.835	-7.903089986991944
156845.714	50	0.84	-7.903089986991944
157205.0	50	0.845	-7.903089986991944
157712.0	50	0.85	-7.903089986991944
159425.0	50	0.855	-7.903089986991944
160440.0	50	0.86	-7.903089986991944
160842.083	50	0.865	-7.903089986991944
161545.0	50	0.87	-7.903089986991944
162682.5	50	0.875	-7.903089986991944
163600.0	50	0.88	-7.903089986991944
164176.818	50	0.885	-7.903089986991944
166395.0	50	0.89	-7.903089986991944
166762.769	50	0.895	-7.903089986991944
168570.0	50	0.9	-7.903089986991944
172110.5	50	0.905	-7.903089986991944
174276.905	50	0.91	-7.903089986991944
176340.0	50	0.915	-7.903089986991944
176946.154	50	0.92	-7.903089986991944
177910.0	50	0.925	-7.903089986991944
178994.714	50	0.93	-7.903089986991944
180527.582	50	0.935	-7.903089986991944
181420.0	50	0.94	-7.903089986991944
182106.667	50	0.945	-7.903089986991944
183605.0	50	0.95	-7.903089986991944
186192.0	50	0.955	-7.903089986991944
189480.0	50	0.96	-7.903089986991944
191975.0	50	0.965	-7.903089986991944
193278.333	50	0.97	-7.903089986991944
194315.839	50	0.975	-7.903089986991944
195520.0	50	0.98	-7.903089986991944
198947.273	50	0.985	-7.903089986991944
205516.071	50	0.99	-7.903089986991944
232916.429	50	0.995	-7.903089986991944
115626.154	75	0.5	-7.903089986991944
115799.543	75	0.505	-7.903089986991944
116049.2	75	0.51	-7.903089986991944
116490.166	75	0.515	-7.903089986991944
117665.689	75	0.52	-7.903089986991944
118168.252	75	0.525	-7.903089986991944
119070.08	75	0.53	-7.903089986991944
119287.829	75	0.535	-7.903089986991944
120048.137	75	0.54	-7.903089986991944
120244.983	75	0.545	-7.903089986991944
120886.175	75	0.55	-7.903089986991944
121488.053	75	0.555	-7.903089986991944
122980.0	75	0.56	-7.903089986991944
123557.314	75	0.565	-7.903089986991944
124108.48	75	0.57	-7.903089986991944
124388.975	75	0.575	-7.903089986991944
124754.4	75	0.58	-7.903089986991944
125475.591	75	0.585	-7.903089986991944
125825.681	75	0.59	-7.903089986991944
126371.84	75	0.595	-7.903089986991944
127990.557	75	0.6	-7.903089986991944
129613.2	75	0.605	-7.903089986991944
130041.714	75	0.61	-7.903089986991944
130342.857	75	0.615	-7.903089986991944
130563.333	75	0.62	-7.903089986991944
131300.0	75	0.625	-7.903089986991944
131954.947	75	0.63	-7.903089986991944
132741.333	75	0.635	-7.903089986991944
134725.087	75	0.64	-7.903089986991944
135699.2	75	0.645	-7.903089986991944
136055.771	75	0.65	-7.903089986991944
136441.067	75	0.655	-7.903089986991944
137094.067	75	0.66	-7.903089986991944
138094.114	75	0.665	-7.903089986991944
138549.2	75	0.67	-7.903089986991944
138800.561	75	0.675	-7.903089986991944
139519.32	75	0.68	-7.903089986991944
139877.274	75	0.685	-7.903089986991944
140308.8	75	0.69	-7.903089986991944
140581.686	75	0.695	-7.903089986991944
140830.4	75	0.7	-7.903089986991944
141286.286	75	0.705	-7.903089986991944
141797.072	75	0.71	-7.903089986991944
142481.662	75	0.715	-7.903089986991944
143245.785	75	0.72	-7.903089986991944
143866.5	75	0.725	-7.903089986991944
144637.867	75	0.73	-7.903089986991944
145673.669	75	0.735	-7.903089986991944
146089.908	75	0.74	-7.903089986991944
146995.84	75	0.745	-7.903089986991944
147670.0	75	0.75	-7.903089986991944
149369.886	75	0.755	-7.903089986991944
149949.509	75	0.76	-7.903089986991944
151146.523	75	0.765	-7.903089986991944
152112.038	75	0.77	-7.903089986991944
152964.0	75	0.775	-7.903089986991944
153721.6	75	0.78	-7.903089986991944
154440.933	75	0.785	-7.903089986991944
154702.0	75	0.79	-7.903089986991944
156486.4	75	0.795	-7.903089986991944
157227.475	75	0.8	-7.903089986991944
157563.429	75	0.805	-7.903089986991944
157959.2	75	0.81	-7.903089986991944
158359.743	75	0.815	-7.903089986991944
159146.118	75	0.82	-7.903089986991944
159609.6	75	0.825	-7.903089986991944
159805.091	75	0.83	-7.903089986991944
160618.88	75	0.835	-7.903089986991944
161553.867	75	0.84	-7.903089986991944
161910.8	75	0.845	-7.903089986991944
163193.2	75	0.85	-7.903089986991944
164955.017	75	0.855	-7.903089986991944
165353.538	75	0.86	-7.903089986991944
166483.813	75	0.865	-7.903089986991944
167206.831	75	0.87	-7.903089986991944
168510.0	75	0.875	-7.903089986991944
168789.76	75	0.88	-7.903089986991944
169029.314	75	0.885	-7.903089986991944
169605.302	75	0.89	-7.903089986991944
170701.799	75	0.895	-7.903089986991944
171998.973	75	0.9	-7.903089986991944
172673.96	75	0.905	-7.903089986991944
173603.922	75	0.91	-7.903089986991944
174219.733	75	0.915	-7.903089986991944
175829.6	75	0.92	-7.903089986991944
176750.0	75	0.925	-7.903089986991944
179589.4	75	0.93	-7.903089986991944
180359.92	75	0.935	-7.903089986991944
181111.345	75	0.94	-7.903089986991944
181485.6	75	0.945	-7.903089986991944
183014.0	75	0.95	-7.903089986991944
184763.771	75	0.955	-7.903089986991944
186572.0	75	0.96	-7.903089986991944
188783.2	75	0.965	-7.903089986991944
189592.914	75	0.97	-7.903089986991944
193965.444	75	0.975	-7.903089986991944
198472.68	75	0.98	-7.903089986991944
205186.057	75	0.985	-7.903089986991944
206007.943	75	0.99	-7.903089986991944
243410.933	75	0.995	-7.903089986991944
120796.464	100	0.5	-7.903089986991944
120973.3	100	0.505	-7.903089986991944
121736.933	100	0.51	-7.903089986991944
122694.416	100	0.515	-7.903089986991944
123112.969	100	0.52	-7.903089986991944
123595.95	100	0.525	-7.903089986991944
124263.4	100	0.53	-7.903089986991944
124601.779	100	0.535	-7.903089986991944
125387.511	100	0.54	-7.903089986991944
125767.836	100	0.545	-7.903089986991944
126562.836	100	0.55	-7.903089986991944
127505.37	100	0.555	-7.903089986991944
128358.914	100	0.56	-7.903089986991944
129203.65	100	0.565	-7.903089986991944
129603.095	100	0.57	-7.903089986991944
130060.573	100	0.575	-7.903089986991944
131114.56	100	0.58	-7.903089986991944
131846.666	100	0.585	-7.903089986991944
132225.96	100	0.59	-7.903089986991944
132758.473	100	0.595	-7.903089986991944
133056.2	100	0.6	-7.903089986991944
133542.733	100	0.605	-7.903089986991944
133680.186	100	0.61	-7.903089986991944
134029.941	100	0.615	-7.903089986991944
134748.933	100	0.62	-7.903089986991944
135080.714	100	0.625	-7.903089986991944
135426.9	100	0.63	-7.903089986991944
135639.195	100	0.635	-7.903089986991944
136125.2	100	0.64	-7.903089986991944
136563.217	100	0.645	-7.903089986991944
137331.723	100	0.65	-7.903089986991944
137922.69	100	0.655	-7.903089986991944
138234.669	100	0.66	-7.903089986991944
138687.943	100	0.665	-7.903089986991944
140114.745	100	0.67	-7.903089986991944
141181.673	100	0.675	-7.903089986991944
141716.471	100	0.68	-7.903089986991944
142629.039	100	0.685	-7.903089986991944
143711.65	100	0.69	-7.903089986991944
144250.533	100	0.695	-7.903089986991944
145040.071	100	0.7	-7.903089986991944
145464.858	100	0.705	-7.903089986991944
146075.6	100	0.71	-7.903089986991944
146771.297	100	0.715	-7.903089986991944
147012.862	100	0.72	-7.903089986991944
147245.538	100	0.725	-7.903089986991944
148232.195	100	0.73	-7.903089986991944
149036.654	100	0.735	-7.903089986991944
149722.174	100	0.74	-7.903089986991944
150483.425	100	0.745	-7.903089986991944
151302.284	100	0.75	-7.903089986991944
152074.571	100	0.755	-7.903089986991944
152689.673	100	0.76	-7.903089986991944
153383.407	100	0.765	-7.903089986991944
153824.817	100	0.77	-7.903089986991944
154224.396	100	0.775	-7.903089986991944
154953.2	100	0.78	-7.903089986991944
155817.954	100	0.785	-7.903089986991944
156610.265	100	0.79	-7.903089986991944
157274.037	100	0.795	-7.903089986991944
158133.846	100	0.8	-7.903089986991944
159142.706	100	0.805	-7.903089986991944
160150.739	100	0.81	-7.903089986991944
161713.555	100	0.815	-7.903089986991944
162642.4	100	0.82	-7.903089986991944
163048.115	100	0.825	-7.903089986991944
163458.123	100	0.83	-7.903089986991944
163965.45	100	0.835	-7.903089986991944
164540.06	100	0.84	-7.903089986991944
165523.37	100	0.845	-7.903089986991944
165961.143	100	0.85	-7.903089986991944
167458.363	100	0.855	-7.903089986991944
168278.4	100	0.86	-7.903089986991944
169223.243	100	0.865	-7.903089986991944
170489.931	100	0.87	-7.903089986991944
170877.927	100	0.875	-7.903089986991944
171347.2	100	0.88	-7.903089986991944
171841.816	100	0.885	-7.903089986991944
173412.725	100	0.89	-7.903089986991944
174453.607	100	0.895	-7.903089986991944
176160.2	100	0.9	-7.903089986991944
176706.307	100	0.905	-7.903089986991944
177467.21	100	0.91	-7.903089986991944
179828.232	100	0.915	-7.903089986991944
180794.123	100	0.92	-7.903089986991944
182323.179	100	0.925	-7.903089986991944
183424.2	100	0.93	-7.903089986991944
183875.557	100	0.935	-7.903089986991944
184932.8	100	0.94	-7.903089986991944
188254.481	100	0.945	-7.903089986991944
190342.0	100	0.95	-7.903089986991944
193435.489	100	0.955	-7.903089986991944
194477.398	100	0.96	-7.903089986991944
196095.669	100	0.965	-7.903089986991944
197653.697	100	0.97	-7.903089986991944
201639.074	100	0.975	-7.903089986991944
208780.914	100	0.98	-7.903089986991944
219050.467	100	0.985	-7.903089986991944
231352.169	100	0.99	-7.903089986991944
255368.935	100	0.995	-7.903089986991944
128973.679	125	0.5	-7.903089986991944
129591.258	125	0.505	-7.903089986991944
129839.385	125	0.51	-7.903089986991944
130136.5	125	0.515	-7.903089986991944
130785.923	125	0.52	-7.903089986991944
131223.958	125	0.525	-7.903089986991944
131884.143	125	0.53	-7.903089986991944
132657.5	125	0.535	-7.903089986991944
133284.143	125	0.54	-7.903089986991944
133786.291	125	0.545	-7.903089986991944
134199.114	125	0.55	-7.903089986991944
135043.506	125	0.555	-7.903089986991944
135818.5	125	0.56	-7.903089986991944
136062.282	125	0.565	-7.903089986991944
136652.732	125	0.57	-7.903089986991944
136804.808	125	0.575	-7.903089986991944
137257.192	125	0.58	-7.903089986991944
137735.472	125	0.585	-7.903089986991944
138217.162	125	0.59	-7.903089986991944
138761.389	125	0.595	-7.903089986991944
140105.455	125	0.6	-7.903089986991944
140598.194	125	0.605	-7.903089986991944
141096.095	125	0.61	-7.903089986991944
141582.905	125	0.615	-7.903089986991944
141822.008	125	0.62	-7.903089986991944
142785.0	125	0.625	-7.903089986991944
143306.714	125	0.63	-7.903089986991944
143797.405	125	0.635	-7.903089986991944
144630.319	125	0.64	-7.903089986991944
145106.75	125	0.645	-7.903089986991944
145775.893	125	0.65	-7.903089986991944
146393.236	125	0.655	-7.903089986991944
147434.088	125	0.66	-7.903089986991944
147761.906	125	0.665	-7.903089986991944
148198.848	125	0.67	-7.903089986991944
148635.0	125	0.675	-7.903089986991944
148982.277	125	0.68	-7.903089986991944
149489.018	125	0.685	-7.903089986991944
149777.711	125	0.69	-7.903089986991944
150376.964	125	0.695	-7.903089986991944
150734.272	125	0.7	-7.903089986991944
151220.017	125	0.705	-7.903089986991944
151786.504	125	0.71	-7.903089986991944
152568.436	125	0.715	-7.903089986991944
153090.455	125	0.72	-7.903089986991944
153837.596	125	0.725	-7.903089986991944
155000.0	125	0.73	-7.903089986991944
155969.743	125	0.735	-7.903089986991944
156695.667	125	0.74	-7.903089986991944
157370.808	125	0.745	-7.903089986991944
157880.333	125	0.75	-7.903089986991944
158722.577	125	0.755	-7.903089986991944
159379.2	125	0.76	-7.903089986991944
159632.282	125	0.765	-7.903089986991944
159850.507	125	0.77	-7.903089986991944
160555.727	125	0.775	-7.903089986991944
161406.823	125	0.78	-7.903089986991944
161828.726	125	0.785	-7.903089986991944
162055.529	125	0.79	-7.903089986991944
162841.65	125	0.795	-7.903089986991944
163534.286	125	0.8	-7.903089986991944
164124.469	125	0.805	-7.903089986991944
165321.0	125	0.81	-7.903089986991944
165992.242	125	0.815	-7.903089986991944
166853.393	125	0.82	-7.903089986991944
167594.123	125	0.825	-7.903089986991944
168197.286	125	0.83	-7.903089986991944
168787.925	125	0.835	-7.903089986991944
168958.819	125	0.84	-7.903089986991944
169181.832	125	0.845	-7.903089986991944
170246.923	125	0.85	-7.903089986991944
170829.25	125	0.855	-7.903089986991944
171958.107	125	0.86	-7.903089986991944
172936.923	125	0.865	-7.903089986991944
174032.6	125	0.87	-7.903089986991944
175143.286	125	0.875	-7.903089986991944
175830.229	125	0.88	-7.903089986991944
178074.986	125	0.885	-7.903089986991944
178666.786	125	0.89	-7.903089986991944
178936.75	125	0.895	-7.903089986991944
179724.964	125	0.9	-7.903089986991944
180885.071	125	0.905	-7.903089986991944
181975.826	125	0.91	-7.903089986991944
183112.13	125	0.915	-7.903089986991944
184689.429	125	0.92	-7.903089986991944
186356.913	125	0.925	-7.903089986991944
187090.319	125	0.93	-7.903089986991944
188898.502	125	0.935	-7.903089986991944
190082.737	125	0.94	-7.903089986991944
190710.8	125	0.945	-7.903089986991944
191679.121	125	0.95	-7.903089986991944
193214.695	125	0.955	-7.903089986991944
194719.625	125	0.96	-7.903089986991944
200667.907	125	0.965	-7.903089986991944
204624.15	125	0.97	-7.903089986991944
206707.917	125	0.975	-7.903089986991944
216839.818	125	0.98	-7.903089986991944
223874.893	125	0.985	-7.903089986991944
231900.854	125	0.99	-7.903089986991944
244361.784	125	0.995	-7.903089986991944
138027.0	150	0.5	-7.903089986991944
138630.003	150	0.505	-7.903089986991944
139362.242	150	0.51	-7.903089986991944
139914.867	150	0.515	-7.903089986991944
140197.04	150	0.52	-7.903089986991944
140964.169	150	0.525	-7.903089986991944
141599.509	150	0.53	-7.903089986991944
142049.033	150	0.535	-7.903089986991944
142547.241	150	0.54	-7.903089986991944
142890.607	150	0.545	-7.903089986991944
143483.85	150	0.55	-7.903089986991944
144086.541	150	0.555	-7.903089986991944
144839.486	150	0.56	-7.903089986991944
145609.154	150	0.565	-7.903089986991944
146428.752	150	0.57	-7.903089986991944
146787.482	150	0.575	-7.903089986991944
147331.08	150	0.58	-7.903089986991944
147631.878	150	0.585	-7.903089986991944
148466.086	150	0.59	-7.903089986991944
149210.917	150	0.595	-7.903089986991944
149697.814	150	0.6	-7.903089986991944
150356.167	150	0.605	-7.903089986991944
151203.173	150	0.61	-7.903089986991944
152161.755	150	0.615	-7.903089986991944
152568.855	150	0.62	-7.903089986991944
152832.58	150	0.625	-7.903089986991944
153079.269	150	0.63	-7.903089986991944
153615.667	150	0.635	-7.903089986991944
154160.4	150	0.64	-7.903089986991944
154318.232	150	0.645	-7.903089986991944
154818.286	150	0.65	-7.903089986991944
155315.383	150	0.655	-7.903089986991944
155707.833	150	0.66	-7.903089986991944
156705.376	150	0.665	-7.903089986991944
157047.007	150	0.67	-7.903089986991944
157535.167	150	0.675	-7.903089986991944
158002.891	150	0.68	-7.903089986991944
158268.718	150	0.685	-7.903089986991944
158605.526	150	0.69	-7.903089986991944
159661.296	150	0.695	-7.903089986991944
160096.0	150	0.7	-7.903089986991944
160702.818	150	0.705	-7.903089986991944
161476.596	150	0.71	-7.903089986991944
161716.457	150	0.715	-7.903089986991944
162707.94	150	0.72	-7.903089986991944
163207.87	150	0.725	-7.903089986991944
163672.55	150	0.73	-7.903089986991944
164082.967	150	0.735	-7.903089986991944
164897.771	150	0.74	-7.903089986991944
165480.191	150	0.745	-7.903089986991944
166248.036	150	0.75	-7.903089986991944
167440.829	150	0.755	-7.903089986991944
168045.502	150	0.76	-7.903089986991944
168641.707	150	0.765	-7.903089986991944
169548.231	150	0.77	-7.903089986991944
170493.864	150	0.775	-7.903089986991944
170730.74	150	0.78	-7.903089986991944
171144.418	150	0.785	-7.903089986991944
171736.16	150	0.79	-7.903089986991944
172644.465	150	0.795	-7.903089986991944
173684.929	150	0.8	-7.903089986991944
174641.626	150	0.805	-7.903089986991944
175168.025	150	0.81	-7.903089986991944
175604.407	150	0.815	-7.903089986991944
176664.923	150	0.82	-7.903089986991944
177377.125	150	0.825	-7.903089986991944
177541.493	150	0.83	-7.903089986991944
178064.96	150	0.835	-7.903089986991944
178925.615	150	0.84	-7.903089986991944
179474.717	150	0.845	-7.903089986991944
180072.641	150	0.85	-7.903089986991944
180522.629	150	0.855	-7.903089986991944
181802.571	150	0.86	-7.903089986991944
182827.073	150	0.865	-7.903089986991944
183433.314	150	0.87	-7.903089986991944
184314.615	150	0.875	-7.903089986991944
185401.36	150	0.88	-7.903089986991944
186348.002	150	0.885	-7.903089986991944
187012.172	150	0.89	-7.903089986991944
188625.85	150	0.895	-7.903089986991944
189295.571	150	0.9	-7.903089986991944
190402.261	150	0.905	-7.903089986991944
191659.4	150	0.91	-7.903089986991944
192831.4	150	0.915	-7.903089986991944
194411.126	150	0.92	-7.903089986991944
195747.821	150	0.925	-7.903089986991944
196651.635	150	0.93	-7.903089986991944
196910.252	150	0.935	-7.903089986991944
199374.429	150	0.94	-7.903089986991944
202372.085	150	0.945	-7.903089986991944
204567.462	150	0.95	-7.903089986991944
206878.571	150	0.955	-7.903089986991944
208584.921	150	0.96	-7.903089986991944
211227.311	150	0.965	-7.903089986991944
213050.812	150	0.97	-7.903089986991944
221942.679	150	0.975	-7.903089986991944
227843.743	150	0.98	-7.903089986991944
235612.736	150	0.985	-7.903089986991944
254400.657	150	0.99	-7.903089986991944
270974.055	150	0.995	-7.903089986991944
145310.909	175	0.5	-7.903089986991944
145700.0	175	0.505	-7.903089986991944
146809.667	175	0.51	-7.903089986991944
147281.286	175	0.515	-7.903089986991944
147891.273	175	0.52	-7.903089986991944
148436.731	175	0.525	-7.903089986991944
148770.585	175	0.53	-7.903089986991944
149694.692	175	0.535	-7.903089986991944
150276.821	175	0.54	-7.903089986991944
151375.475	175	0.545	-7.903089986991944
151808.341	175	0.55	-7.903089986991944
152434.68	175	0.555	-7.903089986991944
152733.2	175	0.56	-7.903089986991944
153217.95	175	0.565	-7.903089986991944
153515.104	175	0.57	-7.903089986991944
154093.984	175	0.575	-7.903089986991944
154678.571	175	0.58	-7.903089986991944
155168.829	175	0.585	-7.903089986991944
155560.975	175	0.59	-7.903089986991944
155878.75	175	0.595	-7.903089986991944
156145.0	175	0.6	-7.903089986991944
156890.667	175	0.605	-7.903089986991944
157867.524	175	0.61	-7.903089986991944
158598.929	175	0.615	-7.903089986991944
158986.0	175	0.62	-7.903089986991944
159346.942	175	0.625	-7.903089986991944
160512.0	175	0.63	-7.903089986991944
161785.336	175	0.635	-7.903089986991944
162245.981	175	0.64	-7.903089986991944
162749.111	175	0.645	-7.903089986991944
163112.857	175	0.65	-7.903089986991944
163462.55	175	0.655	-7.903089986991944
163714.066	175	0.66	-7.903089986991944
163974.758	175	0.665	-7.903089986991944
164174.978	175	0.67	-7.903089986991944
164403.013	175	0.675	-7.903089986991944
164830.637	175	0.68	-7.903089986991944
165293.714	175	0.685	-7.903089986991944
165600.657	175	0.69	-7.903089986991944
166161.925	175	0.695	-7.903089986991944
166522.857	175	0.7	-7.903089986991944
166928.462	175	0.705	-7.903089986991944
167583.536	175	0.71	-7.903089986991944
168584.3	175	0.715	-7.903089986991944
169316.615	175	0.72	-7.903089986991944
169672.339	175	0.725	-7.903089986991944
170369.242	175	0.73	-7.903089986991944
170679.714	175	0.735	-7.903089986991944
171689.492	175	0.74	-7.903089986991944
171913.085	175	0.745	-7.903089986991944
172482.929	175	0.75	-7.903089986991944
173312.5	175	0.755	-7.903089986991944
173981.145	175	0.76	-7.903089986991944
175237.929	175	0.765	-7.903089986991944
175610.993	175	0.77	-7.903089986991944
176721.804	175	0.775	-7.903089986991944
177601.729	175	0.78	-7.903089986991944
179081.889	175	0.785	-7.903089986991944
179700.727	175	0.79	-7.903089986991944
179979.142	175	0.795	-7.903089986991944
181004.214	175	0.8	-7.903089986991944
182106.048	175	0.805	-7.903089986991944
182724.938	175	0.81	-7.903089986991944
183429.017	175	0.815	-7.903089986991944
183798.914	175	0.82	-7.903089986991944
184676.435	175	0.825	-7.903089986991944
185127.831	175	0.83	-7.903089986991944
186052.461	175	0.835	-7.903089986991944
186759.714	175	0.84	-7.903089986991944
187684.286	175	0.845	-7.903089986991944
188260.786	175	0.85	-7.903089986991944
188871.891	175	0.855	-7.903089986991944
190298.857	175	0.86	-7.903089986991944
191476.143	175	0.865	-7.903089986991944
192220.013	175	0.87	-7.903089986991944
193167.143	175	0.875	-7.903089986991944
194386.286	175	0.88	-7.903089986991944
194883.714	175	0.885	-7.903089986991944
195795.471	175	0.89	-7.903089986991944
196794.22	175	0.895	-7.903089986991944
197964.286	175	0.9	-7.903089986991944
200837.786	175	0.905	-7.903089986991944
201776.429	175	0.91	-7.903089986991944
202279.082	175	0.915	-7.903089986991944
203910.114	175	0.92	-7.903089986991944
204666.071	175	0.925	-7.903089986991944
205890.066	175	0.93	-7.903089986991944
207632.429	175	0.935	-7.903089986991944
209765.714	175	0.94	-7.903089986991944
211685.143	175	0.945	-7.903089986991944
212312.857	175	0.95	-7.903089986991944
213676.28	175	0.955	-7.903089986991944
216515.286	175	0.96	-7.903089986991944
219264.643	175	0.965	-7.903089986991944
221314.79	175	0.97	-7.903089986991944
226912.5	175	0.975	-7.903089986991944
229187.39	175	0.98	-7.903089986991944
238686.786	175	0.985	-7.903089986991944
247935.207	175	0.99	-7.903089986991944
278784.357	175	0.995	-7.903089986991944
153954.286	200	0.5	-7.903089986991944
154366.5	200	0.505	-7.903089986991944
154687.967	200	0.51	-7.903089986991944
155196.4	200	0.515	-7.903089986991944
155624.689	200	0.52	-7.903089986991944
156307.786	200	0.525	-7.903089986991944
156947.757	200	0.53	-7.903089986991944
157832.385	200	0.535	-7.903089986991944
158373.4	200	0.54	-7.903089986991944
158963.053	200	0.545	-7.903089986991944
159573.607	200	0.55	-7.903089986991944
159857.644	200	0.555	-7.903089986991944
160176.26	200	0.56	-7.903089986991944
160928.469	200	0.565	-7.903089986991944
161519.371	200	0.57	-7.903089986991944
161753.941	200	0.575	-7.903089986991944
162205.526	200	0.58	-7.903089986991944
162695.35	200	0.585	-7.903089986991944
163223.439	200	0.59	-7.903089986991944
163730.906	200	0.595	-7.903089986991944
164051.467	200	0.6	-7.903089986991944
164710.191	200	0.605	-7.903089986991944
165051.75	200	0.61	-7.903089986991944
165825.685	200	0.615	-7.903089986991944
166484.429	200	0.62	-7.903089986991944
167198.75	200	0.625	-7.903089986991944
167515.284	200	0.63	-7.903089986991944
168047.731	200	0.635	-7.903089986991944
168376.194	200	0.64	-7.903089986991944
168655.3	200	0.645	-7.903089986991944
168903.296	200	0.65	-7.903089986991944
169419.931	200	0.655	-7.903089986991944
169873.917	200	0.66	-7.903089986991944
171036.865	200	0.665	-7.903089986991944
171407.826	200	0.67	-7.903089986991944
171982.034	200	0.675	-7.903089986991944
172431.19	200	0.68	-7.903089986991944
173337.893	200	0.685	-7.903089986991944
173834.409	200	0.69	-7.903089986991944
174147.285	200	0.695	-7.903089986991944
174639.429	200	0.7	-7.903089986991944
175808.348	200	0.705	-7.903089986991944
176758.763	200	0.71	-7.903089986991944
177268.839	200	0.715	-7.903089986991944
177562.08	200	0.72	-7.903089986991944
177943.825	200	0.725	-7.903089986991944
178623.069	200	0.73	-7.903089986991944
179304.464	200	0.735	-7.903089986991944
180109.474	200	0.74	-7.903089986991944
180627.786	200	0.745	-7.903089986991944
181004.773	200	0.75	-7.903089986991944
181558.993	200	0.755	-7.903089986991944
182178.759	200	0.76	-7.903089986991944
183012.482	200	0.765	-7.903089986991944
183897.971	200	0.77	-7.903089986991944
184461.421	200	0.775	-7.903089986991944
185260.02	200	0.78	-7.903089986991944
186598.26	200	0.785	-7.903089986991944
187255.8	200	0.79	-7.903089986991944
188475.413	200	0.795	-7.903089986991944
189001.671	200	0.8	-7.903089986991944
189313.454	200	0.805	-7.903089986991944
189941.533	200	0.81	-7.903089986991944
190480.045	200	0.815	-7.903089986991944
190794.84	200	0.82	-7.903089986991944
191926.955	200	0.825	-7.903089986991944
192383.386	200	0.83	-7.903089986991944
192792.572	200	0.835	-7.903089986991944
193642.857	200	0.84	-7.903089986991944
194616.321	200	0.845	-7.903089986991944
197223.929	200	0.85	-7.903089986991944
198273.5	200	0.855	-7.903089986991944
199119.143	200	0.86	-7.903089986991944
200004.25	200	0.865	-7.903089986991944
201111.387	200	0.87	-7.903089986991944
202701.563	200	0.875	-7.903089986991944
203530.914	200	0.88	-7.903089986991944
205273.271	200	0.885	-7.903089986991944
206606.243	200	0.89	-7.903089986991944
207869.349	200	0.895	-7.903089986991944
208963.021	200	0.9	-7.903089986991944
211360.786	200	0.905	-7.903089986991944
212832.538	200	0.91	-7.903089986991944
213634.186	200	0.915	-7.903089986991944
214613.137	200	0.92	-7.903089986991944
215396.571	200	0.925	-7.903089986991944
217058.857	200	0.93	-7.903089986991944
218601.72	200	0.935	-7.903089986991944
220759.293	200	0.94	-7.903089986991944
221898.264	200	0.945	-7.903089986991944
223221.929	200	0.95	-7.903089986991944
226749.545	200	0.955	-7.903089986991944
230692.469	200	0.96	-7.903089986991944
232832.02	200	0.965	-7.903089986991944
235348.843	200	0.97	-7.903089986991944
237422.821	200	0.975	-7.903089986991944
242129.457	200	0.98	-7.903089986991944
252553.732	200	0.985	-7.903089986991944
260768.486	200	0.99	-7.903089986991944
268802.171	200	0.995	-7.903089986991944
161997.286	225	0.5	-7.903089986991944
162597.457	225	0.505	-7.903089986991944
163104.506	225	0.51	-7.903089986991944
163342.257	225	0.515	-7.903089986991944
163746.267	225	0.52	-7.903089986991944
164108.286	225	0.525	-7.903089986991944
164526.423	225	0.53	-7.903089986991944
165059.429	225	0.535	-7.903089986991944
165442.834	225	0.54	-7.903089986991944
166140.435	225	0.545	-7.903089986991944
166862.057	225	0.55	-7.903089986991944
167208.944	225	0.555	-7.903089986991944
167804.514	225	0.56	-7.903089986991944
168010.415	225	0.565	-7.903089986991944
168438.36	225	0.57	-7.903089986991944
168628.857	225	0.575	-7.903089986991944
169341.029	225	0.58	-7.903089986991944
170502.899	225	0.585	-7.903089986991944
170730.847	225	0.59	-7.903089986991944
171441.532	225	0.595	-7.903089986991944
171788.431	225	0.6	-7.903089986991944
172567.744	225	0.605	-7.903089986991944
173121.714	225	0.61	-7.903089986991944
173413.871	225	0.615	-7.903089986991944
174211.771	225	0.62	-7.903089986991944
174827.143	225	0.625	-7.903089986991944
175252.766	225	0.63	-7.903089986991944
175640.171	225	0.635	-7.903089986991944
176272.4	225	0.64	-7.903089986991944
176735.797	225	0.645	-7.903089986991944
177943.086	225	0.65	-7.903089986991944
178175.853	225	0.655	-7.903089986991944
178374.595	225	0.66	-7.903089986991944
178819.419	225	0.665	-7.903089986991944
179208.0	225	0.67	-7.903089986991944
179784.233	225	0.675	-7.903089986991944
180414.057	225	0.68	-7.903089986991944
181097.373	225	0.685	-7.903089986991944
181690.589	225	0.69	-7.903089986991944
181818.862	225	0.695	-7.903089986991944
182638.769	225	0.7	-7.903089986991944
182872.63	225	0.705	-7.903089986991944
183308.491	225	0.71	-7.903089986991944
183532.062	225	0.715	-7.903089986991944
184209.303	225	0.72	-7.903089986991944
184570.118	225	0.725	-7.903089986991944
185302.114	225	0.73	-7.903089986991944
186173.343	225	0.735	-7.903089986991944
186647.714	225	0.74	-7.903089986991944
187062.163	225	0.745	-7.903089986991944
187875.0	225	0.75	-7.903089986991944
188168.896	225	0.755	-7.903089986991944
188521.44	225	0.76	-7.903089986991944
189387.143	225	0.765	-7.903089986991944
189787.771	225	0.77	-7.903089986991944
190176.264	225	0.775	-7.903089986991944
190549.533	225	0.78	-7.903089986991944
191660.243	225	0.785	-7.903089986991944
192937.406	225	0.79	-7.903089986991944
193635.179	225	0.795	-7.903089986991944
194509.429	225	0.8	-7.903089986991944
195062.114	225	0.805	-7.903089986991944
195670.0	225	0.81	-7.903089986991944
195983.857	225	0.815	-7.903089986991944
196325.657	225	0.82	-7.903089986991944
196601.108	225	0.825	-7.903089986991944
197644.914	225	0.83	-7.903089986991944
197904.057	225	0.835	-7.903089986991944
199094.67	225	0.84	-7.903089986991944
200421.943	225	0.845	-7.903089986991944
200952.0	225	0.85	-7.903089986991944
201545.086	225	0.855	-7.903089986991944
202609.371	225	0.86	-7.903089986991944
203674.4	225	0.865	-7.903089986991944
204888.0	225	0.87	-7.903089986991944
206180.714	225	0.875	-7.903089986991944
207004.743	225	0.88	-7.903089986991944
208132.229	225	0.885	-7.903089986991944
208903.954	225	0.89	-7.903089986991944
210192.105	225	0.895	-7.903089986991944
211777.714	225	0.9	-7.903089986991944
213637.191	225	0.905	-7.903089986991944
214961.829	225	0.91	-7.903089986991944
216288.603	225	0.915	-7.903089986991944
218120.0	225	0.92	-7.903089986991944
219492.236	225	0.925	-7.903089986991944
220869.286	225	0.93	-7.903089986991944
222440.137	225	0.935	-7.903089986991944
224680.457	225	0.94	-7.903089986991944
225921.371	225	0.945	-7.903089986991944
227380.9	225	0.95	-7.903089986991944
229959.406	225	0.955	-7.903089986991944
232626.914	225	0.96	-7.903089986991944
241130.319	225	0.965	-7.903089986991944
243151.771	225	0.97	-7.903089986991944
250128.523	225	0.975	-7.903089986991944
252768.971	225	0.98	-7.903089986991944
259485.2	225	0.985	-7.903089986991944
274073.2	225	0.99	-7.903089986991944
285909.143	225	0.995	-7.903089986991944
165245.445	250	0.5	-7.903089986991944
165395.671	250	0.505	-7.903089986991944
165694.738	250	0.51	-7.903089986991944
166303.708	250	0.515	-7.903089986991944
166745.287	250	0.52	-7.903089986991944
167961.214	250	0.525	-7.903089986991944
168758.34	250	0.53	-7.903089986991944
169067.872	250	0.535	-7.903089986991944
169482.688	250	0.54	-7.903089986991944
170038.975	250	0.545	-7.903089986991944
170476.143	250	0.55	-7.903089986991944
171031.636	250	0.555	-7.903089986991944
171514.5	250	0.56	-7.903089986991944
171874.974	250	0.565	-7.903089986991944
172443.481	250	0.57	-7.903089986991944
173147.446	250	0.575	-7.903089986991944
173622.241	250	0.58	-7.903089986991944
173978.914	250	0.585	-7.903089986991944
174224.343	250	0.59	-7.903089986991944
175051.309	250	0.595	-7.903089986991944
176055.143	250	0.6	-7.903089986991944
176830.314	250	0.605	-7.903089986991944
177384.687	250	0.61	-7.903089986991944
178169.296	250	0.615	-7.903089986991944
178509.956	250	0.62	-7.903089986991944
178890.768	250	0.625	-7.903089986991944
179467.979	250	0.63	-7.903089986991944
179821.971	250	0.635	-7.903089986991944
180321.314	250	0.64	-7.903089986991944
181229.997	250	0.645	-7.903089986991944
181616.268	250	0.65	-7.903089986991944
182000.799	250	0.655	-7.903089986991944
182467.405	250	0.66	-7.903089986991944
182867.555	250	0.665	-7.903089986991944
183204.497	250	0.67	-7.903089986991944
183927.995	250	0.675	-7.903089986991944
184311.754	250	0.68	-7.903089986991944
184824.124	250	0.685	-7.903089986991944
185478.223	250	0.69	-7.903089986991944
186156.168	250	0.695	-7.903089986991944
187460.225	250	0.7	-7.903089986991944
187752.026	250	0.705	-7.903089986991944
188651.432	250	0.71	-7.903089986991944
189050.167	250	0.715	-7.903089986991944
189322.514	250	0.72	-7.903089986991944
189818.077	250	0.725	-7.903089986991944
190144.157	250	0.73	-7.903089986991944
190863.237	250	0.735	-7.903089986991944
191769.971	250	0.74	-7.903089986991944
192717.354	250	0.745	-7.903089986991944
193383.179	250	0.75	-7.903089986991944
194008.548	250	0.755	-7.903089986991944
194468.674	250	0.76	-7.903089986991944
195108.974	250	0.765	-7.903089986991944
195597.571	250	0.77	-7.903089986991944
196195.354	250	0.775	-7.903089986991944
196895.473	250	0.78	-7.903089986991944
197722.164	250	0.785	-7.903089986991944
198480.881	250	0.79	-7.903089986991944
199050.757	250	0.795	-7.903089986991944
199406.014	250	0.8	-7.903089986991944
200632.821	250	0.805	-7.903089986991944
200966.714	250	0.81	-7.903089986991944
201828.993	250	0.815	-7.903089986991944
202337.603	250	0.82	-7.903089986991944
202956.423	250	0.825	-7.903089986991944
203710.979	250	0.83	-7.903089986991944
205427.186	250	0.835	-7.903089986991944
206792.76	250	0.84	-7.903089986991944
208053.257	250	0.845	-7.903089986991944
208470.843	250	0.85	-7.903089986991944
209714.329	250	0.855	-7.903089986991944
210905.886	250	0.86	-7.903089986991944
212040.229	250	0.865	-7.903089986991944
212689.343	250	0.87	-7.903089986991944
214279.107	250	0.875	-7.903089986991944
215724.914	250	0.88	-7.903089986991944
216497.081	250	0.885	-7.903089986991944
217555.572	250	0.89	-7.903089986991944
219219.333	250	0.895	-7.903089986991944
220251.143	250	0.9	-7.903089986991944
221996.254	250	0.905	-7.903089986991944
224727.961	250	0.91	-7.903089986991944
226853.269	250	0.915	-7.903089986991944
229507.486	250	0.92	-7.903089986991944
231399.846	250	0.925	-7.903089986991944
232257.955	250	0.93	-7.903089986991944
233811.323	250	0.935	-7.903089986991944
238448.686	250	0.94	-7.903089986991944
241290.357	250	0.945	-7.903089986991944
242802.956	250	0.95	-7.903089986991944
245541.379	250	0.955	-7.903089986991944
248544.8	250	0.96	-7.903089986991944
255301.979	250	0.965	-7.903089986991944
257643.486	250	0.97	-7.903089986991944
264997.346	250	0.975	-7.903089986991944
269304.256	250	0.98	-7.903089986991944
280388.278	250	0.985	-7.903089986991944
291433.671	250	0.99	-7.903089986991944
344997.133	250	0.995	-7.903089986991944
175138.462	275	0.5	-7.903089986991944
175740.513	275	0.505	-7.903089986991944
176128.249	275	0.51	-7.903089986991944
176448.091	275	0.515	-7.903089986991944
176806.61	275	0.52	-7.903089986991944
177190.909	275	0.525	-7.903089986991944
177682.257	275	0.53	-7.903089986991944
178540.52	275	0.535	-7.903089986991944
178805.771	275	0.54	-7.903089986991944
179242.555	275	0.545	-7.903089986991944
179500.536	275	0.55	-7.903089986991944
180337.05	275	0.555	-7.903089986991944
180797.329	275	0.56	-7.903089986991944
181332.252	275	0.565	-7.903089986991944
181791.558	275	0.57	-7.903089986991944
182308.143	275	0.575	-7.903089986991944
182974.267	275	0.58	-7.903089986991944
183204.862	275	0.585	-7.903089986991944
183485.068	275	0.59	-7.903089986991944
184160.424	275	0.595	-7.903089986991944
184525.534	275	0.6	-7.903089986991944
185259.906	275	0.605	-7.903089986991944
185675.916	275	0.61	-7.903089986991944
186383.535	275	0.615	-7.903089986991944
186895.143	275	0.62	-7.903089986991944
187565.411	275	0.625	-7.903089986991944
187832.057	275	0.63	-7.903089986991944
188257.711	275	0.635	-7.903089986991944
189330.171	275	0.64	-7.903089986991944
189802.806	275	0.645	-7.903089986991944
190180.15	275	0.65	-7.903089986991944
190542.776	275	0.655	-7.903089986991944
190915.486	275	0.66	-7.903089986991944
191577.669	275	0.665	-7.903089986991944
191861.831	275	0.67	-7.903089986991944
193003.636	275	0.675	-7.903089986991944
193774.229	275	0.68	-7.903089986991944
194583.773	275	0.685	-7.903089986991944
194891.238	275	0.69	-7.903089986991944
195566.903	275	0.695	-7.903089986991944
196170.914	275	0.7	-7.903089986991944
196989.24	275	0.705	-7.903089986991944
197460.686	275	0.71	-7.903089986991944
198005.953	275	0.715	-7.903089986991944
198685.554	275	0.72	-7.903089986991944
199154.571	275	0.725	-7.903089986991944
199548.959	275	0.73	-7.903089986991944
200424.661	275	0.735	-7.903089986991944
201406.817	275	0.74	-7.903089986991944
201802.282	275	0.745	-7.903089986991944
202345.0	275	0.75	-7.903089986991944
202976.857	275	0.755	-7.903089986991944
204152.514	275	0.76	-7.903089986991944
204444.243	275	0.765	-7.903089986991944
204691.177	275	0.77	-7.903089986991944
205713.714	275	0.775	-7.903089986991944
206597.0	275	0.78	-7.903089986991944
207646.065	275	0.785	-7.903089986991944
208463.734	275	0.79	-7.903089986991944
208860.757	275	0.795	-7.903089986991944
209386.457	275	0.8	-7.903089986991944
209947.614	275	0.805	-7.903089986991944
210782.0	275	0.81	-7.903089986991944
211121.022	275	0.815	-7.903089986991944
212523.017	275	0.82	-7.903089986991944
214198.929	275	0.825	-7.903089986991944
215273.35	275	0.83	-7.903089986991944
216139.521	275	0.835	-7.903089986991944
216795.771	275	0.84	-7.903089986991944
217307.4	275	0.845	-7.903089986991944
217730.341	275	0.85	-7.903089986991944
218733.309	275	0.855	-7.903089986991944
219229.029	275	0.86	-7.903089986991944
220058.914	275	0.865	-7.903089986991944
221486.029	275	0.87	-7.903089986991944
223222.089	275	0.875	-7.903089986991944
224493.58	275	0.88	-7.903089986991944
225074.735	275	0.885	-7.903089986991944
226132.624	275	0.89	-7.903089986991944
227836.108	275	0.895	-7.903089986991944
229300.571	275	0.9	-7.903089986991944
231437.71	275	0.905	-7.903089986991944
233066.24	275	0.91	-7.903089986991944
234727.675	275	0.915	-7.903089986991944
237050.503	275	0.92	-7.903089986991944
238169.05	275	0.925	-7.903089986991944
241142.838	275	0.93	-7.903089986991944
241971.768	275	0.935	-7.903089986991944
243236.606	275	0.94	-7.903089986991944
246068.592	275	0.945	-7.903089986991944
248809.846	275	0.95	-7.903089986991944
255337.399	275	0.955	-7.903089986991944
260363.617	275	0.96	-7.903089986991944
266629.429	275	0.965	-7.903089986991944
274435.657	275	0.97	-7.903089986991944
280309.5	275	0.975	-7.903089986991944
290308.52	275	0.98	-7.903089986991944
304984.471	275	0.985	-7.903089986991944
358733.214	275	0.99	-7.903089986991944
386212.401	275	0.995	-7.903089986991944
182895.385	300	0.5	-7.903089986991944
183453.668	300	0.505	-7.903089986991944
183849.5	300	0.51	-7.903089986991944
184068.536	300	0.515	-7.903089986991944
184441.446	300	0.52	-7.903089986991944
184977.714	300	0.525	-7.903089986991944
185300.581	300	0.53	-7.903089986991944
185822.14	300	0.535	-7.903089986991944
186103.886	300	0.54	-7.903089986991944
186534.314	300	0.545	-7.903089986991944
186985.011	300	0.55	-7.903089986991944
187479.07	300	0.555	-7.903089986991944
187710.274	300	0.56	-7.903089986991944
188347.216	300	0.565	-7.903089986991944
188873.457	300	0.57	-7.903089986991944
189377.579	300	0.575	-7.903089986991944
189774.863	300	0.58	-7.903089986991944
190180.549	300	0.585	-7.903089986991944
190488.857	300	0.59	-7.903089986991944
191013.713	300	0.595	-7.903089986991944
191517.101	300	0.6	-7.903089986991944
191950.2	300	0.605	-7.903089986991944
192753.566	300	0.61	-7.903089986991944
193617.229	300	0.615	-7.903089986991944
193978.571	300	0.62	-7.903089986991944
195097.857	300	0.625	-7.903089986991944
195579.714	300	0.63	-7.903089986991944
195877.406	300	0.635	-7.903089986991944
196589.235	300	0.64	-7.903089986991944
197545.379	300	0.645	-7.903089986991944
197951.9	300	0.65	-7.903089986991944
198214.514	300	0.655	-7.903089986991944
198530.72	300	0.66	-7.903089986991944
199374.093	300	0.665	-7.903089986991944
200284.688	300	0.67	-7.903089986991944
200666.814	300	0.675	-7.903089986991944
200962.729	300	0.68	-7.903089986991944
201480.657	300	0.685	-7.903089986991944
202004.394	300	0.69	-7.903089986991944
202595.016	300	0.695	-7.903089986991944
203362.462	300	0.7	-7.903089986991944
203643.041	300	0.705	-7.903089986991944
204192.974	300	0.71	-7.903089986991944
204582.614	300	0.715	-7.903089986991944
205026.324	300	0.72	-7.903089986991944
205973.0	300	0.725	-7.903089986991944
206706.149	300	0.73	-7.903089986991944
207515.449	300	0.735	-7.903089986991944
207832.686	300	0.74	-7.903089986991944
208638.971	300	0.745	-7.903089986991944
208930.0	300	0.75	-7.903089986991944
209407.219	300	0.755	-7.903089986991944
209844.123	300	0.76	-7.903089986991944
210224.8	300	0.765	-7.903089986991944
210900.177	300	0.77	-7.903089986991944
211600.396	300	0.775	-7.903089986991944
211980.047	300	0.78	-7.903089986991944
212390.723	300	0.785	-7.903089986991944
213093.566	300	0.79	-7.903089986991944
214307.829	300	0.795	-7.903089986991944
215111.429	300	0.8	-7.903089986991944
216326.683	300	0.805	-7.903089986991944
216999.692	300	0.81	-7.903089986991944
217838.686	300	0.815	-7.903089986991944
218318.731	300	0.82	-7.903089986991944
219120.675	300	0.825	-7.903089986991944
219900.449	300	0.83	-7.903089986991944
220905.734	300	0.835	-7.903089986991944
221249.783	300	0.84	-7.903089986991944
222600.24	300	0.845	-7.903089986991944
224099.429	300	0.85	-7.903089986991944
224996.819	300	0.855	-7.903089986991944
225809.354	300	0.86	-7.903089986991944
226874.914	300	0.865	-7.903089986991944
228296.229	300	0.87	-7.903089986991944
228553.571	300	0.875	-7.903089986991944
229270.743	300	0.88	-7.903089986991944
231024.096	300	0.885	-7.903089986991944
231402.0	300	0.89	-7.903089986991944
232479.257	300	0.895	-7.903089986991944
234743.714	300	0.9	-7.903089986991944
236364.04	300	0.905	-7.903089986991944
237756.0	300	0.91	-7.903089986991944
239019.556	300	0.915	-7.903089986991944
239611.486	300	0.92	-7.903089986991944
241116.429	300	0.925	-7.903089986991944
242555.897	300	0.93	-7.903089986991944
244098.4	300	0.935	-7.903089986991944
245602.599	300	0.94	-7.903089986991944
248168.17	300	0.945	-7.903089986991944
252926.286	300	0.95	-7.903089986991944
256770.27	300	0.955	-7.903089986991944
260493.726	300	0.96	-7.903089986991944
264816.9	300	0.965	-7.903089986991944
267305.002	300	0.97	-7.903089986991944
273947.571	300	0.975	-7.903089986991944
281280.686	300	0.98	-7.903089986991944
291328.886	300	0.985	-7.903089986991944
318401.771	300	0.99	-7.903089986991944
345258.486	300	0.995	-7.903089986991944
187601.429	325	0.5	-7.903089986991944
188282.395	325	0.505	-7.903089986991944
188856.429	325	0.51	-7.903089986991944
189564.743	325	0.515	-7.903089986991944
190006.911	325	0.52	-7.903089986991944
190438.236	325	0.525	-7.903089986991944
190998.319	325	0.53	-7.903089986991944
191242.814	325	0.535	-7.903089986991944
191474.922	325	0.54	-7.903089986991944
191858.814	325	0.545	-7.903089986991944
192442.979	325	0.55	-7.903089986991944
192939.943	325	0.555	-7.903089986991944
193447.469	325	0.56	-7.903089986991944
193721.966	325	0.565	-7.903089986991944
194429.8	325	0.57	-7.903089986991944
194999.945	325	0.575	-7.903089986991944
195570.162	325	0.58	-7.903089986991944
196818.641	325	0.585	-7.903089986991944
197272.448	325	0.59	-7.903089986991944
198362.972	325	0.595	-7.903089986991944
199002.743	325	0.6	-7.903089986991944
199320.745	325	0.605	-7.903089986991944
199993.824	325	0.61	-7.903089986991944
200302.486	325	0.615	-7.903089986991944
200537.331	325	0.62	-7.903089986991944
201209.231	325	0.625	-7.903089986991944
201522.057	325	0.63	-7.903089986991944
201805.956	325	0.635	-7.903089986991944
202199.6	325	0.64	-7.903089986991944
203095.321	325	0.645	-7.903089986991944
203425.286	325	0.65	-7.903089986991944
203827.45	325	0.655	-7.903089986991944
204012.32	325	0.66	-7.903089986991944
204368.462	325	0.665	-7.903089986991944
205529.054	325	0.67	-7.903089986991944
206149.571	325	0.675	-7.903089986991944
207073.429	325	0.68	-7.903089986991944
207234.186	325	0.685	-7.903089986991944
207515.93	325	0.69	-7.903089986991944
208014.071	325	0.695	-7.903089986991944
208645.957	325	0.7	-7.903089986991944
209170.129	325	0.705	-7.903089986991944
209433.429	325	0.71	-7.903089986991944
209939.938	325	0.715	-7.903089986991944
210320.466	325	0.72	-7.903089986991944
210873.0	325	0.725	-7.903089986991944
211407.714	325	0.73	-7.903089986991944
212252.338	325	0.735	-7.903089986991944
212853.6	325	0.74	-7.903089986991944
213949.886	325	0.745	-7.903089986991944
214392.319	325	0.75	-7.903089986991944
214832.371	325	0.755	-7.903089986991944
215131.474	325	0.76	-7.903089986991944
215628.289	325	0.765	-7.903089986991944
216168.171	325	0.77	-7.903089986991944
216860.632	325	0.775	-7.903089986991944
217401.943	325	0.78	-7.903089986991944
218233.906	325	0.785	-7.903089986991944
218879.971	325	0.79	-7.903089986991944
219506.051	325	0.795	-7.903089986991944
220213.614	325	0.8	-7.903089986991944
220975.129	325	0.805	-7.903089986991944
221923.829	325	0.81	-7.903089986991944
222457.884	325	0.815	-7.903089986991944
223440.914	325	0.82	-7.903089986991944
224249.382	325	0.825	-7.903089986991944
224981.19	325	0.83	-7.903089986991944
225501.3	325	0.835	-7.903089986991944
226374.091	325	0.84	-7.903089986991944
227791.819	325	0.845	-7.903089986991944
229149.429	325	0.85	-7.903089986991944
230512.286	325	0.855	-7.903089986991944
232181.216	325	0.86	-7.903089986991944
233756.329	325	0.865	-7.903089986991944
234663.4	325	0.87	-7.903089986991944
235906.411	325	0.875	-7.903089986991944
237068.143	325	0.88	-7.903089986991944
239172.34	325	0.885	-7.903089986991944
240045.044	325	0.89	-7.903089986991944
242154.2	325	0.895	-7.903089986991944
242730.314	325	0.9	-7.903089986991944
244503.643	325	0.905	-7.903089986991944
246555.163	325	0.91	-7.903089986991944
248367.343	325	0.915	-7.903089986991944
252714.823	325	0.92	-7.903089986991944
253966.857	325	0.925	-7.903089986991944
256907.493	325	0.93	-7.903089986991944
258169.513	325	0.935	-7.903089986991944
261968.627	325	0.94	-7.903089986991944
266284.371	325	0.945	-7.903089986991944
270179.129	325	0.95	-7.903089986991944
272750.2	325	0.955	-7.903089986991944
276829.323	325	0.96	-7.903089986991944
281046.886	325	0.965	-7.903089986991944
287334.686	325	0.97	-7.903089986991944
292934.286	325	0.975	-7.903089986991944
304700.629	325	0.98	-7.903089986991944
315963.9	325	0.985	-7.903089986991944
336372.4	325	0.99	-7.903089986991944
406491.457	325	0.995	-7.903089986991944
191245.607	350	0.5	-7.903089986991944
191530.671	350	0.505	-7.903089986991944
192372.679	350	0.51	-7.903089986991944
192713.661	350	0.515	-7.903089986991944
193027.517	350	0.52	-7.903089986991944
193503.445	350	0.525	-7.903089986991944
193657.639	350	0.53	-7.903089986991944
193807.921	350	0.535	-7.903089986991944
194503.319	350	0.54	-7.903089986991944
195025.245	350	0.545	-7.903089986991944
195756.246	350	0.55	-7.903089986991944
196416.564	350	0.555	-7.903089986991944
196757.334	350	0.56	-7.903089986991944
197167.4	350	0.565	-7.903089986991944
198073.245	350	0.57	-7.903089986991944
198475.25	350	0.575	-7.903089986991944
199024.611	350	0.58	-7.903089986991944
199350.986	350	0.585	-7.903089986991944
199894.687	350	0.59	-7.903089986991944
200566.129	350	0.595	-7.903089986991944
201755.029	350	0.6	-7.903089986991944
202031.921	350	0.605	-7.903089986991944
202382.486	350	0.61	-7.903089986991944
202856.511	350	0.615	-7.903089986991944
203457.714	350	0.62	-7.903089986991944
203939.455	350	0.625	-7.903089986991944
204390.627	350	0.63	-7.903089986991944
204707.771	350	0.635	-7.903089986991944
204993.111	350	0.64	-7.903089986991944
205257.836	350	0.645	-7.903089986991944
205519.904	350	0.65	-7.903089986991944
205895.294	350	0.655	-7.903089986991944
206571.257	350	0.66	-7.903089986991944
206974.893	350	0.665	-7.903089986991944
207239.646	350	0.67	-7.903089986991944
208470.536	350	0.675	-7.903089986991944
208950.18	350	0.68	-7.903089986991944
209113.063	350	0.685	-7.903089986991944
209456.543	350	0.69	-7.903089986991944
209867.088	350	0.695	-7.903089986991944
210203.231	350	0.7	-7.903089986991944
211106.232	350	0.705	-7.903089986991944
211309.708	350	0.71	-7.903089986991944
211946.1	350	0.715	-7.903089986991944
212498.857	350	0.72	-7.903089986991944
212995.714	350	0.725	-7.903089986991944
213399.347	350	0.73	-7.903089986991944
213974.201	350	0.735	-7.903089986991944
214616.541	350	0.74	-7.903089986991944
215811.853	350	0.745	-7.903089986991944
216647.893	350	0.75	-7.903089986991944
217076.138	350	0.755	-7.903089986991944
217747.771	350	0.76	-7.903089986991944
218224.95	350	0.765	-7.903089986991944
218590.602	350	0.77	-7.903089986991944
219069.743	350	0.775	-7.903089986991944
219806.146	350	0.78	-7.903089986991944
220815.707	350	0.785	-7.903089986991944
221915.915	350	0.79	-7.903089986991944
222838.571	350	0.795	-7.903089986991944
223350.571	350	0.8	-7.903089986991944
224121.007	350	0.805	-7.903089986991944
224797.371	350	0.81	-7.903089986991944
225802.747	350	0.815	-7.903089986991944
226582.774	350	0.82	-7.903089986991944
227449.559	350	0.825	-7.903089986991944
228830.623	350	0.83	-7.903089986991944
229289.121	350	0.835	-7.903089986991944
229762.943	350	0.84	-7.903089986991944
230184.157	350	0.845	-7.903089986991944
231194.55	350	0.85	-7.903089986991944
232317.796	350	0.855	-7.903089986991944
233574.143	350	0.86	-7.903089986991944
234023.895	350	0.865	-7.903089986991944
234751.771	350	0.87	-7.903089986991944
236051.429	350	0.875	-7.903089986991944
238102.36	350	0.88	-7.903089986991944
240030.688	350	0.885	-7.903089986991944
241221.671	350	0.89	-7.903089986991944
242992.971	350	0.895	-7.903089986991944
245356.861	350	0.9	-7.903089986991944
247121.775	350	0.905	-7.903089986991944
248986.119	350	0.91	-7.903089986991944
250209.483	350	0.915	-7.903089986991944
253434.229	350	0.92	-7.903089986991944
258554.857	350	0.925	-7.903089986991944
259935.573	350	0.93	-7.903089986991944
263997.714	350	0.935	-7.903089986991944
267817.743	350	0.94	-7.903089986991944
269472.607	350	0.945	-7.903089986991944
272846.833	350	0.95	-7.903089986991944
279430.139	350	0.955	-7.903089986991944
291915.697	350	0.96	-7.903089986991944
300658.446	350	0.965	-7.903089986991944
306376.171	350	0.97	-7.903089986991944
317006.307	350	0.975	-7.903089986991944
327561.986	350	0.98	-7.903089986991944
346815.98	350	0.985	-7.903089986991944
382676.57	350	0.99	-7.903089986991944
431592.2	350	0.995	-7.903089986991944
196608.896	375	0.5	-7.903089986991944
196910.329	375	0.505	-7.903089986991944
197542.517	375	0.51	-7.903089986991944
197814.323	375	0.515	-7.903089986991944
198288.257	375	0.52	-7.903089986991944
198813.286	375	0.525	-7.903089986991944
199104.589	375	0.53	-7.903089986991944
199869.893	375	0.535	-7.903089986991944
200110.829	375	0.54	-7.903089986991944
200501.907	375	0.545	-7.903089986991944
201083.532	375	0.55	-7.903089986991944
201553.945	375	0.555	-7.903089986991944
201954.367	375	0.56	-7.903089986991944
202758.486	375	0.565	-7.903089986991944
203257.63	375	0.57	-7.903089986991944
204223.214	375	0.575	-7.903089986991944
204855.829	375	0.58	-7.903089986991944
205380.593	375	0.585	-7.903089986991944
205621.1	375	0.59	-7.903089986991944
206471.143	375	0.595	-7.903089986991944
207051.557	375	0.6	-7.903089986991944
207355.464	375	0.605	-7.903089986991944
207946.571	375	0.61	-7.903089986991944
208689.529	375	0.615	-7.903089986991944
209255.991	375	0.62	-7.903089986991944
210146.295	375	0.625	-7.903089986991944
210419.243	375	0.63	-7.903089986991944
210831.476	375	0.635	-7.903089986991944
211717.357	375	0.64	-7.903089986991944
212336.493	375	0.645	-7.903089986991944
212540.686	375	0.65	-7.903089986991944
212856.7	375	0.655	-7.903089986991944
213179.177	375	0.66	-7.903089986991944
213679.371	375	0.665	-7.903089986991944
214845.481	375	0.67	-7.903089986991944
215356.107	375	0.675	-7.903089986991944
215816.571	375	0.68	-7.903089986991944
216656.845	375	0.685	-7.903089986991944
217099.7	375	0.69	-7.903089986991944
217876.665	375	0.695	-7.903089986991944
218249.807	375	0.7	-7.903089986991944
218921.993	375	0.705	-7.903089986991944
219296.835	375	0.71	-7.903089986991944
219745.778	375	0.715	-7.903089986991944
220187.488	375	0.72	-7.903089986991944
220753.984	375	0.725	-7.903089986991944
221134.084	375	0.73	-7.903089986991944
221660.979	375	0.735	-7.903089986991944
221983.594	375	0.74	-7.903089986991944
222393.171	375	0.745	-7.903089986991944
222785.732	375	0.75	-7.903089986991944
223075.248	375	0.755	-7.903089986991944
224165.774	375	0.76	-7.903089986991944
224479.29	375	0.765	-7.903089986991944
224725.196	375	0.77	-7.903089986991944
225357.789	375	0.775	-7.903089986991944
226284.571	375	0.78	-7.903089986991944
227731.571	375	0.785	-7.903089986991944
228620.884	375	0.79	-7.903089986991944
229380.392	375	0.795	-7.903089986991944
229962.7	375	0.8	-7.903089986991944
230384.45	375	0.805	-7.903089986991944
231004.745	375	0.81	-7.903089986991944
231502.949	375	0.815	-7.903089986991944
232204.486	375	0.82	-7.903089986991944
233986.38	375	0.825	-7.903089986991944
235228.484	375	0.83	-7.903089986991944
235666.926	375	0.835	-7.903089986991944
236591.257	375	0.84	-7.903089986991944
238610.596	375	0.845	-7.903089986991944
239625.891	375	0.85	-7.903089986991944
240244.186	375	0.855	-7.903089986991944
242145.071	375	0.86	-7.903089986991944
242641.454	375	0.865	-7.903089986991944
243775.029	375	0.87	-7.903089986991944
244348.214	375	0.875	-7.903089986991944
246922.971	375	0.88	-7.903089986991944
248249.97	375	0.885	-7.903089986991944
248560.543	375	0.89	-7.903089986991944
250931.508	375	0.895	-7.903089986991944
252081.871	375	0.9	-7.903089986991944
252746.202	375	0.905	-7.903089986991944
255105.271	375	0.91	-7.903089986991944
256629.307	375	0.915	-7.903089986991944
257936.686	375	0.92	-7.903089986991944
260014.357	375	0.925	-7.903089986991944
262047.795	375	0.93	-7.903089986991944
265005.157	375	0.935	-7.903089986991944
267420.645	375	0.94	-7.903089986991944
273089.793	375	0.945	-7.903089986991944
276594.971	375	0.95	-7.903089986991944
281662.079	375	0.955	-7.903089986991944
285499.874	375	0.96	-7.903089986991944
299843.478	375	0.965	-7.903089986991944
305091.979	375	0.97	-7.903089986991944
322172.006	375	0.975	-7.903089986991944
329648.686	375	0.98	-7.903089986991944
335006.888	375	0.985	-7.903089986991944
349802.942	375	0.99	-7.903089986991944
386781.85	375	0.995	-7.903089986991944
202897.214	400	0.5	-7.903089986991944
203319.039	400	0.505	-7.903089986991944
203875.794	400	0.51	-7.903089986991944
204405.96	400	0.515	-7.903089986991944
204892.863	400	0.52	-7.903089986991944
205134.584	400	0.525	-7.903089986991944
205707.586	400	0.53	-7.903089986991944
205999.902	400	0.535	-7.903089986991944
206597.257	400	0.54	-7.903089986991944
207520.489	400	0.545	-7.903089986991944
207813.643	400	0.55	-7.903089986991944
208658.095	400	0.555	-7.903089986991944
208888.423	400	0.56	-7.903089986991944
209485.736	400	0.565	-7.903089986991944
210467.979	400	0.57	-7.903089986991944
210933.764	400	0.575	-7.903089986991944
211580.337	400	0.58	-7.903089986991944
212304.15	400	0.585	-7.903089986991944
212627.986	400	0.59	-7.903089986991944
212879.329	400	0.595	-7.903089986991944
213505.429	400	0.6	-7.903089986991944
214237.157	400	0.605	-7.903089986991944
214780.229	400	0.61	-7.903089986991944
215261.987	400	0.615	-7.903089986991944
215683.029	400	0.62	-7.903089986991944
216482.652	400	0.625	-7.903089986991944
217194.724	400	0.63	-7.903089986991944
217573.757	400	0.635	-7.903089986991944
217840.243	400	0.64	-7.903089986991944
218077.86	400	0.645	-7.903089986991944
218346.632	400	0.65	-7.903089986991944
218862.021	400	0.655	-7.903089986991944
219240.657	400	0.66	-7.903089986991944
219533.414	400	0.665	-7.903089986991944
220067.1	400	0.67	-7.903089986991944
220627.179	400	0.675	-7.903089986991944
221281.371	400	0.68	-7.903089986991944
221845.687	400	0.685	-7.903089986991944
222116.135	400	0.69	-7.903089986991944
222382.529	400	0.695	-7.903089986991944
222701.457	400	0.7	-7.903089986991944
223594.459	400	0.705	-7.903089986991944
223990.114	400	0.71	-7.903089986991944
224770.443	400	0.715	-7.903089986991944
225153.6	400	0.72	-7.903089986991944
226626.464	400	0.725	-7.903089986991944
226926.138	400	0.73	-7.903089986991944
227402.386	400	0.735	-7.903089986991944
227938.784	400	0.74	-7.903089986991944
228764.775	400	0.745	-7.903089986991944
229576.161	400	0.75	-7.903089986991944
230208.719	400	0.755	-7.903089986991944
230718.803	400	0.76	-7.903089986991944
231122.195	400	0.765	-7.903089986991944
231947.071	400	0.77	-7.903089986991944
232597.145	400	0.775	-7.903089986991944
233038.143	400	0.78	-7.903089986991944
234101.243	400	0.785	-7.903089986991944
234482.015	400	0.79	-7.903089986991944
235306.75	400	0.795	-7.903089986991944
236002.3	400	0.8	-7.903089986991944
236871.457	400	0.805	-7.903089986991944
237346.074	400	0.81	-7.903089986991944
238305.263	400	0.815	-7.903089986991944
239229.143	400	0.82	-7.903089986991944
239592.761	400	0.825	-7.903089986991944
240180.788	400	0.83	-7.903089986991944
241553.302	400	0.835	-7.903089986991944
242033.886	400	0.84	-7.903089986991944
242663.515	400	0.845	-7.903089986991944
243607.921	400	0.85	-7.903089986991944
244632.607	400	0.855	-7.903089986991944
246341.947	400	0.86	-7.903089986991944
247672.374	400	0.865	-7.903089986991944
249571.714	400	0.87	-7.903089986991944
251514.938	400	0.875	-7.903089986991944
252535.429	400	0.88	-7.903089986991944
253267.026	400	0.885	-7.903089986991944
254576.394	400	0.89	-7.903089986991944
255742.939	400	0.895	-7.903089986991944
257271.193	400	0.9	-7.903089986991944
259067.1	400	0.905	-7.903089986991944
260213.029	400	0.91	-7.903089986991944
261079.5	400	0.915	-7.903089986991944
263179.6	400	0.92	-7.903089986991944
266278.25	400	0.925	-7.903089986991944
271672.314	400	0.93	-7.903089986991944
275189.643	400	0.935	-7.903089986991944
277590.171	400	0.94	-7.903089986991944
281187.279	400	0.945	-7.903089986991944
284607.214	400	0.95	-7.903089986991944
292598.111	400	0.955	-7.903089986991944
308729.771	400	0.96	-7.903089986991944
313661.526	400	0.965	-7.903089986991944
322531.986	400	0.97	-7.903089986991944
329387.143	400	0.975	-7.903089986991944
337999.171	400	0.98	-7.903089986991944
356523.251	400	0.985	-7.903089986991944
411038.4	400	0.99	-7.903089986991944
505454.604	400	0.995	-7.903089986991944
207267.143	425	0.5	-7.903089986991944
207593.929	425	0.505	-7.903089986991944
207970.416	425	0.51	-7.903089986991944
208699.526	425	0.515	-7.903089986991944
209163.771	425	0.52	-7.903089986991944
209638.996	425	0.525	-7.903089986991944
210004.686	425	0.53	-7.903089986991944
210678.684	425	0.535	-7.903089986991944
210963.029	425	0.54	-7.903089986991944
211884.121	425	0.545	-7.903089986991944
212193.814	425	0.55	-7.903089986991944
212904.516	425	0.555	-7.903089986991944
213342.863	425	0.56	-7.903089986991944
213657.176	425	0.565	-7.903089986991944
214109.281	425	0.57	-7.903089986991944
214894.346	425	0.575	-7.903089986991944
215534.709	425	0.58	-7.903089986991944
215905.125	425	0.585	-7.903089986991944
216488.421	425	0.59	-7.903089986991944
216996.771	425	0.595	-7.903089986991944
217686.971	425	0.6	-7.903089986991944
217912.643	425	0.605	-7.903089986991944
218651.613	425	0.61	-7.903089986991944
219118.857	425	0.615	-7.903089986991944
219752.011	425	0.62	-7.903089986991944
220570.696	425	0.625	-7.903089986991944
220757.6	425	0.63	-7.903089986991944
221291.728	425	0.635	-7.903089986991944
222077.2	425	0.64	-7.903089986991944
222418.835	425	0.645	-7.903089986991944
222751.714	425	0.65	-7.903089986991944
223003.011	425	0.655	-7.903089986991944
223435.74	425	0.66	-7.903089986991944
224000.119	425	0.665	-7.903089986991944
224209.571	425	0.67	-7.903089986991944
224658.786	425	0.675	-7.903089986991944
225098.057	425	0.68	-7.903089986991944
225803.8	425	0.685	-7.903089986991944
226626.2	425	0.69	-7.903089986991944
227277.316	425	0.695	-7.903089986991944
227643.229	425	0.7	-7.903089986991944
228042.286	425	0.705	-7.903089986991944
228481.574	425	0.71	-7.903089986991944
228944.99	425	0.715	-7.903089986991944
229896.594	425	0.72	-7.903089986991944
230300.25	425	0.725	-7.903089986991944
230681.783	425	0.73	-7.903089986991944
231212.062	425	0.735	-7.903089986991944
231913.917	425	0.74	-7.903089986991944
232334.486	425	0.745	-7.903089986991944
232933.571	425	0.75	-7.903089986991944
233546.349	425	0.755	-7.903089986991944
234515.314	425	0.76	-7.903089986991944
235806.3	425	0.765	-7.903089986991944
236257.8	425	0.77	-7.903089986991944
237160.357	425	0.775	-7.903089986991944
237707.343	425	0.78	-7.903089986991944
239192.555	425	0.785	-7.903089986991944
240327.853	425	0.79	-7.903089986991944
241402.786	425	0.795	-7.903089986991944
242619.371	425	0.8	-7.903089986991944
243395.944	425	0.805	-7.903089986991944
244200.265	425	0.81	-7.903089986991944
245279.529	425	0.815	-7.903089986991944
246161.18	425	0.82	-7.903089986991944
246897.006	425	0.825	-7.903089986991944
248526.243	425	0.83	-7.903089986991944
249274.671	425	0.835	-7.903089986991944
250160.891	425	0.84	-7.903089986991944
251786.543	425	0.845	-7.903089986991944
252555.529	425	0.85	-7.903089986991944
253896.17	425	0.855	-7.903089986991944
255693.257	425	0.86	-7.903089986991944
256373.739	425	0.865	-7.903089986991944
257525.584	425	0.87	-7.903089986991944
259157.518	425	0.875	-7.903089986991944
260050.286	425	0.88	-7.903089986991944
262211.406	425	0.885	-7.903089986991944
263247.257	425	0.89	-7.903089986991944
264593.873	425	0.895	-7.903089986991944
265482.371	425	0.9	-7.903089986991944
267605.428	425	0.905	-7.903089986991944
270482.784	425	0.91	-7.903089986991944
272328.786	425	0.915	-7.903089986991944
274220.206	425	0.92	-7.903089986991944
278353.442	425	0.925	-7.903089986991944
283990.829	425	0.93	-7.903089986991944
285378.811	425	0.935	-7.903089986991944
288816.976	425	0.94	-7.903089986991944
291947.772	425	0.945	-7.903089986991944
295741.643	425	0.95	-7.903089986991944
301089.057	425	0.955	-7.903089986991944
307364.68	425	0.96	-7.903089986991944
310722.796	425	0.965	-7.903089986991944
317110.934	425	0.97	-7.903089986991944
322791.714	425	0.975	-7.903089986991944
331114.514	425	0.98	-7.903089986991944
343749.971	425	0.985	-7.903089986991944
375108.657	425	0.99	-7.903089986991944
416529.271	425	0.995	-7.903089986991944
214702.071	450	0.5	-7.903089986991944
215171.085	450	0.505	-7.903089986991944
215818.7	450	0.51	-7.903089986991944
216320.367	450	0.515	-7.903089986991944
216851.714	450	0.52	-7.903089986991944
217287.507	450	0.525	-7.903089986991944
217888.633	450	0.53	-7.903089986991944
218451.898	450	0.535	-7.903089986991944
218941.02	450	0.54	-7.903089986991944
219331.525	450	0.545	-7.903089986991944
219620.929	450	0.55	-7.903089986991944
219849.843	450	0.555	-7.903089986991944
220780.646	450	0.56	-7.903089986991944
221487.174	450	0.565	-7.903089986991944
221883.957	450	0.57	-7.903089986991944
222048.707	450	0.575	-7.903089986991944
222395.399	450	0.58	-7.903089986991944
223198.42	450	0.585	-7.903089986991944
223998.529	450	0.59	-7.903089986991944
224568.532	450	0.595	-7.903089986991944
224772.329	450	0.6	-7.903089986991944
225026.256	450	0.605	-7.903089986991944
225295.817	450	0.61	-7.903089986991944
225536.607	450	0.615	-7.903089986991944
226432.571	450	0.62	-7.903089986991944
227072.83	450	0.625	-7.903089986991944
227937.336	450	0.63	-7.903089986991944
228730.283	450	0.635	-7.903089986991944
229223.246	450	0.64	-7.903089986991944
229684.139	450	0.645	-7.903089986991944
230287.757	450	0.65	-7.903089986991944
230640.479	450	0.655	-7.903089986991944
231317.105	450	0.66	-7.903089986991944
232045.264	450	0.665	-7.903089986991944
232574.981	450	0.67	-7.903089986991944
232864.5	450	0.675	-7.903089986991944
233236.743	450	0.68	-7.903089986991944
233754.894	450	0.685	-7.903089986991944
234020.273	450	0.69	-7.903089986991944
234430.335	450	0.695	-7.903089986991944
235219.557	450	0.7	-7.903089986991944
235410.207	450	0.705	-7.903089986991944
235874.412	450	0.71	-7.903089986991944
236713.47	450	0.715	-7.903089986991944
237288.063	450	0.72	-7.903089986991944
238033.214	450	0.725	-7.903089986991944
238730.729	450	0.73	-7.903089986991944
239273.676	450	0.735	-7.903089986991944
239681.084	450	0.74	-7.903089986991944
239944.693	450	0.745	-7.903089986991944
240417.5	450	0.75	-7.903089986991944
241922.899	450	0.755	-7.903089986991944
242466.457	450	0.76	-7.903089986991944
243694.15	450	0.765	-7.903089986991944
244538.9	450	0.77	-7.903089986991944
245771.143	450	0.775	-7.903089986991944
246180.743	450	0.78	-7.903089986991944
246650.542	450	0.785	-7.903089986991944
247688.442	450	0.79	-7.903089986991944
248252.808	450	0.795	-7.903089986991944
249408.0	450	0.8	-7.903089986991944
249882.786	450	0.805	-7.903089986991944
251605.629	450	0.81	-7.903089986991944
252272.829	450	0.815	-7.903089986991944
253386.057	450	0.82	-7.903089986991944
254061.964	450	0.825	-7.903089986991944
254831.634	450	0.83	-7.903089986991944
255602.769	450	0.835	-7.903089986991944
256558.234	450	0.84	-7.903089986991944
258149.116	450	0.845	-7.903089986991944
258483.714	450	0.85	-7.903089986991944
259348.13	450	0.855	-7.903089986991944
260225.453	450	0.86	-7.903089986991944
261086.421	450	0.865	-7.903089986991944
262780.971	450	0.87	-7.903089986991944
264107.384	450	0.875	-7.903089986991944
266506.709	450	0.88	-7.903089986991944
269420.966	450	0.885	-7.903089986991944
271386.719	450	0.89	-7.903089986991944
275566.871	450	0.895	-7.903089986991944
276648.714	450	0.9	-7.903089986991944
277988.993	450	0.905	-7.903089986991944
279767.868	450	0.91	-7.903089986991944
281640.873	450	0.915	-7.903089986991944
285244.4	450	0.92	-7.903089986991944
286889.607	450	0.925	-7.903089986991944
289043.808	450	0.93	-7.903089986991944
291552.507	450	0.935	-7.903089986991944
294767.751	450	0.94	-7.903089986991944
297764.364	450	0.945	-7.903089986991944
301258.786	450	0.95	-7.903089986991944
307550.775	450	0.955	-7.903089986991944
315250.746	450	0.96	-7.903089986991944
322607.217	450	0.965	-7.903089986991944
332127.286	450	0.97	-7.903089986991944
339868.559	450	0.975	-7.903089986991944
350856.143	450	0.98	-7.903089986991944
373441.97	450	0.985	-7.903089986991944
413014.276	450	0.99	-7.903089986991944
521770.862	450	0.995	-7.903089986991944
