S*_score	SNP_num	quantile	log(local_recomb_rate)
111237.5	25	0.5	-7.903089986991944
111428.658	25	0.505	-7.903089986991944
111490.6	25	0.51	-7.903089986991944
111701.8	25	0.515	-7.903089986991944
111924.52	25	0.52	-7.903089986991944
112243.0	25	0.525	-7.903089986991944
113956.8	25	0.53	-7.903089986991944
114645.667	25	0.535	-7.903089986991944
115374.676	25	0.54	-7.903089986991944
115789.755	25	0.545	-7.903089986991944
116472.05	25	0.55	-7.903089986991944
117326.6	25	0.555	-7.903089986991944
117596.8	25	0.56	-7.903089986991944
117951.329	25	0.565	-7.903089986991944
118159.343	25	0.57	-7.903089986991944
118965.5	25	0.575	-7.903089986991944
120228.8	25	0.58	-7.903089986991944
121003.143	25	0.585	-7.903089986991944
121714.6	25	0.59	-7.903089986991944
122572.943	25	0.595	-7.903089986991944
123612.0	25	0.6	-7.903089986991944
124243.4	25	0.605	-7.903089986991944
124675.96	25	0.61	-7.903089986991944
124768.185	25	0.615	-7.903089986991944
125090.629	25	0.62	-7.903089986991944
125307.292	25	0.625	-7.903089986991944
126372.75	25	0.63	-7.903089986991944
126989.7	25	0.635	-7.903089986991944
127564.0	25	0.64	-7.903089986991944
127880.7	25	0.645	-7.903089986991944
128487.25	25	0.65	-7.903089986991944
129101.42	25	0.655	-7.903089986991944
129352.2	25	0.66	-7.903089986991944
130138.765	25	0.665	-7.903089986991944
130420.4	25	0.67	-7.903089986991944
130822.0	25	0.675	-7.903089986991944
131499.886	25	0.68	-7.903089986991944
132337.815	25	0.685	-7.903089986991944
132886.4	25	0.69	-7.903089986991944
133391.0	25	0.695	-7.903089986991944
134092.4	25	0.7	-7.903089986991944
135409.433	25	0.705	-7.903089986991944
136292.267	25	0.71	-7.903089986991944
136383.0	25	0.715	-7.903089986991944
136554.4	25	0.72	-7.903089986991944
138454.225	25	0.725	-7.903089986991944
139667.62	25	0.73	-7.903089986991944
140257.6	25	0.735	-7.903089986991944
142365.05	25	0.74	-7.903089986991944
143488.613	25	0.745	-7.903089986991944
144655.143	25	0.75	-7.903089986991944
145071.4	25	0.755	-7.903089986991944
145310.4	25	0.76	-7.903089986991944
145610.021	25	0.765	-7.903089986991944
146170.256	25	0.77	-7.903089986991944
146530.404	25	0.775	-7.903089986991944
146935.723	25	0.78	-7.903089986991944
147530.167	25	0.785	-7.903089986991944
147998.79	25	0.79	-7.903089986991944
148320.295	25	0.795	-7.903089986991944
148688.2	25	0.8	-7.903089986991944
148873.2	25	0.805	-7.903089986991944
149048.723	25	0.81	-7.903089986991944
150252.6	25	0.815	-7.903089986991944
150553.333	25	0.82	-7.903089986991944
151579.375	25	0.825	-7.903089986991944
152055.75	25	0.83	-7.903089986991944
152867.735	25	0.835	-7.903089986991944
153554.96	25	0.84	-7.903089986991944
154264.728	25	0.845	-7.903089986991944
155452.0	25	0.85	-7.903089986991944
156139.31	25	0.855	-7.903089986991944
156736.35	25	0.86	-7.903089986991944
157600.3	25	0.865	-7.903089986991944
158523.0	25	0.87	-7.903089986991944
158952.5	25	0.875	-7.903089986991944
160629.143	25	0.88	-7.903089986991944
160896.515	25	0.885	-7.903089986991944
161042.4	25	0.89	-7.903089986991944
161431.592	25	0.895	-7.903089986991944
161754.36	25	0.9	-7.903089986991944
162738.625	25	0.905	-7.903089986991944
164160.85	25	0.91	-7.903089986991944
164703.185	25	0.915	-7.903089986991944
165972.0	25	0.92	-7.903089986991944
166596.0	25	0.925	-7.903089986991944
167501.33	25	0.93	-7.903089986991944
168016.235	25	0.935	-7.903089986991944
171100.993	25	0.94	-7.903089986991944
172415.6	25	0.945	-7.903089986991944
172593.0	25	0.95	-7.903089986991944
172692.929	25	0.955	-7.903089986991944
173200.2	25	0.96	-7.903089986991944
176276.45	25	0.965	-7.903089986991944
178539.77	25	0.97	-7.903089986991944
179021.667	25	0.975	-7.903089986991944
182575.333	25	0.98	-7.903089986991944
186278.441	25	0.985	-7.903089986991944
189295.0	25	0.99	-7.903089986991944
201579.767	25	0.995	-7.903089986991944
114300.0	50	0.5	-7.903089986991944
114852.733	50	0.505	-7.903089986991944
115185.873	50	0.51	-7.903089986991944
115402.229	50	0.515	-7.903089986991944
116170.483	50	0.52	-7.903089986991944
116952.696	50	0.525	-7.903089986991944
117155.248	50	0.53	-7.903089986991944
118329.497	50	0.535	-7.903089986991944
118863.907	50	0.54	-7.903089986991944
120051.689	50	0.545	-7.903089986991944
121162.669	50	0.55	-7.903089986991944
122185.0	50	0.555	-7.903089986991944
122528.48	50	0.56	-7.903089986991944
122948.6	50	0.565	-7.903089986991944
123407.148	50	0.57	-7.903089986991944
123658.5	50	0.575	-7.903089986991944
123897.994	50	0.58	-7.903089986991944
124389.15	50	0.585	-7.903089986991944
125467.224	50	0.59	-7.903089986991944
126017.71	50	0.595	-7.903089986991944
126568.0	50	0.6	-7.903089986991944
127240.95	50	0.605	-7.903089986991944
127956.0	50	0.61	-7.903089986991944
128327.064	50	0.615	-7.903089986991944
128844.657	50	0.62	-7.903089986991944
129526.0	50	0.625	-7.903089986991944
130167.733	50	0.63	-7.903089986991944
130342.625	50	0.635	-7.903089986991944
130917.915	50	0.64	-7.903089986991944
131323.99	50	0.645	-7.903089986991944
131795.75	50	0.65	-7.903089986991944
132073.852	50	0.655	-7.903089986991944
133016.0	50	0.66	-7.903089986991944
133724.486	50	0.665	-7.903089986991944
134266.588	50	0.67	-7.903089986991944
135067.583	50	0.675	-7.903089986991944
135632.985	50	0.68	-7.903089986991944
136470.0	50	0.685	-7.903089986991944
137568.467	50	0.69	-7.903089986991944
138219.81	50	0.695	-7.903089986991944
138782.8	50	0.7	-7.903089986991944
139195.6	50	0.705	-7.903089986991944
139482.743	50	0.71	-7.903089986991944
140039.1	50	0.715	-7.903089986991944
140658.0	50	0.72	-7.903089986991944
140923.958	50	0.725	-7.903089986991944
141365.733	50	0.73	-7.903089986991944
141977.305	50	0.735	-7.903089986991944
142862.4	50	0.74	-7.903089986991944
143990.089	50	0.745	-7.903089986991944
144511.571	50	0.75	-7.903089986991944
144843.48	50	0.755	-7.903089986991944
145212.605	50	0.76	-7.903089986991944
145666.34	50	0.765	-7.903089986991944
146169.32	50	0.77	-7.903089986991944
146903.786	50	0.775	-7.903089986991944
148121.526	50	0.78	-7.903089986991944
149120.0	50	0.785	-7.903089986991944
149798.086	50	0.79	-7.903089986991944
150068.15	50	0.795	-7.903089986991944
150423.8	50	0.8	-7.903089986991944
150988.846	50	0.805	-7.903089986991944
151495.804	50	0.81	-7.903089986991944
152028.695	50	0.815	-7.903089986991944
152239.771	50	0.82	-7.903089986991944
152823.0	50	0.825	-7.903089986991944
153079.6	50	0.83	-7.903089986991944
154013.787	50	0.835	-7.903089986991944
154868.46	50	0.84	-7.903089986991944
155357.277	50	0.845	-7.903089986991944
155866.417	50	0.85	-7.903089986991944
157038.52	50	0.855	-7.903089986991944
158256.943	50	0.86	-7.903089986991944
159661.751	50	0.865	-7.903089986991944
160455.7	50	0.87	-7.903089986991944
161465.893	50	0.875	-7.903089986991944
162442.683	50	0.88	-7.903089986991944
163874.723	50	0.885	-7.903089986991944
165678.875	50	0.89	-7.903089986991944
166593.074	50	0.895	-7.903089986991944
167511.231	50	0.9	-7.903089986991944
168458.4	50	0.905	-7.903089986991944
169789.176	50	0.91	-7.903089986991944
171861.265	50	0.915	-7.903089986991944
173384.52	50	0.92	-7.903089986991944
174273.283	50	0.925	-7.903089986991944
176734.54	50	0.93	-7.903089986991944
177711.0	50	0.935	-7.903089986991944
180238.4	50	0.94	-7.903089986991944
182156.302	50	0.945	-7.903089986991944
182883.5	50	0.95	-7.903089986991944
184482.786	50	0.955	-7.903089986991944
187179.933	50	0.96	-7.903089986991944
188701.486	50	0.965	-7.903089986991944
191658.971	50	0.97	-7.903089986991944
193142.0	50	0.975	-7.903089986991944
197189.5	50	0.98	-7.903089986991944
199917.8	50	0.985	-7.903089986991944
200731.68	50	0.99	-7.903089986991944
207216.503	50	0.995	-7.903089986991944
127476.5	75	0.5	-7.903089986991944
128110.246	75	0.505	-7.903089986991944
128351.539	75	0.51	-7.903089986991944
128909.781	75	0.515	-7.903089986991944
129452.96	75	0.52	-7.903089986991944
130108.197	75	0.525	-7.903089986991944
130509.5	75	0.53	-7.903089986991944
130804.567	75	0.535	-7.903089986991944
131225.241	75	0.54	-7.903089986991944
131631.617	75	0.545	-7.903089986991944
132443.075	75	0.55	-7.903089986991944
132930.146	75	0.555	-7.903089986991944
133479.509	75	0.56	-7.903089986991944
134179.386	75	0.565	-7.903089986991944
134601.856	75	0.57	-7.903089986991944
134733.043	75	0.575	-7.903089986991944
135322.333	75	0.58	-7.903089986991944
135948.508	75	0.585	-7.903089986991944
136448.816	75	0.59	-7.903089986991944
136988.18	75	0.595	-7.903089986991944
137578.246	75	0.6	-7.903089986991944
137861.5	75	0.605	-7.903089986991944
138362.397	75	0.61	-7.903089986991944
138576.75	75	0.615	-7.903089986991944
139173.371	75	0.62	-7.903089986991944
139650.417	75	0.625	-7.903089986991944
140255.54	75	0.63	-7.903089986991944
140787.089	75	0.635	-7.903089986991944
141421.867	75	0.64	-7.903089986991944
141626.89	75	0.645	-7.903089986991944
141940.69	75	0.65	-7.903089986991944
142332.254	75	0.655	-7.903089986991944
142528.967	75	0.66	-7.903089986991944
143114.48	75	0.665	-7.903089986991944
143834.634	75	0.67	-7.903089986991944
144325.0	75	0.675	-7.903089986991944
145452.227	75	0.68	-7.903089986991944
146069.507	75	0.685	-7.903089986991944
146463.267	75	0.69	-7.903089986991944
146768.633	75	0.695	-7.903089986991944
147592.036	75	0.7	-7.903089986991944
148191.968	75	0.705	-7.903089986991944
148662.96	75	0.71	-7.903089986991944
149495.954	75	0.715	-7.903089986991944
150477.326	75	0.72	-7.903089986991944
151157.925	75	0.725	-7.903089986991944
152895.8	75	0.73	-7.903089986991944
153937.62	75	0.735	-7.903089986991944
154310.629	75	0.74	-7.903089986991944
154790.5	75	0.745	-7.903089986991944
155284.731	75	0.75	-7.903089986991944
155861.212	75	0.755	-7.903089986991944
156200.48	75	0.76	-7.903089986991944
156602.697	75	0.765	-7.903089986991944
156975.502	75	0.77	-7.903089986991944
157712.167	75	0.775	-7.903089986991944
158106.02	75	0.78	-7.903089986991944
158442.277	75	0.785	-7.903089986991944
159056.025	75	0.79	-7.903089986991944
159560.174	75	0.795	-7.903089986991944
160016.364	75	0.8	-7.903089986991944
160736.519	75	0.805	-7.903089986991944
161309.703	75	0.81	-7.903089986991944
161515.933	75	0.815	-7.903089986991944
162158.65	75	0.82	-7.903089986991944
163209.896	75	0.825	-7.903089986991944
163663.738	75	0.83	-7.903089986991944
164304.907	75	0.835	-7.903089986991944
164929.422	75	0.84	-7.903089986991944
165715.558	75	0.845	-7.903089986991944
166249.236	75	0.85	-7.903089986991944
167231.8	75	0.855	-7.903089986991944
168904.328	75	0.86	-7.903089986991944
170031.554	75	0.865	-7.903089986991944
170700.648	75	0.87	-7.903089986991944
171424.413	75	0.875	-7.903089986991944
171971.314	75	0.88	-7.903089986991944
172668.857	75	0.885	-7.903089986991944
173411.34	75	0.89	-7.903089986991944
174217.712	75	0.895	-7.903089986991944
175612.0	75	0.9	-7.903089986991944
176081.371	75	0.905	-7.903089986991944
177277.154	75	0.91	-7.903089986991944
179098.846	75	0.915	-7.903089986991944
181142.895	75	0.92	-7.903089986991944
182135.767	75	0.925	-7.903089986991944
183286.19	75	0.93	-7.903089986991944
185701.929	75	0.935	-7.903089986991944
187536.483	75	0.94	-7.903089986991944
188979.412	75	0.945	-7.903089986991944
190048.442	75	0.95	-7.903089986991944
191429.053	75	0.955	-7.903089986991944
193369.16	75	0.96	-7.903089986991944
194423.416	75	0.965	-7.903089986991944
196699.02	75	0.97	-7.903089986991944
198142.125	75	0.975	-7.903089986991944
201588.743	75	0.98	-7.903089986991944
208933.091	75	0.985	-7.903089986991944
222242.348	75	0.99	-7.903089986991944
232858.618	75	0.995	-7.903089986991944
134935.833	100	0.5	-7.903089986991944
136299.464	100	0.505	-7.903089986991944
136833.592	100	0.51	-7.903089986991944
137310.239	100	0.515	-7.903089986991944
137593.933	100	0.52	-7.903089986991944
138162.77	100	0.525	-7.903089986991944
138393.554	100	0.53	-7.903089986991944
138647.48	100	0.535	-7.903089986991944
139107.2	100	0.54	-7.903089986991944
139541.59	100	0.545	-7.903089986991944
139941.83	100	0.55	-7.903089986991944
140526.676	100	0.555	-7.903089986991944
140881.067	100	0.56	-7.903089986991944
141702.584	100	0.565	-7.903089986991944
141845.489	100	0.57	-7.903089986991944
142284.528	100	0.575	-7.903089986991944
142834.135	100	0.58	-7.903089986991944
143330.182	100	0.585	-7.903089986991944
143850.314	100	0.59	-7.903089986991944
144220.253	100	0.595	-7.903089986991944
144473.231	100	0.6	-7.903089986991944
144828.886	100	0.605	-7.903089986991944
145321.113	100	0.61	-7.903089986991944
145443.266	100	0.615	-7.903089986991944
145735.457	100	0.62	-7.903089986991944
146398.214	100	0.625	-7.903089986991944
146662.614	100	0.63	-7.903089986991944
147038.313	100	0.635	-7.903089986991944
147728.627	100	0.64	-7.903089986991944
148859.926	100	0.645	-7.903089986991944
149829.788	100	0.65	-7.903089986991944
150628.982	100	0.655	-7.903089986991944
150880.743	100	0.66	-7.903089986991944
151288.814	100	0.665	-7.903089986991944
151814.309	100	0.67	-7.903089986991944
152639.513	100	0.675	-7.903089986991944
153080.036	100	0.68	-7.903089986991944
153473.491	100	0.685	-7.903089986991944
154293.329	100	0.69	-7.903089986991944
155225.393	100	0.695	-7.903089986991944
155467.714	100	0.7	-7.903089986991944
155680.993	100	0.705	-7.903089986991944
155882.874	100	0.71	-7.903089986991944
156071.663	100	0.715	-7.903089986991944
156526.926	100	0.72	-7.903089986991944
157340.0	100	0.725	-7.903089986991944
157416.598	100	0.73	-7.903089986991944
157898.282	100	0.735	-7.903089986991944
158847.03	100	0.74	-7.903089986991944
159802.043	100	0.745	-7.903089986991944
160220.333	100	0.75	-7.903089986991944
160658.239	100	0.755	-7.903089986991944
161318.4	100	0.76	-7.903089986991944
162368.033	100	0.765	-7.903089986991944
163239.166	100	0.77	-7.903089986991944
164161.775	100	0.775	-7.903089986991944
164780.327	100	0.78	-7.903089986991944
165471.64	100	0.785	-7.903089986991944
166083.993	100	0.79	-7.903089986991944
166626.353	100	0.795	-7.903089986991944
168079.6	100	0.8	-7.903089986991944
168460.886	100	0.805	-7.903089986991944
169194.196	100	0.81	-7.903089986991944
170036.879	100	0.815	-7.903089986991944
171174.41	100	0.82	-7.903089986991944
172392.126	100	0.825	-7.903089986991944
173534.735	100	0.83	-7.903089986991944
174485.943	100	0.835	-7.903089986991944
175219.937	100	0.84	-7.903089986991944
175788.393	100	0.845	-7.903089986991944
176458.231	100	0.85	-7.903089986991944
177325.693	100	0.855	-7.903089986991944
177633.58	100	0.86	-7.903089986991944
178003.044	100	0.865	-7.903089986991944
179251.6	100	0.87	-7.903089986991944
180461.163	100	0.875	-7.903089986991944
180803.037	100	0.88	-7.903089986991944
181110.544	100	0.885	-7.903089986991944
181774.88	100	0.89	-7.903089986991944
182231.183	100	0.895	-7.903089986991944
183162.0	100	0.9	-7.903089986991944
183640.499	100	0.905	-7.903089986991944
183981.229	100	0.91	-7.903089986991944
184851.163	100	0.915	-7.903089986991944
185696.8	100	0.92	-7.903089986991944
188378.05	100	0.925	-7.903089986991944
190044.496	100	0.93	-7.903089986991944
192604.802	100	0.935	-7.903089986991944
193760.636	100	0.94	-7.903089986991944
195403.14	100	0.945	-7.903089986991944
197493.718	100	0.95	-7.903089986991944
199730.337	100	0.955	-7.903089986991944
200856.4	100	0.96	-7.903089986991944
205290.488	100	0.965	-7.903089986991944
207548.006	100	0.97	-7.903089986991944
210470.063	100	0.975	-7.903089986991944
214205.725	100	0.98	-7.903089986991944
221334.393	100	0.985	-7.903089986991944
228446.683	100	0.99	-7.903089986991944
237261.088	100	0.995	-7.903089986991944
149616.364	125	0.5	-7.903089986991944
149940.683	125	0.505	-7.903089986991944
150115.667	125	0.51	-7.903089986991944
150268.047	125	0.515	-7.903089986991944
150635.013	125	0.52	-7.903089986991944
150994.5	125	0.525	-7.903089986991944
151274.81	125	0.53	-7.903089986991944
151833.762	125	0.535	-7.903089986991944
152306.637	125	0.54	-7.903089986991944
153322.286	125	0.545	-7.903089986991944
153501.317	125	0.55	-7.903089986991944
153749.7	125	0.555	-7.903089986991944
154074.286	125	0.56	-7.903089986991944
154285.214	125	0.565	-7.903089986991944
154868.701	125	0.57	-7.903089986991944
155338.227	125	0.575	-7.903089986991944
155861.398	125	0.58	-7.903089986991944
156429.906	125	0.585	-7.903089986991944
156780.042	125	0.59	-7.903089986991944
157319.811	125	0.595	-7.903089986991944
157530.0	125	0.6	-7.903089986991944
158064.9	125	0.605	-7.903089986991944
158402.122	125	0.61	-7.903089986991944
158529.654	125	0.615	-7.903089986991944
158956.867	125	0.62	-7.903089986991944
159542.188	125	0.625	-7.903089986991944
159988.909	125	0.63	-7.903089986991944
160464.662	125	0.635	-7.903089986991944
161173.143	125	0.64	-7.903089986991944
161489.8	125	0.645	-7.903089986991944
161815.322	125	0.65	-7.903089986991944
162121.911	125	0.655	-7.903089986991944
162558.266	125	0.66	-7.903089986991944
162979.75	125	0.665	-7.903089986991944
163569.836	125	0.67	-7.903089986991944
163745.455	125	0.675	-7.903089986991944
164159.122	125	0.68	-7.903089986991944
164721.956	125	0.685	-7.903089986991944
165627.5	125	0.69	-7.903089986991944
165905.214	125	0.695	-7.903089986991944
166321.615	125	0.7	-7.903089986991944
166658.849	125	0.705	-7.903089986991944
167217.411	125	0.71	-7.903089986991944
167718.3	125	0.715	-7.903089986991944
168097.934	125	0.72	-7.903089986991944
169054.286	125	0.725	-7.903089986991944
170225.264	125	0.73	-7.903089986991944
170785.186	125	0.735	-7.903089986991944
171233.7	125	0.74	-7.903089986991944
171524.214	125	0.745	-7.903089986991944
172291.429	125	0.75	-7.903089986991944
172734.943	125	0.755	-7.903089986991944
173381.286	125	0.76	-7.903089986991944
174388.0	125	0.765	-7.903089986991944
174754.615	125	0.77	-7.903089986991944
175520.0	125	0.775	-7.903089986991944
175805.292	125	0.78	-7.903089986991944
176319.545	125	0.785	-7.903089986991944
176818.265	125	0.79	-7.903089986991944
177427.475	125	0.795	-7.903089986991944
178012.364	125	0.8	-7.903089986991944
178513.009	125	0.805	-7.903089986991944
179440.84	125	0.81	-7.903089986991944
180051.656	125	0.815	-7.903089986991944
180526.857	125	0.82	-7.903089986991944
181586.494	125	0.825	-7.903089986991944
182384.429	125	0.83	-7.903089986991944
183070.975	125	0.835	-7.903089986991944
183923.6	125	0.84	-7.903089986991944
184791.857	125	0.845	-7.903089986991944
185321.593	125	0.85	-7.903089986991944
185600.979	125	0.855	-7.903089986991944
186400.029	125	0.86	-7.903089986991944
186666.857	125	0.865	-7.903089986991944
187352.5	125	0.87	-7.903089986991944
188129.698	125	0.875	-7.903089986991944
188686.905	125	0.88	-7.903089986991944
189351.892	125	0.885	-7.903089986991944
190562.531	125	0.89	-7.903089986991944
191320.016	125	0.895	-7.903089986991944
192377.143	125	0.9	-7.903089986991944
193377.885	125	0.905	-7.903089986991944
195278.429	125	0.91	-7.903089986991944
196545.442	125	0.915	-7.903089986991944
197358.131	125	0.92	-7.903089986991944
199736.071	125	0.925	-7.903089986991944
200924.367	125	0.93	-7.903089986991944
202332.809	125	0.935	-7.903089986991944
205639.229	125	0.94	-7.903089986991944
207549.5	125	0.945	-7.903089986991944
209378.741	125	0.95	-7.903089986991944
211425.529	125	0.955	-7.903089986991944
212931.209	125	0.96	-7.903089986991944
216488.161	125	0.965	-7.903089986991944
219121.554	125	0.97	-7.903089986991944
223559.643	125	0.975	-7.903089986991944
232948.571	125	0.98	-7.903089986991944
238112.929	125	0.985	-7.903089986991944
258702.694	125	0.99	-7.903089986991944
285232.673	125	0.995	-7.903089986991944
158089.231	150	0.5	-7.903089986991944
158673.877	150	0.505	-7.903089986991944
159197.995	150	0.51	-7.903089986991944
159579.955	150	0.515	-7.903089986991944
159987.497	150	0.52	-7.903089986991944
160223.447	150	0.525	-7.903089986991944
160940.886	150	0.53	-7.903089986991944
161507.723	150	0.535	-7.903089986991944
161977.769	150	0.54	-7.903089986991944
162649.623	150	0.545	-7.903089986991944
162913.283	150	0.55	-7.903089986991944
163250.805	150	0.555	-7.903089986991944
163451.283	150	0.56	-7.903089986991944
164082.774	150	0.565	-7.903089986991944
164355.507	150	0.57	-7.903089986991944
164874.211	150	0.575	-7.903089986991944
165204.0	150	0.58	-7.903089986991944
166054.855	150	0.585	-7.903089986991944
166530.563	150	0.59	-7.903089986991944
167031.94	150	0.595	-7.903089986991944
167330.371	150	0.6	-7.903089986991944
167548.826	150	0.605	-7.903089986991944
167862.433	150	0.61	-7.903089986991944
168239.831	150	0.615	-7.903089986991944
168640.855	150	0.62	-7.903089986991944
168889.576	150	0.625	-7.903089986991944
169225.473	150	0.63	-7.903089986991944
169580.515	150	0.635	-7.903089986991944
170072.595	150	0.64	-7.903089986991944
170685.124	150	0.645	-7.903089986991944
171037.293	150	0.65	-7.903089986991944
171619.338	150	0.655	-7.903089986991944
171925.045	150	0.66	-7.903089986991944
172151.358	150	0.665	-7.903089986991944
172807.925	150	0.67	-7.903089986991944
173383.893	150	0.675	-7.903089986991944
173895.6	150	0.68	-7.903089986991944
174276.108	150	0.685	-7.903089986991944
175125.14	150	0.69	-7.903089986991944
175615.254	150	0.695	-7.903089986991944
175830.014	150	0.7	-7.903089986991944
176203.743	150	0.705	-7.903089986991944
176513.697	150	0.71	-7.903089986991944
176889.143	150	0.715	-7.903089986991944
177268.541	150	0.72	-7.903089986991944
177764.81	150	0.725	-7.903089986991944
178533.914	150	0.73	-7.903089986991944
178874.06	150	0.735	-7.903089986991944
179148.649	150	0.74	-7.903089986991944
179958.522	150	0.745	-7.903089986991944
180489.286	150	0.75	-7.903089986991944
181084.273	150	0.755	-7.903089986991944
181482.423	150	0.76	-7.903089986991944
181888.971	150	0.765	-7.903089986991944
182671.342	150	0.77	-7.903089986991944
182816.929	150	0.775	-7.903089986991944
183346.143	150	0.78	-7.903089986991944
183883.855	150	0.785	-7.903089986991944
184798.743	150	0.79	-7.903089986991944
185520.384	150	0.795	-7.903089986991944
185741.943	150	0.8	-7.903089986991944
186200.624	150	0.805	-7.903089986991944
187183.424	150	0.81	-7.903089986991944
187997.503	150	0.815	-7.903089986991944
188835.377	150	0.82	-7.903089986991944
189144.139	150	0.825	-7.903089986991944
189570.745	150	0.83	-7.903089986991944
190473.087	150	0.835	-7.903089986991944
191307.38	150	0.84	-7.903089986991944
191944.786	150	0.845	-7.903089986991944
193046.841	150	0.85	-7.903089986991944
193419.951	150	0.855	-7.903089986991944
194463.257	150	0.86	-7.903089986991944
195950.318	150	0.865	-7.903089986991944
196465.966	150	0.87	-7.903089986991944
197786.071	150	0.875	-7.903089986991944
198291.766	150	0.88	-7.903089986991944
199568.746	150	0.885	-7.903089986991944
200907.58	150	0.89	-7.903089986991944
202528.129	150	0.895	-7.903089986991944
203185.639	150	0.9	-7.903089986991944
204429.557	150	0.905	-7.903089986991944
205231.846	150	0.91	-7.903089986991944
206310.666	150	0.915	-7.903089986991944
208136.851	150	0.92	-7.903089986991944
209615.429	150	0.925	-7.903089986991944
210959.886	150	0.93	-7.903089986991944
213342.71	150	0.935	-7.903089986991944
216060.089	150	0.94	-7.903089986991944
218546.508	150	0.945	-7.903089986991944
220434.5	150	0.95	-7.903089986991944
222396.871	150	0.955	-7.903089986991944
226575.771	150	0.96	-7.903089986991944
228636.114	150	0.965	-7.903089986991944
231995.029	150	0.97	-7.903089986991944
237797.132	150	0.975	-7.903089986991944
240129.785	150	0.98	-7.903089986991944
243811.906	150	0.985	-7.903089986991944
258368.263	150	0.99	-7.903089986991944
266212.121	150	0.995	-7.903089986991944
165543.208	175	0.5	-7.903089986991944
166015.122	175	0.505	-7.903089986991944
166771.286	175	0.51	-7.903089986991944
166892.238	175	0.515	-7.903089986991944
167646.514	175	0.52	-7.903089986991944
167904.341	175	0.525	-7.903089986991944
168278.595	175	0.53	-7.903089986991944
169074.779	175	0.535	-7.903089986991944
169427.5	175	0.54	-7.903089986991944
169759.221	175	0.545	-7.903089986991944
170141.469	175	0.55	-7.903089986991944
170506.534	175	0.555	-7.903089986991944
170771.2	175	0.56	-7.903089986991944
171474.754	175	0.565	-7.903089986991944
171727.429	175	0.57	-7.903089986991944
171966.94	175	0.575	-7.903089986991944
172461.649	175	0.58	-7.903089986991944
173004.643	175	0.585	-7.903089986991944
173649.845	175	0.59	-7.903089986991944
174210.276	175	0.595	-7.903089986991944
174639.584	175	0.6	-7.903089986991944
174925.893	175	0.605	-7.903089986991944
175407.613	175	0.61	-7.903089986991944
175541.764	175	0.615	-7.903089986991944
175871.486	175	0.62	-7.903089986991944
176128.929	175	0.625	-7.903089986991944
176386.539	175	0.63	-7.903089986991944
176768.884	175	0.635	-7.903089986991944
177321.569	175	0.64	-7.903089986991944
177975.215	175	0.645	-7.903089986991944
178484.232	175	0.65	-7.903089986991944
178842.885	175	0.655	-7.903089986991944
179267.647	175	0.66	-7.903089986991944
179653.612	175	0.665	-7.903089986991944
180348.683	175	0.67	-7.903089986991944
180591.818	175	0.675	-7.903089986991944
180671.226	175	0.68	-7.903089986991944
181011.585	175	0.685	-7.903089986991944
181618.069	175	0.69	-7.903089986991944
182404.3	175	0.695	-7.903089986991944
183145.286	175	0.7	-7.903089986991944
183720.346	175	0.705	-7.903089986991944
184126.4	175	0.71	-7.903089986991944
184752.289	175	0.715	-7.903089986991944
185230.505	175	0.72	-7.903089986991944
185540.0	175	0.725	-7.903089986991944
185974.279	175	0.73	-7.903089986991944
187128.545	175	0.735	-7.903089986991944
187528.78	175	0.74	-7.903089986991944
188309.306	175	0.745	-7.903089986991944
188908.027	175	0.75	-7.903089986991944
189218.921	175	0.755	-7.903089986991944
190181.407	175	0.76	-7.903089986991944
190638.054	175	0.765	-7.903089986991944
190821.631	175	0.77	-7.903089986991944
191301.913	175	0.775	-7.903089986991944
192123.281	175	0.78	-7.903089986991944
192679.878	175	0.785	-7.903089986991944
193880.596	175	0.79	-7.903089986991944
194583.078	175	0.795	-7.903089986991944
195428.943	175	0.8	-7.903089986991944
196170.064	175	0.805	-7.903089986991944
197556.052	175	0.81	-7.903089986991944
197884.02	175	0.815	-7.903089986991944
198318.602	175	0.82	-7.903089986991944
198703.442	175	0.825	-7.903089986991944
199604.479	175	0.83	-7.903089986991944
200091.041	175	0.835	-7.903089986991944
200985.74	175	0.84	-7.903089986991944
202195.569	175	0.845	-7.903089986991944
203361.604	175	0.85	-7.903089986991944
204109.184	175	0.855	-7.903089986991944
204634.687	175	0.86	-7.903089986991944
205093.938	175	0.865	-7.903089986991944
205417.854	175	0.87	-7.903089986991944
206227.708	175	0.875	-7.903089986991944
206955.143	175	0.88	-7.903089986991944
208038.414	175	0.885	-7.903089986991944
209301.048	175	0.89	-7.903089986991944
210474.765	175	0.895	-7.903089986991944
211344.857	175	0.9	-7.903089986991944
212269.792	175	0.905	-7.903089986991944
213427.76	175	0.91	-7.903089986991944
214824.887	175	0.915	-7.903089986991944
215706.509	175	0.92	-7.903089986991944
216670.786	175	0.925	-7.903089986991944
217861.796	175	0.93	-7.903089986991944
219332.0	175	0.935	-7.903089986991944
220381.344	175	0.94	-7.903089986991944
223410.521	175	0.945	-7.903089986991944
226510.857	175	0.95	-7.903089986991944
228939.2	175	0.955	-7.903089986991944
230279.2	175	0.96	-7.903089986991944
233544.071	175	0.965	-7.903089986991944
239295.011	175	0.97	-7.903089986991944
244605.077	175	0.975	-7.903089986991944
252544.084	175	0.98	-7.903089986991944
270840.248	175	0.985	-7.903089986991944
276346.886	175	0.99	-7.903089986991944
303820.079	175	0.995	-7.903089986991944
177656.536	200	0.5	-7.903089986991944
178399.521	200	0.505	-7.903089986991944
179046.943	200	0.51	-7.903089986991944
179356.633	200	0.515	-7.903089986991944
179603.966	200	0.52	-7.903089986991944
180134.512	200	0.525	-7.903089986991944
180526.349	200	0.53	-7.903089986991944
180900.158	200	0.535	-7.903089986991944
181143.666	200	0.54	-7.903089986991944
181508.658	200	0.545	-7.903089986991944
182081.254	200	0.55	-7.903089986991944
182458.492	200	0.555	-7.903089986991944
183014.691	200	0.56	-7.903089986991944
183810.893	200	0.565	-7.903089986991944
184304.839	200	0.57	-7.903089986991944
185200.179	200	0.575	-7.903089986991944
186013.469	200	0.58	-7.903089986991944
186645.543	200	0.585	-7.903089986991944
187151.544	200	0.59	-7.903089986991944
187527.458	200	0.595	-7.903089986991944
187962.49	200	0.6	-7.903089986991944
188586.823	200	0.605	-7.903089986991944
189076.248	200	0.61	-7.903089986991944
189420.183	200	0.615	-7.903089986991944
189851.543	200	0.62	-7.903089986991944
190280.714	200	0.625	-7.903089986991944
190846.364	200	0.63	-7.903089986991944
191100.848	200	0.635	-7.903089986991944
191381.294	200	0.64	-7.903089986991944
191556.477	200	0.645	-7.903089986991944
192011.159	200	0.65	-7.903089986991944
192562.289	200	0.655	-7.903089986991944
192934.253	200	0.66	-7.903089986991944
193338.778	200	0.665	-7.903089986991944
193599.971	200	0.67	-7.903089986991944
194001.883	200	0.675	-7.903089986991944
194401.394	200	0.68	-7.903089986991944
194825.885	200	0.685	-7.903089986991944
195220.764	200	0.69	-7.903089986991944
195655.099	200	0.695	-7.903089986991944
196224.857	200	0.7	-7.903089986991944
196392.128	200	0.705	-7.903089986991944
196711.355	200	0.71	-7.903089986991944
197349.753	200	0.715	-7.903089986991944
197497.371	200	0.72	-7.903089986991944
198021.191	200	0.725	-7.903089986991944
198224.814	200	0.73	-7.903089986991944
198622.245	200	0.735	-7.903089986991944
199119.945	200	0.74	-7.903089986991944
199540.627	200	0.745	-7.903089986991944
199858.214	200	0.75	-7.903089986991944
200210.135	200	0.755	-7.903089986991944
200491.771	200	0.76	-7.903089986991944
201065.104	200	0.765	-7.903089986991944
202090.76	200	0.77	-7.903089986991944
202752.0	200	0.775	-7.903089986991944
202947.643	200	0.78	-7.903089986991944
203466.379	200	0.785	-7.903089986991944
204534.269	200	0.79	-7.903089986991944
206129.501	200	0.795	-7.903089986991944
206881.886	200	0.8	-7.903089986991944
207595.836	200	0.805	-7.903089986991944
207942.393	200	0.81	-7.903089986991944
208645.351	200	0.815	-7.903089986991944
209381.449	200	0.82	-7.903089986991944
210812.536	200	0.825	-7.903089986991944
211535.894	200	0.83	-7.903089986991944
212086.964	200	0.835	-7.903089986991944
212456.28	200	0.84	-7.903089986991944
213278.338	200	0.845	-7.903089986991944
214089.661	200	0.85	-7.903089986991944
214873.82	200	0.855	-7.903089986991944
215534.534	200	0.86	-7.903089986991944
216391.497	200	0.865	-7.903089986991944
217972.686	200	0.87	-7.903089986991944
219483.214	200	0.875	-7.903089986991944
220470.926	200	0.88	-7.903089986991944
221516.293	200	0.885	-7.903089986991944
222501.443	200	0.89	-7.903089986991944
223400.93	200	0.895	-7.903089986991944
224495.27	200	0.9	-7.903089986991944
225175.5	200	0.905	-7.903089986991944
227468.929	200	0.91	-7.903089986991944
228652.781	200	0.915	-7.903089986991944
229998.043	200	0.92	-7.903089986991944
231527.595	200	0.925	-7.903089986991944
234225.257	200	0.93	-7.903089986991944
236466.086	200	0.935	-7.903089986991944
238124.565	200	0.94	-7.903089986991944
238627.507	200	0.945	-7.903089986991944
241579.532	200	0.95	-7.903089986991944
243597.553	200	0.955	-7.903089986991944
246796.514	200	0.96	-7.903089986991944
249362.666	200	0.965	-7.903089986991944
253633.098	200	0.97	-7.903089986991944
256765.082	200	0.975	-7.903089986991944
265212.343	200	0.98	-7.903089986991944
282163.329	200	0.985	-7.903089986991944
303630.807	200	0.99	-7.903089986991944
324881.481	200	0.995	-7.903089986991944
184400.821	225	0.5	-7.903089986991944
184841.736	225	0.505	-7.903089986991944
185251.732	225	0.51	-7.903089986991944
185502.262	225	0.515	-7.903089986991944
185620.373	225	0.52	-7.903089986991944
185794.026	225	0.525	-7.903089986991944
186247.186	225	0.53	-7.903089986991944
186692.158	225	0.535	-7.903089986991944
186873.753	225	0.54	-7.903089986991944
187266.873	225	0.545	-7.903089986991944
187804.11	225	0.55	-7.903089986991944
188177.62	225	0.555	-7.903089986991944
188789.243	225	0.56	-7.903089986991944
189596.903	225	0.565	-7.903089986991944
189870.701	225	0.57	-7.903089986991944
190207.801	225	0.575	-7.903089986991944
190368.431	225	0.58	-7.903089986991944
190832.861	225	0.585	-7.903089986991944
191331.501	225	0.59	-7.903089986991944
192114.521	225	0.595	-7.903089986991944
192728.132	225	0.6	-7.903089986991944
193003.401	225	0.605	-7.903089986991944
193176.552	225	0.61	-7.903089986991944
193613.497	225	0.615	-7.903089986991944
194490.689	225	0.62	-7.903089986991944
194781.562	225	0.625	-7.903089986991944
195317.866	225	0.63	-7.903089986991944
195629.021	225	0.635	-7.903089986991944
195801.886	225	0.64	-7.903089986991944
196070.449	225	0.645	-7.903089986991944
196718.429	225	0.65	-7.903089986991944
197016.314	225	0.655	-7.903089986991944
197436.223	225	0.66	-7.903089986991944
197795.097	225	0.665	-7.903089986991944
198316.186	225	0.67	-7.903089986991944
198542.25	225	0.675	-7.903089986991944
198757.886	225	0.68	-7.903089986991944
199076.668	225	0.685	-7.903089986991944
199360.267	225	0.69	-7.903089986991944
199814.915	225	0.695	-7.903089986991944
200073.0	225	0.7	-7.903089986991944
200381.214	225	0.705	-7.903089986991944
200800.525	225	0.71	-7.903089986991944
201513.657	225	0.715	-7.903089986991944
202318.44	225	0.72	-7.903089986991944
202635.93	225	0.725	-7.903089986991944
203079.2	225	0.73	-7.903089986991944
203330.562	225	0.735	-7.903089986991944
203840.4	225	0.74	-7.903089986991944
204858.903	225	0.745	-7.903089986991944
205737.089	225	0.75	-7.903089986991944
206290.668	225	0.755	-7.903089986991944
206866.851	225	0.76	-7.903089986991944
207625.429	225	0.765	-7.903089986991944
208474.879	225	0.77	-7.903089986991944
208910.968	225	0.775	-7.903089986991944
209350.276	225	0.78	-7.903089986991944
209887.686	225	0.785	-7.903089986991944
210370.885	225	0.79	-7.903089986991944
211079.104	225	0.795	-7.903089986991944
211609.81	225	0.8	-7.903089986991944
212081.914	225	0.805	-7.903089986991944
212616.68	225	0.81	-7.903089986991944
212972.607	225	0.815	-7.903089986991944
214069.397	225	0.82	-7.903089986991944
214974.464	225	0.825	-7.903089986991944
215773.553	225	0.83	-7.903089986991944
216392.171	225	0.835	-7.903089986991944
217286.674	225	0.84	-7.903089986991944
217785.775	225	0.845	-7.903089986991944
218245.396	225	0.85	-7.903089986991944
219046.148	225	0.855	-7.903089986991944
219649.271	225	0.86	-7.903089986991944
220717.858	225	0.865	-7.903089986991944
221415.316	225	0.87	-7.903089986991944
223034.821	225	0.875	-7.903089986991944
224784.523	225	0.88	-7.903089986991944
226069.351	225	0.885	-7.903089986991944
226973.506	225	0.89	-7.903089986991944
228799.786	225	0.895	-7.903089986991944
230016.636	225	0.9	-7.903089986991944
232304.336	225	0.905	-7.903089986991944
233665.471	225	0.91	-7.903089986991944
236314.566	225	0.915	-7.903089986991944
238268.591	225	0.92	-7.903089986991944
240957.898	225	0.925	-7.903089986991944
242852.776	225	0.93	-7.903089986991944
244068.021	225	0.935	-7.903089986991944
246648.057	225	0.94	-7.903089986991944
251649.858	225	0.945	-7.903089986991944
253217.022	225	0.95	-7.903089986991944
253888.963	225	0.955	-7.903089986991944
257341.037	225	0.96	-7.903089986991944
265360.214	225	0.965	-7.903089986991944
270189.186	225	0.97	-7.903089986991944
278302.071	225	0.975	-7.903089986991944
281200.029	225	0.98	-7.903089986991944
289723.486	225	0.985	-7.903089986991944
305522.392	225	0.99	-7.903089986991944
333356.995	225	0.995	-7.903089986991944
196001.536	250	0.5	-7.903089986991944
196230.941	250	0.505	-7.903089986991944
196729.889	250	0.51	-7.903089986991944
197365.943	250	0.515	-7.903089986991944
197854.0	250	0.52	-7.903089986991944
198276.054	250	0.525	-7.903089986991944
199258.45	250	0.53	-7.903089986991944
199986.479	250	0.535	-7.903089986991944
200466.103	250	0.54	-7.903089986991944
200890.301	250	0.545	-7.903089986991944
201209.503	250	0.55	-7.903089986991944
201711.272	250	0.555	-7.903089986991944
202137.161	250	0.56	-7.903089986991944
202200.436	250	0.565	-7.903089986991944
202517.778	250	0.57	-7.903089986991944
202937.305	250	0.575	-7.903089986991944
203153.197	250	0.58	-7.903089986991944
204370.321	250	0.585	-7.903089986991944
204544.19	250	0.59	-7.903089986991944
204680.643	250	0.595	-7.903089986991944
204895.27	250	0.6	-7.903089986991944
205410.571	250	0.605	-7.903089986991944
206334.171	250	0.61	-7.903089986991944
206977.336	250	0.615	-7.903089986991944
207338.892	250	0.62	-7.903089986991944
207840.339	250	0.625	-7.903089986991944
208069.514	250	0.63	-7.903089986991944
208255.771	250	0.635	-7.903089986991944
208780.177	250	0.64	-7.903089986991944
209060.645	250	0.645	-7.903089986991944
209379.188	250	0.65	-7.903089986991944
209757.59	250	0.655	-7.903089986991944
210206.791	250	0.66	-7.903089986991944
210717.479	250	0.665	-7.903089986991944
211238.214	250	0.67	-7.903089986991944
211701.011	250	0.675	-7.903089986991944
212231.431	250	0.68	-7.903089986991944
212550.775	250	0.685	-7.903089986991944
212843.996	250	0.69	-7.903089986991944
213508.852	250	0.695	-7.903089986991944
213840.286	250	0.7	-7.903089986991944
214230.114	250	0.705	-7.903089986991944
214849.624	250	0.71	-7.903089986991944
215687.807	250	0.715	-7.903089986991944
216578.4	250	0.72	-7.903089986991944
217615.107	250	0.725	-7.903089986991944
218045.686	250	0.73	-7.903089986991944
218602.335	250	0.735	-7.903089986991944
219046.716	250	0.74	-7.903089986991944
219700.007	250	0.745	-7.903089986991944
220511.827	250	0.75	-7.903089986991944
221112.998	250	0.755	-7.903089986991944
221456.225	250	0.76	-7.903089986991944
221867.6	250	0.765	-7.903089986991944
222545.692	250	0.77	-7.903089986991944
223091.036	250	0.775	-7.903089986991944
223468.739	250	0.78	-7.903089986991944
223780.036	250	0.785	-7.903089986991944
224102.6	250	0.79	-7.903089986991944
224733.178	250	0.795	-7.903089986991944
225119.171	250	0.8	-7.903089986991944
225730.133	250	0.805	-7.903089986991944
226280.971	250	0.81	-7.903089986991944
226720.514	250	0.815	-7.903089986991944
227578.786	250	0.82	-7.903089986991944
227959.957	250	0.825	-7.903089986991944
228378.557	250	0.83	-7.903089986991944
229603.814	250	0.835	-7.903089986991944
230071.115	250	0.84	-7.903089986991944
231170.886	250	0.845	-7.903089986991944
231837.917	250	0.85	-7.903089986991944
232375.14	250	0.855	-7.903089986991944
233043.913	250	0.86	-7.903089986991944
234265.225	250	0.865	-7.903089986991944
234586.401	250	0.87	-7.903089986991944
235362.966	250	0.875	-7.903089986991944
236399.6	250	0.88	-7.903089986991944
237049.979	250	0.885	-7.903089986991944
237767.238	250	0.89	-7.903089986991944
238523.629	250	0.895	-7.903089986991944
239971.34	250	0.9	-7.903089986991944
241888.513	250	0.905	-7.903089986991944
243006.47	250	0.91	-7.903089986991944
244380.679	250	0.915	-7.903089986991944
246110.303	250	0.92	-7.903089986991944
246592.554	250	0.925	-7.903089986991944
248906.957	250	0.93	-7.903089986991944
250973.917	250	0.935	-7.903089986991944
253519.714	250	0.94	-7.903089986991944
258590.01	250	0.945	-7.903089986991944
263176.286	250	0.95	-7.903089986991944
268015.471	250	0.955	-7.903089986991944
274677.543	250	0.96	-7.903089986991944
279732.919	250	0.965	-7.903089986991944
284793.621	250	0.97	-7.903089986991944
290493.78	250	0.975	-7.903089986991944
300449.943	250	0.98	-7.903089986991944
322455.684	250	0.985	-7.903089986991944
341113.114	250	0.99	-7.903089986991944
357668.388	250	0.995	-7.903089986991944
201892.179	275	0.5	-7.903089986991944
202232.45	275	0.505	-7.903089986991944
202716.438	275	0.51	-7.903089986991944
202959.221	275	0.515	-7.903089986991944
203276.777	275	0.52	-7.903089986991944
203449.82	275	0.525	-7.903089986991944
203740.735	275	0.53	-7.903089986991944
204129.824	275	0.535	-7.903089986991944
204477.143	275	0.54	-7.903089986991944
204911.905	275	0.545	-7.903089986991944
205101.968	275	0.55	-7.903089986991944
205547.486	275	0.555	-7.903089986991944
206272.003	275	0.56	-7.903089986991944
206772.179	275	0.565	-7.903089986991944
207359.436	275	0.57	-7.903089986991944
207652.357	275	0.575	-7.903089986991944
207991.657	275	0.58	-7.903089986991944
208603.714	275	0.585	-7.903089986991944
209075.956	275	0.59	-7.903089986991944
209379.836	275	0.595	-7.903089986991944
209754.043	275	0.6	-7.903089986991944
210219.878	275	0.605	-7.903089986991944
210690.171	275	0.61	-7.903089986991944
210938.112	275	0.615	-7.903089986991944
211261.143	275	0.62	-7.903089986991944
211620.616	275	0.625	-7.903089986991944
212392.922	275	0.63	-7.903089986991944
212526.181	275	0.635	-7.903089986991944
212867.486	275	0.64	-7.903089986991944
213274.956	275	0.645	-7.903089986991944
214046.829	275	0.65	-7.903089986991944
214383.968	275	0.655	-7.903089986991944
214732.086	275	0.66	-7.903089986991944
215148.869	275	0.665	-7.903089986991944
215698.457	275	0.67	-7.903089986991944
215898.429	275	0.675	-7.903089986991944
216599.314	275	0.68	-7.903089986991944
217271.418	275	0.685	-7.903089986991944
217713.656	275	0.69	-7.903089986991944
218132.829	275	0.695	-7.903089986991944
218482.007	275	0.7	-7.903089986991944
218896.735	275	0.705	-7.903089986991944
219135.479	275	0.71	-7.903089986991944
219346.076	275	0.715	-7.903089986991944
219706.857	275	0.72	-7.903089986991944
220304.504	275	0.725	-7.903089986991944
220756.714	275	0.73	-7.903089986991944
221889.89	275	0.735	-7.903089986991944
222468.483	275	0.74	-7.903089986991944
222672.033	275	0.745	-7.903089986991944
223607.764	275	0.75	-7.903089986991944
224178.862	275	0.755	-7.903089986991944
224596.149	275	0.76	-7.903089986991944
225123.728	275	0.765	-7.903089986991944
225417.129	275	0.77	-7.903089986991944
225757.659	275	0.775	-7.903089986991944
226048.892	275	0.78	-7.903089986991944
226656.87	275	0.785	-7.903089986991944
227323.829	275	0.79	-7.903089986991944
227981.714	275	0.795	-7.903089986991944
228563.757	275	0.8	-7.903089986991944
229276.665	275	0.805	-7.903089986991944
230058.942	275	0.81	-7.903089986991944
231014.21	275	0.815	-7.903089986991944
232239.857	275	0.82	-7.903089986991944
232549.761	275	0.825	-7.903089986991944
233574.559	275	0.83	-7.903089986991944
233951.003	275	0.835	-7.903089986991944
234487.557	275	0.84	-7.903089986991944
234969.168	275	0.845	-7.903089986991944
236289.346	275	0.85	-7.903089986991944
237943.211	275	0.855	-7.903089986991944
239283.857	275	0.86	-7.903089986991944
240038.155	275	0.865	-7.903089986991944
240862.843	275	0.87	-7.903089986991944
241209.286	275	0.875	-7.903089986991944
241852.454	275	0.88	-7.903089986991944
244082.641	275	0.885	-7.903089986991944
245127.714	275	0.89	-7.903089986991944
245783.135	275	0.895	-7.903089986991944
247285.436	275	0.9	-7.903089986991944
247755.321	275	0.905	-7.903089986991944
249131.328	275	0.91	-7.903089986991944
251448.321	275	0.915	-7.903089986991944
253385.714	275	0.92	-7.903089986991944
254845.28	275	0.925	-7.903089986991944
257720.329	275	0.93	-7.903089986991944
259902.973	275	0.935	-7.903089986991944
261753.367	275	0.94	-7.903089986991944
263539.19	275	0.945	-7.903089986991944
268551.057	275	0.95	-7.903089986991944
269964.758	275	0.955	-7.903089986991944
273411.029	275	0.96	-7.903089986991944
279901.538	275	0.965	-7.903089986991944
286791.486	275	0.97	-7.903089986991944
291492.071	275	0.975	-7.903089986991944
303579.767	275	0.98	-7.903089986991944
324682.224	275	0.985	-7.903089986991944
357350.286	275	0.99	-7.903089986991944
379896.893	275	0.995	-7.903089986991944
207607.143	300	0.5	-7.903089986991944
207894.81	300	0.505	-7.903089986991944
208139.056	300	0.51	-7.903089986991944
208450.107	300	0.515	-7.903089986991944
209405.52	300	0.52	-7.903089986991944
209638.148	300	0.525	-7.903089986991944
210024.171	300	0.53	-7.903089986991944
210274.091	300	0.535	-7.903089986991944
210690.789	300	0.54	-7.903089986991944
211420.986	300	0.545	-7.903089986991944
211934.032	300	0.55	-7.903089986991944
212371.454	300	0.555	-7.903089986991944
212812.171	300	0.56	-7.903089986991944
213145.86	300	0.565	-7.903089986991944
213491.034	300	0.57	-7.903089986991944
213902.789	300	0.575	-7.903089986991944
214267.971	300	0.58	-7.903089986991944
214370.779	300	0.585	-7.903089986991944
214791.988	300	0.59	-7.903089986991944
215038.99	300	0.595	-7.903089986991944
215400.743	300	0.6	-7.903089986991944
215653.871	300	0.605	-7.903089986991944
216243.376	300	0.61	-7.903089986991944
217057.168	300	0.615	-7.903089986991944
217593.003	300	0.62	-7.903089986991944
218149.223	300	0.625	-7.903089986991944
218527.297	300	0.63	-7.903089986991944
218776.94	300	0.635	-7.903089986991944
219778.329	300	0.64	-7.903089986991944
220025.726	300	0.645	-7.903089986991944
220514.882	300	0.65	-7.903089986991944
220900.717	300	0.655	-7.903089986991944
221096.29	300	0.66	-7.903089986991944
221657.443	300	0.665	-7.903089986991944
221938.452	300	0.67	-7.903089986991944
222719.607	300	0.675	-7.903089986991944
223116.709	300	0.68	-7.903089986991944
223924.816	300	0.685	-7.903089986991944
224954.111	300	0.69	-7.903089986991944
226023.136	300	0.695	-7.903089986991944
226584.429	300	0.7	-7.903089986991944
227069.7	300	0.705	-7.903089986991944
227521.473	300	0.71	-7.903089986991944
227982.029	300	0.715	-7.903089986991944
228537.323	300	0.72	-7.903089986991944
228788.464	300	0.725	-7.903089986991944
229175.733	300	0.73	-7.903089986991944
229678.743	300	0.735	-7.903089986991944
230225.453	300	0.74	-7.903089986991944
230467.743	300	0.745	-7.903089986991944
230751.0	300	0.75	-7.903089986991944
231498.984	300	0.755	-7.903089986991944
231863.714	300	0.76	-7.903089986991944
232862.041	300	0.765	-7.903089986991944
233770.135	300	0.77	-7.903089986991944
234734.073	300	0.775	-7.903089986991944
235080.133	300	0.78	-7.903089986991944
235516.243	300	0.785	-7.903089986991944
236097.692	300	0.79	-7.903089986991944
237015.053	300	0.795	-7.903089986991944
238551.429	300	0.8	-7.903089986991944
239623.971	300	0.805	-7.903089986991944
239926.364	300	0.81	-7.903089986991944
240790.95	300	0.815	-7.903089986991944
241661.836	300	0.82	-7.903089986991944
242579.821	300	0.825	-7.903089986991944
243918.17	300	0.83	-7.903089986991944
244600.624	300	0.835	-7.903089986991944
245282.686	300	0.84	-7.903089986991944
246725.751	300	0.845	-7.903089986991944
247897.786	300	0.85	-7.903089986991944
248459.071	300	0.855	-7.903089986991944
249599.247	300	0.86	-7.903089986991944
250677.834	300	0.865	-7.903089986991944
251324.881	300	0.87	-7.903089986991944
252259.357	300	0.875	-7.903089986991944
254167.437	300	0.88	-7.903089986991944
255135.213	300	0.885	-7.903089986991944
257298.971	300	0.89	-7.903089986991944
258863.236	300	0.895	-7.903089986991944
260673.493	300	0.9	-7.903089986991944
261872.743	300	0.905	-7.903089986991944
262986.464	300	0.91	-7.903089986991944
265426.307	300	0.915	-7.903089986991944
268067.397	300	0.92	-7.903089986991944
269894.045	300	0.925	-7.903089986991944
271307.919	300	0.93	-7.903089986991944
273638.964	300	0.935	-7.903089986991944
275538.724	300	0.94	-7.903089986991944
277397.371	300	0.945	-7.903089986991944
279878.143	300	0.95	-7.903089986991944
282157.314	300	0.955	-7.903089986991944
288602.923	300	0.96	-7.903089986991944
290906.031	300	0.965	-7.903089986991944
293617.769	300	0.97	-7.903089986991944
304734.5	300	0.975	-7.903089986991944
312826.807	300	0.98	-7.903089986991944
324992.119	300	0.985	-7.903089986991944
350356.999	300	0.99	-7.903089986991944
381988.264	300	0.995	-7.903089986991944
211878.929	325	0.5	-7.903089986991944
212203.085	325	0.505	-7.903089986991944
212550.706	325	0.51	-7.903089986991944
213036.157	325	0.515	-7.903089986991944
213467.645	325	0.52	-7.903089986991944
214199.684	325	0.525	-7.903089986991944
214586.935	325	0.53	-7.903089986991944
215003.841	325	0.535	-7.903089986991944
215495.73	325	0.54	-7.903089986991944
216416.322	325	0.545	-7.903089986991944
217001.904	325	0.55	-7.903089986991944
217814.35	325	0.555	-7.903089986991944
218232.057	325	0.56	-7.903089986991944
218802.125	325	0.565	-7.903089986991944
219076.016	325	0.57	-7.903089986991944
219537.771	325	0.575	-7.903089986991944
219853.743	325	0.58	-7.903089986991944
220677.242	325	0.585	-7.903089986991944
221296.5	325	0.59	-7.903089986991944
221955.057	325	0.595	-7.903089986991944
222422.624	325	0.6	-7.903089986991944
223214.995	325	0.605	-7.903089986991944
223643.679	325	0.61	-7.903089986991944
224006.224	325	0.615	-7.903089986991944
224486.409	325	0.62	-7.903089986991944
224690.536	325	0.625	-7.903089986991944
225335.814	325	0.63	-7.903089986991944
225762.131	325	0.635	-7.903089986991944
226365.04	325	0.64	-7.903089986991944
226778.122	325	0.645	-7.903089986991944
227309.786	325	0.65	-7.903089986991944
227755.298	325	0.655	-7.903089986991944
228411.357	325	0.66	-7.903089986991944
228693.999	325	0.665	-7.903089986991944
229399.376	325	0.67	-7.903089986991944
229673.559	325	0.675	-7.903089986991944
230347.574	325	0.68	-7.903089986991944
230639.229	325	0.685	-7.903089986991944
231248.221	325	0.69	-7.903089986991944
232290.571	325	0.695	-7.903089986991944
232872.286	325	0.7	-7.903089986991944
233352.643	325	0.705	-7.903089986991944
235003.743	325	0.71	-7.903089986991944
236012.22	325	0.715	-7.903089986991944
236577.034	325	0.72	-7.903089986991944
237311.195	325	0.725	-7.903089986991944
237611.943	325	0.73	-7.903089986991944
238430.604	325	0.735	-7.903089986991944
238867.477	325	0.74	-7.903089986991944
239620.646	325	0.745	-7.903089986991944
239922.857	325	0.75	-7.903089986991944
240143.627	325	0.755	-7.903089986991944
241131.314	325	0.76	-7.903089986991944
242089.257	325	0.765	-7.903089986991944
242868.357	325	0.77	-7.903089986991944
243350.163	325	0.775	-7.903089986991944
243820.351	325	0.78	-7.903089986991944
244696.087	325	0.785	-7.903089986991944
245370.314	325	0.79	-7.903089986991944
245700.914	325	0.795	-7.903089986991944
246568.229	325	0.8	-7.903089986991944
247450.09	325	0.805	-7.903089986991944
248259.274	325	0.81	-7.903089986991944
249361.169	325	0.815	-7.903089986991944
250037.114	325	0.82	-7.903089986991944
251158.179	325	0.825	-7.903089986991944
252289.114	325	0.83	-7.903089986991944
253391.498	325	0.835	-7.903089986991944
254277.995	325	0.84	-7.903089986991944
255164.991	325	0.845	-7.903089986991944
256761.318	325	0.85	-7.903089986991944
257652.032	325	0.855	-7.903089986991944
258314.171	325	0.86	-7.903089986991944
259621.524	325	0.865	-7.903089986991944
261069.729	325	0.87	-7.903089986991944
261762.732	325	0.875	-7.903089986991944
262455.149	325	0.88	-7.903089986991944
263089.814	325	0.885	-7.903089986991944
264571.257	325	0.89	-7.903089986991944
266438.4	325	0.895	-7.903089986991944
267283.571	325	0.9	-7.903089986991944
268135.395	325	0.905	-7.903089986991944
273305.065	325	0.91	-7.903089986991944
274861.207	325	0.915	-7.903089986991944
277844.914	325	0.92	-7.903089986991944
279189.348	325	0.925	-7.903089986991944
280957.41	325	0.93	-7.903089986991944
284166.293	325	0.935	-7.903089986991944
286978.571	325	0.94	-7.903089986991944
288999.149	325	0.945	-7.903089986991944
291976.932	325	0.95	-7.903089986991944
295192.704	325	0.955	-7.903089986991944
307520.263	325	0.96	-7.903089986991944
309254.958	325	0.965	-7.903089986991944
313184.773	325	0.97	-7.903089986991944
324693.536	325	0.975	-7.903089986991944
332334.571	325	0.98	-7.903089986991944
362447.65	325	0.985	-7.903089986991944
387292.471	325	0.99	-7.903089986991944
423699.762	325	0.995	-7.903089986991944
220940.0	350	0.5	-7.903089986991944
221269.164	350	0.505	-7.903089986991944
221561.232	350	0.51	-7.903089986991944
222201.191	350	0.515	-7.903089986991944
222574.571	350	0.52	-7.903089986991944
222895.859	350	0.525	-7.903089986991944
223472.232	350	0.53	-7.903089986991944
223750.593	350	0.535	-7.903089986991944
224268.48	350	0.54	-7.903089986991944
224927.85	350	0.545	-7.903089986991944
225216.199	350	0.55	-7.903089986991944
225505.761	350	0.555	-7.903089986991944
225832.92	350	0.56	-7.903089986991944
226356.779	350	0.565	-7.903089986991944
226544.5	350	0.57	-7.903089986991944
226897.975	350	0.575	-7.903089986991944
227533.397	350	0.58	-7.903089986991944
228396.406	350	0.585	-7.903089986991944
228787.966	350	0.59	-7.903089986991944
229433.915	350	0.595	-7.903089986991944
229802.357	350	0.6	-7.903089986991944
230337.037	350	0.605	-7.903089986991944
230723.6	350	0.61	-7.903089986991944
230981.471	350	0.615	-7.903089986991944
231161.42	350	0.62	-7.903089986991944
231440.491	350	0.625	-7.903089986991944
231748.231	350	0.63	-7.903089986991944
232134.666	350	0.635	-7.903089986991944
232530.983	350	0.64	-7.903089986991944
232834.202	350	0.645	-7.903089986991944
233477.514	350	0.65	-7.903089986991944
234318.61	350	0.655	-7.903089986991944
234650.533	350	0.66	-7.903089986991944
235008.026	350	0.665	-7.903089986991944
235332.614	350	0.67	-7.903089986991944
236059.166	350	0.675	-7.903089986991944
236754.171	350	0.68	-7.903089986991944
237233.521	350	0.685	-7.903089986991944
237972.021	350	0.69	-7.903089986991944
238390.15	350	0.695	-7.903089986991944
238896.836	350	0.7	-7.903089986991944
239370.536	350	0.705	-7.903089986991944
239673.829	350	0.71	-7.903089986991944
240580.883	350	0.715	-7.903089986991944
240956.286	350	0.72	-7.903089986991944
242118.675	350	0.725	-7.903089986991944
243573.343	350	0.73	-7.903089986991944
243969.833	350	0.735	-7.903089986991944
244449.26	350	0.74	-7.903089986991944
244914.025	350	0.745	-7.903089986991944
245696.071	350	0.75	-7.903089986991944
246121.26	350	0.755	-7.903089986991944
246761.42	350	0.76	-7.903089986991944
247145.098	350	0.765	-7.903089986991944
247564.1	350	0.77	-7.903089986991944
247959.964	350	0.775	-7.903089986991944
248447.574	350	0.78	-7.903089986991944
249069.662	350	0.785	-7.903089986991944
250405.912	350	0.79	-7.903089986991944
251163.55	350	0.795	-7.903089986991944
252501.0	350	0.8	-7.903089986991944
253256.649	350	0.805	-7.903089986991944
254089.671	350	0.81	-7.903089986991944
254910.187	350	0.815	-7.903089986991944
255373.441	350	0.82	-7.903089986991944
256217.429	350	0.825	-7.903089986991944
257265.853	350	0.83	-7.903089986991944
257595.779	350	0.835	-7.903089986991944
258732.571	350	0.84	-7.903089986991944
259717.0	350	0.845	-7.903089986991944
260628.246	350	0.85	-7.903089986991944
262002.471	350	0.855	-7.903089986991944
262956.6	350	0.86	-7.903089986991944
263566.962	350	0.865	-7.903089986991944
264481.257	350	0.87	-7.903089986991944
265702.446	350	0.875	-7.903089986991944
267009.434	350	0.88	-7.903089986991944
268690.5	350	0.885	-7.903089986991944
270316.708	350	0.89	-7.903089986991944
271982.935	350	0.895	-7.903089986991944
272969.3	350	0.9	-7.903089986991944
274819.279	350	0.905	-7.903089986991944
276426.129	350	0.91	-7.903089986991944
278331.757	350	0.915	-7.903089986991944
281162.963	350	0.92	-7.903089986991944
283556.893	350	0.925	-7.903089986991944
287157.63	350	0.93	-7.903089986991944
290692.338	350	0.935	-7.903089986991944
294176.114	350	0.94	-7.903089986991944
296949.19	350	0.945	-7.903089986991944
300716.357	350	0.95	-7.903089986991944
302492.364	350	0.955	-7.903089986991944
307094.571	350	0.96	-7.903089986991944
310739.487	350	0.965	-7.903089986991944
311814.796	350	0.97	-7.903089986991944
314499.107	350	0.975	-7.903089986991944
327056.371	350	0.98	-7.903089986991944
338812.778	350	0.985	-7.903089986991944
354939.701	350	0.99	-7.903089986991944
375383.564	350	0.995	-7.903089986991944
227124.286	375	0.5	-7.903089986991944
227520.493	375	0.505	-7.903089986991944
227871.821	375	0.51	-7.903089986991944
228213.202	375	0.515	-7.903089986991944
228421.2	375	0.52	-7.903089986991944
229070.311	375	0.525	-7.903089986991944
230058.743	375	0.53	-7.903089986991944
230494.844	375	0.535	-7.903089986991944
231182.581	375	0.54	-7.903089986991944
231758.986	375	0.545	-7.903089986991944
231985.664	375	0.55	-7.903089986991944
232339.843	375	0.555	-7.903089986991944
232583.011	375	0.56	-7.903089986991944
233020.779	375	0.565	-7.903089986991944
233246.486	375	0.57	-7.903089986991944
233966.077	375	0.575	-7.903089986991944
234373.414	375	0.58	-7.903089986991944
234628.985	375	0.585	-7.903089986991944
235715.814	375	0.59	-7.903089986991944
236241.015	375	0.595	-7.903089986991944
236754.414	375	0.6	-7.903089986991944
237304.564	375	0.605	-7.903089986991944
237557.085	375	0.61	-7.903089986991944
237772.55	375	0.615	-7.903089986991944
238154.629	375	0.62	-7.903089986991944
238998.884	375	0.625	-7.903089986991944
239574.241	375	0.63	-7.903089986991944
239914.508	375	0.635	-7.903089986991944
240068.983	375	0.64	-7.903089986991944
240221.614	375	0.645	-7.903089986991944
240449.296	375	0.65	-7.903089986991944
241085.307	375	0.655	-7.903089986991944
241584.2	375	0.66	-7.903089986991944
241777.65	375	0.665	-7.903089986991944
242017.929	375	0.67	-7.903089986991944
242867.857	375	0.675	-7.903089986991944
243494.229	375	0.68	-7.903089986991944
243974.657	375	0.685	-7.903089986991944
244212.342	375	0.69	-7.903089986991944
244872.912	375	0.695	-7.903089986991944
245429.043	375	0.7	-7.903089986991944
246251.163	375	0.705	-7.903089986991944
246871.859	375	0.71	-7.903089986991944
247302.558	375	0.715	-7.903089986991944
247442.057	375	0.72	-7.903089986991944
248372.893	375	0.725	-7.903089986991944
249087.922	375	0.73	-7.903089986991944
249527.042	375	0.735	-7.903089986991944
250943.367	375	0.74	-7.903089986991944
251444.6	375	0.745	-7.903089986991944
252096.429	375	0.75	-7.903089986991944
252545.658	375	0.755	-7.903089986991944
253102.343	375	0.76	-7.903089986991944
254350.66	375	0.765	-7.903089986991944
254842.102	375	0.77	-7.903089986991944
255145.023	375	0.775	-7.903089986991944
255562.213	375	0.78	-7.903089986991944
256702.036	375	0.785	-7.903089986991944
257654.67	375	0.79	-7.903089986991944
258763.008	375	0.795	-7.903089986991944
259771.357	375	0.8	-7.903089986991944
260620.207	375	0.805	-7.903089986991944
261254.771	375	0.81	-7.903089986991944
262241.264	375	0.815	-7.903089986991944
263242.753	375	0.82	-7.903089986991944
264411.023	375	0.825	-7.903089986991944
264774.371	375	0.83	-7.903089986991944
266983.574	375	0.835	-7.903089986991944
267974.457	375	0.84	-7.903089986991944
268614.543	375	0.845	-7.903089986991944
269469.65	375	0.85	-7.903089986991944
270456.051	375	0.855	-7.903089986991944
271808.057	375	0.86	-7.903089986991944
273383.481	375	0.865	-7.903089986991944
273954.676	375	0.87	-7.903089986991944
274487.321	375	0.875	-7.903089986991944
276626.686	375	0.88	-7.903089986991944
278763.229	375	0.885	-7.903089986991944
279905.188	375	0.89	-7.903089986991944
281694.401	375	0.895	-7.903089986991944
283259.721	375	0.9	-7.903089986991944
285591.164	375	0.905	-7.903089986991944
289946.108	375	0.91	-7.903089986991944
293592.484	375	0.915	-7.903089986991944
295168.705	375	0.92	-7.903089986991944
297437.566	375	0.925	-7.903089986991944
298977.282	375	0.93	-7.903089986991944
302083.514	375	0.935	-7.903089986991944
304139.429	375	0.94	-7.903089986991944
310697.152	375	0.945	-7.903089986991944
317003.359	375	0.95	-7.903089986991944
325154.7	375	0.955	-7.903089986991944
327555.6	375	0.96	-7.903089986991944
333446.529	375	0.965	-7.903089986991944
336029.065	375	0.97	-7.903089986991944
342743.286	375	0.975	-7.903089986991944
350223.259	375	0.98	-7.903089986991944
372171.946	375	0.985	-7.903089986991944
394252.482	375	0.99	-7.903089986991944
410706.596	375	0.995	-7.903089986991944
235241.714	400	0.5	-7.903089986991944
235518.371	400	0.505	-7.903089986991944
235653.129	400	0.51	-7.903089986991944
235789.51	400	0.515	-7.903089986991944
236388.149	400	0.52	-7.903089986991944
237063.786	400	0.525	-7.903089986991944
237296.014	400	0.53	-7.903089986991944
237527.121	400	0.535	-7.903089986991944
238113.117	400	0.54	-7.903089986991944
238369.911	400	0.545	-7.903089986991944
238620.504	400	0.55	-7.903089986991944
238999.948	400	0.555	-7.903089986991944
239431.954	400	0.56	-7.903089986991944
239788.181	400	0.565	-7.903089986991944
240590.435	400	0.57	-7.903089986991944
240837.827	400	0.575	-7.903089986991944
241012.371	400	0.58	-7.903089986991944
241402.929	400	0.585	-7.903089986991944
241719.029	400	0.59	-7.903089986991944
242313.171	400	0.595	-7.903089986991944
242893.686	400	0.6	-7.903089986991944
243358.086	400	0.605	-7.903089986991944
243820.427	400	0.61	-7.903089986991944
244070.513	400	0.615	-7.903089986991944
244397.647	400	0.62	-7.903089986991944
244934.321	400	0.625	-7.903089986991944
245324.973	400	0.63	-7.903089986991944
245662.74	400	0.635	-7.903089986991944
246175.286	400	0.64	-7.903089986991944
246425.399	400	0.645	-7.903089986991944
247113.286	400	0.65	-7.903089986991944
247839.953	400	0.655	-7.903089986991944
248426.553	400	0.66	-7.903089986991944
249079.643	400	0.665	-7.903089986991944
249299.643	400	0.67	-7.903089986991944
250107.857	400	0.675	-7.903089986991944
250918.123	400	0.68	-7.903089986991944
251427.436	400	0.685	-7.903089986991944
252044.214	400	0.69	-7.903089986991944
252598.014	400	0.695	-7.903089986991944
252830.286	400	0.7	-7.903089986991944
253189.504	400	0.705	-7.903089986991944
253629.944	400	0.71	-7.903089986991944
254386.644	400	0.715	-7.903089986991944
254769.583	400	0.72	-7.903089986991944
255848.107	400	0.725	-7.903089986991944
256705.771	400	0.73	-7.903089986991944
257017.398	400	0.735	-7.903089986991944
257609.341	400	0.74	-7.903089986991944
258145.864	400	0.745	-7.903089986991944
258910.804	400	0.75	-7.903089986991944
259680.85	400	0.755	-7.903089986991944
259994.874	400	0.76	-7.903089986991944
260491.18	400	0.765	-7.903089986991944
260911.271	400	0.77	-7.903089986991944
261196.364	400	0.775	-7.903089986991944
261638.514	400	0.78	-7.903089986991944
262397.157	400	0.785	-7.903089986991944
263088.804	400	0.79	-7.903089986991944
263980.928	400	0.795	-7.903089986991944
264989.414	400	0.8	-7.903089986991944
265824.957	400	0.805	-7.903089986991944
266550.485	400	0.81	-7.903089986991944
267156.029	400	0.815	-7.903089986991944
268413.03	400	0.82	-7.903089986991944
269001.073	400	0.825	-7.903089986991944
269819.129	400	0.83	-7.903089986991944
270547.631	400	0.835	-7.903089986991944
271587.84	400	0.84	-7.903089986991944
271924.529	400	0.845	-7.903089986991944
272493.932	400	0.85	-7.903089986991944
273676.539	400	0.855	-7.903089986991944
274714.457	400	0.86	-7.903089986991944
276097.271	400	0.865	-7.903089986991944
276700.024	400	0.87	-7.903089986991944
277136.491	400	0.875	-7.903089986991944
278595.631	400	0.88	-7.903089986991944
280200.721	400	0.885	-7.903089986991944
282408.664	400	0.89	-7.903089986991944
284309.143	400	0.895	-7.903089986991944
285377.793	400	0.9	-7.903089986991944
287155.343	400	0.905	-7.903089986991944
289228.121	400	0.91	-7.903089986991944
292497.049	400	0.915	-7.903089986991944
294256.694	400	0.92	-7.903089986991944
299501.893	400	0.925	-7.903089986991944
300670.636	400	0.93	-7.903089986991944
303384.945	400	0.935	-7.903089986991944
309704.143	400	0.94	-7.903089986991944
315246.325	400	0.945	-7.903089986991944
316938.696	400	0.95	-7.903089986991944
319102.714	400	0.955	-7.903089986991944
326325.543	400	0.96	-7.903089986991944
336471.079	400	0.965	-7.903089986991944
344982.757	400	0.97	-7.903089986991944
352309.452	400	0.975	-7.903089986991944
359175.203	400	0.98	-7.903089986991944
367072.664	400	0.985	-7.903089986991944
407638.4	400	0.99	-7.903089986991944
487410.658	400	0.995	-7.903089986991944
237560.75	425	0.5	-7.903089986991944
238172.643	425	0.505	-7.903089986991944
238470.336	425	0.51	-7.903089986991944
238787.014	425	0.515	-7.903089986991944
239607.886	425	0.52	-7.903089986991944
240289.93	425	0.525	-7.903089986991944
240781.686	425	0.53	-7.903089986991944
241131.295	425	0.535	-7.903089986991944
241355.239	425	0.54	-7.903089986991944
241592.153	425	0.545	-7.903089986991944
242056.604	425	0.55	-7.903089986991944
242661.44	425	0.555	-7.903089986991944
243230.494	425	0.56	-7.903089986991944
243684.921	425	0.565	-7.903089986991944
243912.837	425	0.57	-7.903089986991944
244627.536	425	0.575	-7.903089986991944
245627.14	425	0.58	-7.903089986991944
245822.743	425	0.585	-7.903089986991944
246148.456	425	0.59	-7.903089986991944
246805.744	425	0.595	-7.903089986991944
247454.857	425	0.6	-7.903089986991944
247770.486	425	0.605	-7.903089986991944
248078.53	425	0.61	-7.903089986991944
248308.648	425	0.615	-7.903089986991944
248732.688	425	0.62	-7.903089986991944
249270.357	425	0.625	-7.903089986991944
249644.914	425	0.63	-7.903089986991944
249910.721	425	0.635	-7.903089986991944
250430.88	425	0.64	-7.903089986991944
251124.19	425	0.645	-7.903089986991944
251839.325	425	0.65	-7.903089986991944
252367.218	425	0.655	-7.903089986991944
252771.4	425	0.66	-7.903089986991944
253406.426	425	0.665	-7.903089986991944
253726.65	425	0.67	-7.903089986991944
254460.786	425	0.675	-7.903089986991944
255007.409	425	0.68	-7.903089986991944
255679.07	425	0.685	-7.903089986991944
255994.357	425	0.69	-7.903089986991944
256790.579	425	0.695	-7.903089986991944
257395.3	425	0.7	-7.903089986991944
258054.479	425	0.705	-7.903089986991944
258764.971	425	0.71	-7.903089986991944
259150.625	425	0.715	-7.903089986991944
259825.197	425	0.72	-7.903089986991944
260527.821	425	0.725	-7.903089986991944
260858.363	425	0.73	-7.903089986991944
261445.5	425	0.735	-7.903089986991944
262157.447	425	0.74	-7.903089986991944
262557.592	425	0.745	-7.903089986991944
263057.143	425	0.75	-7.903089986991944
264063.007	425	0.755	-7.903089986991944
264521.06	425	0.76	-7.903089986991944
265239.102	425	0.765	-7.903089986991944
265648.792	425	0.77	-7.903089986991944
266520.295	425	0.775	-7.903089986991944
267033.517	425	0.78	-7.903089986991944
267602.193	425	0.785	-7.903089986991944
268744.964	425	0.79	-7.903089986991944
269538.492	425	0.795	-7.903089986991944
270667.129	425	0.8	-7.903089986991944
271221.479	425	0.805	-7.903089986991944
272053.801	425	0.81	-7.903089986991944
273263.636	425	0.815	-7.903089986991944
273948.857	425	0.82	-7.903089986991944
274390.0	425	0.825	-7.903089986991944
275003.596	425	0.83	-7.903089986991944
276014.611	425	0.835	-7.903089986991944
277030.057	425	0.84	-7.903089986991944
277865.513	425	0.845	-7.903089986991944
278389.857	425	0.85	-7.903089986991944
279192.139	425	0.855	-7.903089986991944
280915.319	425	0.86	-7.903089986991944
282163.895	425	0.865	-7.903089986991944
284454.354	425	0.87	-7.903089986991944
286940.616	425	0.875	-7.903089986991944
288653.209	425	0.88	-7.903089986991944
290508.986	425	0.885	-7.903089986991944
292701.514	425	0.89	-7.903089986991944
294483.629	425	0.895	-7.903089986991944
296911.45	425	0.9	-7.903089986991944
298480.664	425	0.905	-7.903089986991944
299936.943	425	0.91	-7.903089986991944
303463.961	425	0.915	-7.903089986991944
305814.4	425	0.92	-7.903089986991944
309458.25	425	0.925	-7.903089986991944
311241.457	425	0.93	-7.903089986991944
314637.724	425	0.935	-7.903089986991944
316977.8	425	0.94	-7.903089986991944
323558.819	425	0.945	-7.903089986991944
328188.721	425	0.95	-7.903089986991944
331750.951	425	0.955	-7.903089986991944
336663.806	425	0.96	-7.903089986991944
340728.504	425	0.965	-7.903089986991944
351151.602	425	0.97	-7.903089986991944
356179.205	425	0.975	-7.903089986991944
373051.0	425	0.98	-7.903089986991944
384952.867	425	0.985	-7.903089986991944
400752.869	425	0.99	-7.903089986991944
467403.229	425	0.995	-7.903089986991944
246520.75	450	0.5	-7.903089986991944
247145.86	450	0.505	-7.903089986991944
247601.516	450	0.51	-7.903089986991944
247969.738	450	0.515	-7.903089986991944
248263.969	450	0.52	-7.903089986991944
248491.034	450	0.525	-7.903089986991944
248917.763	450	0.53	-7.903089986991944
249414.95	450	0.535	-7.903089986991944
249864.886	450	0.54	-7.903089986991944
250241.175	450	0.545	-7.903089986991944
250752.746	450	0.55	-7.903089986991944
251161.325	450	0.555	-7.903089986991944
252042.686	450	0.56	-7.903089986991944
252298.367	450	0.565	-7.903089986991944
253540.182	450	0.57	-7.903089986991944
253676.138	450	0.575	-7.903089986991944
254242.93	450	0.58	-7.903089986991944
254845.344	450	0.585	-7.903089986991944
255178.644	450	0.59	-7.903089986991944
255583.665	450	0.595	-7.903089986991944
255979.129	450	0.6	-7.903089986991944
256584.821	450	0.605	-7.903089986991944
256904.029	450	0.61	-7.903089986991944
257274.88	450	0.615	-7.903089986991944
258019.673	450	0.62	-7.903089986991944
258345.0	450	0.625	-7.903089986991944
258998.506	450	0.63	-7.903089986991944
259450.905	450	0.635	-7.903089986991944
259740.302	450	0.64	-7.903089986991944
259906.515	450	0.645	-7.903089986991944
260392.0	450	0.65	-7.903089986991944
260737.347	450	0.655	-7.903089986991944
261005.284	450	0.66	-7.903089986991944
261368.874	450	0.665	-7.903089986991944
262180.414	450	0.67	-7.903089986991944
262888.559	450	0.675	-7.903089986991944
263216.229	450	0.68	-7.903089986991944
263579.234	450	0.685	-7.903089986991944
264128.668	450	0.69	-7.903089986991944
264323.192	450	0.695	-7.903089986991944
264587.121	450	0.7	-7.903089986991944
265119.785	450	0.705	-7.903089986991944
265503.504	450	0.71	-7.903089986991944
266759.571	450	0.715	-7.903089986991944
267521.029	450	0.72	-7.903089986991944
268278.821	450	0.725	-7.903089986991944
269636.619	450	0.73	-7.903089986991944
269882.05	450	0.735	-7.903089986991944
270289.143	450	0.74	-7.903089986991944
271556.864	450	0.745	-7.903089986991944
272026.429	450	0.75	-7.903089986991944
272727.586	450	0.755	-7.903089986991944
274122.817	450	0.76	-7.903089986991944
274982.707	450	0.765	-7.903089986991944
276014.646	450	0.77	-7.903089986991944
276730.023	450	0.775	-7.903089986991944
278390.383	450	0.78	-7.903089986991944
279046.28	450	0.785	-7.903089986991944
279680.328	450	0.79	-7.903089986991944
280487.718	450	0.795	-7.903089986991944
281623.771	450	0.8	-7.903089986991944
284322.493	450	0.805	-7.903089986991944
285772.386	450	0.81	-7.903089986991944
286746.369	450	0.815	-7.903089986991944
287386.299	450	0.82	-7.903089986991944
288285.888	450	0.825	-7.903089986991944
289240.217	450	0.83	-7.903089986991944
289921.814	450	0.835	-7.903089986991944
291415.2	450	0.84	-7.903089986991944
292329.116	450	0.845	-7.903089986991944
293577.811	450	0.85	-7.903089986991944
295220.182	450	0.855	-7.903089986991944
296663.057	450	0.86	-7.903089986991944
297647.581	450	0.865	-7.903089986991944
300049.614	450	0.87	-7.903089986991944
301503.679	450	0.875	-7.903089986991944
302989.486	450	0.88	-7.903089986991944
304677.259	450	0.885	-7.903089986991944
306164.057	450	0.89	-7.903089986991944
307166.285	450	0.895	-7.903089986991944
308094.429	450	0.9	-7.903089986991944
309232.265	450	0.905	-7.903089986991944
310501.879	450	0.91	-7.903089986991944
311504.308	450	0.915	-7.903089986991944
314522.594	450	0.92	-7.903089986991944
319940.0	450	0.925	-7.903089986991944
321975.229	450	0.93	-7.903089986991944
325539.843	450	0.935	-7.903089986991944
329652.174	450	0.94	-7.903089986991944
339601.414	450	0.945	-7.903089986991944
344127.993	450	0.95	-7.903089986991944
350689.829	450	0.955	-7.903089986991944
354873.943	450	0.96	-7.903089986991944
364757.343	450	0.965	-7.903089986991944
379034.069	450	0.97	-7.903089986991944
393822.107	450	0.975	-7.903089986991944
403895.34	450	0.98	-7.903089986991944
420266.124	450	0.985	-7.903089986991944
435713.329	450	0.99	-7.903089986991944
466703.962	450	0.995	-7.903089986991944
