S*_score	SNP_num	quantile	log(local_recomb_rate)
136926.0	25	0.5	-7.903089986991944
137331.646	25	0.505	-7.903089986991944
137765.458	25	0.51	-7.903089986991944
138313.438	25	0.515	-7.903089986991944
138756.0	25	0.52	-7.903089986991944
139578.667	25	0.525	-7.903089986991944
139923.571	25	0.53	-7.903089986991944
140129.098	25	0.535	-7.903089986991944
140485.214	25	0.54	-7.903089986991944
141100.673	25	0.545	-7.903089986991944
141685.167	25	0.55	-7.903089986991944
142364.875	25	0.555	-7.903089986991944
142641.286	25	0.56	-7.903089986991944
142987.5	25	0.565	-7.903089986991944
143994.588	25	0.57	-7.903089986991944
144503.095	25	0.575	-7.903089986991944
145255.714	25	0.58	-7.903089986991944
145795.938	25	0.585	-7.903089986991944
145903.51	25	0.59	-7.903089986991944
146404.635	25	0.595	-7.903089986991944
146907.143	25	0.6	-7.903089986991944
147512.5	25	0.605	-7.903089986991944
148106.25	25	0.61	-7.903089986991944
148868.208	25	0.615	-7.903089986991944
149378.75	25	0.62	-7.903089986991944
149714.167	25	0.625	-7.903089986991944
150033.036	25	0.63	-7.903089986991944
150385.014	25	0.635	-7.903089986991944
150924.2	25	0.64	-7.903089986991944
151449.808	25	0.645	-7.903089986991944
151782.111	25	0.65	-7.903089986991944
152535.07	25	0.655	-7.903089986991944
152906.538	25	0.66	-7.903089986991944
153377.048	25	0.665	-7.903089986991944
153516.515	25	0.67	-7.903089986991944
154104.302	25	0.675	-7.903089986991944
154614.286	25	0.68	-7.903089986991944
155626.208	25	0.685	-7.903089986991944
156588.214	25	0.69	-7.903089986991944
156796.223	25	0.695	-7.903089986991944
157328.214	25	0.7	-7.903089986991944
158078.75	25	0.705	-7.903089986991944
158647.137	25	0.71	-7.903089986991944
159132.846	25	0.715	-7.903089986991944
159544.615	25	0.72	-7.903089986991944
160368.791	25	0.725	-7.903089986991944
160960.893	25	0.73	-7.903089986991944
161679.708	25	0.735	-7.903089986991944
162271.019	25	0.74	-7.903089986991944
163345.797	25	0.745	-7.903089986991944
164012.893	25	0.75	-7.903089986991944
164852.523	25	0.755	-7.903089986991944
165714.4	25	0.76	-7.903089986991944
166587.103	25	0.765	-7.903089986991944
166938.571	25	0.77	-7.903089986991944
167852.232	25	0.775	-7.903089986991944
168534.286	25	0.78	-7.903089986991944
169056.048	25	0.785	-7.903089986991944
170683.393	25	0.79	-7.903089986991944
171518.938	25	0.795	-7.903089986991944
171895.385	25	0.8	-7.903089986991944
172301.964	25	0.805	-7.903089986991944
173038.67	25	0.81	-7.903089986991944
173460.714	25	0.815	-7.903089986991944
173986.786	25	0.82	-7.903089986991944
174778.571	25	0.825	-7.903089986991944
175307.225	25	0.83	-7.903089986991944
176236.091	25	0.835	-7.903089986991944
177428.429	25	0.84	-7.903089986991944
177973.562	25	0.845	-7.903089986991944
179039.884	25	0.85	-7.903089986991944
179517.487	25	0.855	-7.903089986991944
179999.231	25	0.86	-7.903089986991944
180548.125	25	0.865	-7.903089986991944
181451.214	25	0.87	-7.903089986991944
182271.188	25	0.875	-7.903089986991944
184262.929	25	0.88	-7.903089986991944
185616.923	25	0.885	-7.903089986991944
187453.077	25	0.89	-7.903089986991944
188073.946	25	0.895	-7.903089986991944
189051.429	25	0.9	-7.903089986991944
190220.045	25	0.905	-7.903089986991944
190789.643	25	0.91	-7.903089986991944
191749.741	25	0.915	-7.903089986991944
193339.231	25	0.92	-7.903089986991944
195260.357	25	0.925	-7.903089986991944
196332.214	25	0.93	-7.903089986991944
197059.348	25	0.935	-7.903089986991944
197673.872	25	0.94	-7.903089986991944
199527.321	25	0.945	-7.903089986991944
201781.429	25	0.95	-7.903089986991944
204435.764	25	0.955	-7.903089986991944
207252.857	25	0.96	-7.903089986991944
208784.589	25	0.965	-7.903089986991944
210603.661	25	0.97	-7.903089986991944
213767.5	25	0.975	-7.903089986991944
219731.508	25	0.98	-7.903089986991944
221878.036	25	0.985	-7.903089986991944
226340.0	25	0.99	-7.903089986991944
234329.88	25	0.995	-7.903089986991944
182700.036	50	0.5	-7.903089986991944
182921.432	50	0.505	-7.903089986991944
183279.771	50	0.51	-7.903089986991944
183845.405	50	0.515	-7.903089986991944
184253.143	50	0.52	-7.903089986991944
184823.114	50	0.525	-7.903089986991944
185027.071	50	0.53	-7.903089986991944
185368.536	50	0.535	-7.903089986991944
185665.55	50	0.54	-7.903089986991944
186075.802	50	0.545	-7.903089986991944
186637.5	50	0.55	-7.903089986991944
187336.016	50	0.555	-7.903089986991944
187729.986	50	0.56	-7.903089986991944
188276.404	50	0.565	-7.903089986991944
188568.011	50	0.57	-7.903089986991944
189005.631	50	0.575	-7.903089986991944
189494.176	50	0.58	-7.903089986991944
189865.464	50	0.585	-7.903089986991944
190568.314	50	0.59	-7.903089986991944
190790.141	50	0.595	-7.903089986991944
191546.0	50	0.6	-7.903089986991944
191955.071	50	0.605	-7.903089986991944
192795.44	50	0.61	-7.903089986991944
193475.441	50	0.615	-7.903089986991944
193711.555	50	0.62	-7.903089986991944
194425.714	50	0.625	-7.903089986991944
194867.004	50	0.63	-7.903089986991944
195266.75	50	0.635	-7.903089986991944
196275.657	50	0.64	-7.903089986991944
196798.638	50	0.645	-7.903089986991944
197548.214	50	0.65	-7.903089986991944
198697.5	50	0.655	-7.903089986991944
199322.664	50	0.66	-7.903089986991944
199743.755	50	0.665	-7.903089986991944
200348.128	50	0.67	-7.903089986991944
200813.714	50	0.675	-7.903089986991944
201702.286	50	0.68	-7.903089986991944
202027.071	50	0.685	-7.903089986991944
202489.369	50	0.69	-7.903089986991944
203150.054	50	0.695	-7.903089986991944
203513.679	50	0.7	-7.903089986991944
203943.784	50	0.705	-7.903089986991944
204284.857	50	0.71	-7.903089986991944
204761.036	50	0.715	-7.903089986991944
205114.386	50	0.72	-7.903089986991944
205657.165	50	0.725	-7.903089986991944
206212.121	50	0.73	-7.903089986991944
206863.893	50	0.735	-7.903089986991944
208471.19	50	0.74	-7.903089986991944
208892.295	50	0.745	-7.903089986991944
209747.25	50	0.75	-7.903089986991944
209983.841	50	0.755	-7.903089986991944
210205.506	50	0.76	-7.903089986991944
210432.632	50	0.765	-7.903089986991944
210945.0	50	0.77	-7.903089986991944
211423.277	50	0.775	-7.903089986991944
211778.064	50	0.78	-7.903089986991944
212142.53	50	0.785	-7.903089986991944
212982.271	50	0.79	-7.903089986991944
213118.143	50	0.795	-7.903089986991944
213607.143	50	0.8	-7.903089986991944
214000.214	50	0.805	-7.903089986991944
215062.568	50	0.81	-7.903089986991944
215713.459	50	0.815	-7.903089986991944
216317.436	50	0.82	-7.903089986991944
217250.0	50	0.825	-7.903089986991944
217673.286	50	0.83	-7.903089986991944
218571.838	50	0.835	-7.903089986991944
219107.473	50	0.84	-7.903089986991944
220688.936	50	0.845	-7.903089986991944
221822.5	50	0.85	-7.903089986991944
222579.935	50	0.855	-7.903089986991944
223475.714	50	0.86	-7.903089986991944
224136.786	50	0.865	-7.903089986991944
225051.643	50	0.87	-7.903089986991944
226129.613	50	0.875	-7.903089986991944
227412.0	50	0.88	-7.903089986991944
227982.067	50	0.885	-7.903089986991944
229978.286	50	0.89	-7.903089986991944
231020.339	50	0.895	-7.903089986991944
232201.429	50	0.9	-7.903089986991944
232605.639	50	0.905	-7.903089986991944
233572.579	50	0.91	-7.903089986991944
234947.971	50	0.915	-7.903089986991944
236196.857	50	0.92	-7.903089986991944
237766.964	50	0.925	-7.903089986991944
238645.464	50	0.93	-7.903089986991944
239496.238	50	0.935	-7.903089986991944
241673.818	50	0.94	-7.903089986991944
242745.896	50	0.945	-7.903089986991944
245183.86	50	0.95	-7.903089986991944
247162.484	50	0.955	-7.903089986991944
248356.571	50	0.96	-7.903089986991944
249214.763	50	0.965	-7.903089986991944
252739.0	50	0.97	-7.903089986991944
253698.696	50	0.975	-7.903089986991944
258756.621	50	0.98	-7.903089986991944
263249.179	50	0.985	-7.903089986991944
273048.493	50	0.99	-7.903089986991944
283425.343	50	0.995	-7.903089986991944
215565.679	75	0.5	-7.903089986991944
216074.9	75	0.505	-7.903089986991944
216435.9	75	0.51	-7.903089986991944
216660.107	75	0.515	-7.903089986991944
216994.571	75	0.52	-7.903089986991944
217383.893	75	0.525	-7.903089986991944
218042.41	75	0.53	-7.903089986991944
218459.91	75	0.535	-7.903089986991944
219225.461	75	0.54	-7.903089986991944
219595.961	75	0.545	-7.903089986991944
219809.493	75	0.55	-7.903089986991944
220150.675	75	0.555	-7.903089986991944
220347.603	75	0.56	-7.903089986991944
220963.14	75	0.565	-7.903089986991944
221286.616	75	0.57	-7.903089986991944
221738.75	75	0.575	-7.903089986991944
221922.126	75	0.58	-7.903089986991944
222314.471	75	0.585	-7.903089986991944
222749.46	75	0.59	-7.903089986991944
223348.75	75	0.595	-7.903089986991944
224191.886	75	0.6	-7.903089986991944
224518.861	75	0.605	-7.903089986991944
225214.287	75	0.61	-7.903089986991944
225572.058	75	0.615	-7.903089986991944
226114.153	75	0.62	-7.903089986991944
226745.679	75	0.625	-7.903089986991944
227327.896	75	0.63	-7.903089986991944
227776.24	75	0.635	-7.903089986991944
228272.926	75	0.64	-7.903089986991944
228378.943	75	0.645	-7.903089986991944
228643.918	75	0.65	-7.903089986991944
229382.727	75	0.655	-7.903089986991944
229917.429	75	0.66	-7.903089986991944
230203.883	75	0.665	-7.903089986991944
231160.822	75	0.67	-7.903089986991944
231936.221	75	0.675	-7.903089986991944
232310.286	75	0.68	-7.903089986991944
232646.786	75	0.685	-7.903089986991944
233066.45	75	0.69	-7.903089986991944
233252.636	75	0.695	-7.903089986991944
233680.714	75	0.7	-7.903089986991944
234539.722	75	0.705	-7.903089986991944
234814.136	75	0.71	-7.903089986991944
235471.2	75	0.715	-7.903089986991944
236008.5	75	0.72	-7.903089986991944
236364.393	75	0.725	-7.903089986991944
236785.109	75	0.73	-7.903089986991944
237070.7	75	0.735	-7.903089986991944
237471.649	75	0.74	-7.903089986991944
238337.6	75	0.745	-7.903089986991944
238487.071	75	0.75	-7.903089986991944
238881.14	75	0.755	-7.903089986991944
239863.257	75	0.76	-7.903089986991944
240116.701	75	0.765	-7.903089986991944
240326.571	75	0.77	-7.903089986991944
240652.571	75	0.775	-7.903089986991944
241156.801	75	0.78	-7.903089986991944
241826.208	75	0.785	-7.903089986991944
242683.299	75	0.79	-7.903089986991944
243268.87	75	0.795	-7.903089986991944
244542.686	75	0.8	-7.903089986991944
245548.49	75	0.805	-7.903089986991944
246202.714	75	0.81	-7.903089986991944
246631.301	75	0.815	-7.903089986991944
247175.129	75	0.82	-7.903089986991944
248463.464	75	0.825	-7.903089986991944
249390.428	75	0.83	-7.903089986991944
250133.139	75	0.835	-7.903089986991944
251787.6	75	0.84	-7.903089986991944
253251.903	75	0.845	-7.903089986991944
253749.525	75	0.85	-7.903089986991944
254158.739	75	0.855	-7.903089986991944
254635.956	75	0.86	-7.903089986991944
256090.47	75	0.865	-7.903089986991944
257261.448	75	0.87	-7.903089986991944
258705.357	75	0.875	-7.903089986991944
259474.554	75	0.88	-7.903089986991944
260707.929	75	0.885	-7.903089986991944
262115.814	75	0.89	-7.903089986991944
264494.85	75	0.895	-7.903089986991944
265621.436	75	0.9	-7.903089986991944
267366.278	75	0.905	-7.903089986991944
269393.729	75	0.91	-7.903089986991944
270694.393	75	0.915	-7.903089986991944
273324.166	75	0.92	-7.903089986991944
276427.641	75	0.925	-7.903089986991944
279524.7	75	0.93	-7.903089986991944
281890.443	75	0.935	-7.903089986991944
285133.829	75	0.94	-7.903089986991944
289528.1	75	0.945	-7.903089986991944
292799.775	75	0.95	-7.903089986991944
297400.423	75	0.955	-7.903089986991944
301322.171	75	0.96	-7.903089986991944
302287.498	75	0.965	-7.903089986991944
304727.3	75	0.97	-7.903089986991944
308467.214	75	0.975	-7.903089986991944
314468.514	75	0.98	-7.903089986991944
322018.536	75	0.985	-7.903089986991944
328575.371	75	0.99	-7.903089986991944
346910.908	75	0.995	-7.903089986991944
239685.0	100	0.5	-7.903089986991944
240324.064	100	0.505	-7.903089986991944
240707.529	100	0.51	-7.903089986991944
241149.728	100	0.515	-7.903089986991944
241694.183	100	0.52	-7.903089986991944
242224.911	100	0.525	-7.903089986991944
243083.362	100	0.53	-7.903089986991944
243611.774	100	0.535	-7.903089986991944
244546.743	100	0.54	-7.903089986991944
244825.586	100	0.545	-7.903089986991944
245067.071	100	0.55	-7.903089986991944
245324.032	100	0.555	-7.903089986991944
245871.302	100	0.56	-7.903089986991944
246642.372	100	0.565	-7.903089986991944
247463.243	100	0.57	-7.903089986991944
247995.607	100	0.575	-7.903089986991944
248887.087	100	0.58	-7.903089986991944
249158.137	100	0.585	-7.903089986991944
249531.243	100	0.59	-7.903089986991944
249902.743	100	0.595	-7.903089986991944
250457.286	100	0.6	-7.903089986991944
250759.414	100	0.605	-7.903089986991944
251166.87	100	0.61	-7.903089986991944
251662.021	100	0.615	-7.903089986991944
252267.374	100	0.62	-7.903089986991944
252878.393	100	0.625	-7.903089986991944
253551.686	100	0.63	-7.903089986991944
254086.121	100	0.635	-7.903089986991944
254703.509	100	0.64	-7.903089986991944
255437.947	100	0.645	-7.903089986991944
256142.664	100	0.65	-7.903089986991944
256729.608	100	0.655	-7.903089986991944
257016.086	100	0.66	-7.903089986991944
257754.979	100	0.665	-7.903089986991944
258631.781	100	0.67	-7.903089986991944
259043.864	100	0.675	-7.903089986991944
259501.143	100	0.68	-7.903089986991944
260003.086	100	0.685	-7.903089986991944
260575.994	100	0.69	-7.903089986991944
260871.014	100	0.695	-7.903089986991944
261395.2	100	0.7	-7.903089986991944
261772.251	100	0.705	-7.903089986991944
261987.243	100	0.71	-7.903089986991944
262509.658	100	0.715	-7.903089986991944
263076.4	100	0.72	-7.903089986991944
264163.676	100	0.725	-7.903089986991944
264680.886	100	0.73	-7.903089986991944
264933.786	100	0.735	-7.903089986991944
265385.051	100	0.74	-7.903089986991944
266603.093	100	0.745	-7.903089986991944
267082.5	100	0.75	-7.903089986991944
267849.549	100	0.755	-7.903089986991944
269454.0	100	0.76	-7.903089986991944
269964.364	100	0.765	-7.903089986991944
270675.786	100	0.77	-7.903089986991944
271203.321	100	0.775	-7.903089986991944
271735.629	100	0.78	-7.903089986991944
272545.007	100	0.785	-7.903089986991944
273574.773	100	0.79	-7.903089986991944
274108.066	100	0.795	-7.903089986991944
274647.486	100	0.8	-7.903089986991944
276231.86	100	0.805	-7.903089986991944
277053.851	100	0.81	-7.903089986991944
277933.595	100	0.815	-7.903089986991944
278694.857	100	0.82	-7.903089986991944
279742.493	100	0.825	-7.903089986991944
280870.187	100	0.83	-7.903089986991944
281662.588	100	0.835	-7.903089986991944
282639.714	100	0.84	-7.903089986991944
283038.162	100	0.845	-7.903089986991944
284038.071	100	0.85	-7.903089986991944
285392.195	100	0.855	-7.903089986991944
285804.499	100	0.86	-7.903089986991944
287123.599	100	0.865	-7.903089986991944
288947.634	100	0.87	-7.903089986991944
289548.152	100	0.875	-7.903089986991944
290409.897	100	0.88	-7.903089986991944
292015.986	100	0.885	-7.903089986991944
293567.964	100	0.89	-7.903089986991944
294342.3	100	0.895	-7.903089986991944
296022.364	100	0.9	-7.903089986991944
298737.957	100	0.905	-7.903089986991944
301332.529	100	0.91	-7.903089986991944
303239.881	100	0.915	-7.903089986991944
305318.343	100	0.92	-7.903089986991944
307949.021	100	0.925	-7.903089986991944
310012.309	100	0.93	-7.903089986991944
313083.993	100	0.935	-7.903089986991944
316252.6	100	0.94	-7.903089986991944
318893.471	100	0.945	-7.903089986991944
322114.007	100	0.95	-7.903089986991944
324421.529	100	0.955	-7.903089986991944
326936.229	100	0.96	-7.903089986991944
331560.143	100	0.965	-7.903089986991944
333882.274	100	0.97	-7.903089986991944
340315.77	100	0.975	-7.903089986991944
344371.466	100	0.98	-7.903089986991944
352995.501	100	0.985	-7.903089986991944
356880.257	100	0.99	-7.903089986991944
367544.507	100	0.995	-7.903089986991944
261880.679	125	0.5	-7.903089986991944
262541.664	125	0.505	-7.903089986991944
263040.744	125	0.51	-7.903089986991944
263570.689	125	0.515	-7.903089986991944
264087.714	125	0.52	-7.903089986991944
264575.43	125	0.525	-7.903089986991944
265742.492	125	0.53	-7.903089986991944
266494.143	125	0.535	-7.903089986991944
266831.579	125	0.54	-7.903089986991944
267193.042	125	0.545	-7.903089986991944
267751.461	125	0.55	-7.903089986991944
268359.595	125	0.555	-7.903089986991944
268941.086	125	0.56	-7.903089986991944
269631.102	125	0.565	-7.903089986991944
270030.276	125	0.57	-7.903089986991944
270693.709	125	0.575	-7.903089986991944
271183.573	125	0.58	-7.903089986991944
272383.126	125	0.585	-7.903089986991944
272656.722	125	0.59	-7.903089986991944
273004.514	125	0.595	-7.903089986991944
273682.642	125	0.6	-7.903089986991944
274325.356	125	0.605	-7.903089986991944
275088.902	125	0.61	-7.903089986991944
275515.875	125	0.615	-7.903089986991944
275959.319	125	0.62	-7.903089986991944
276407.812	125	0.625	-7.903089986991944
277173.436	125	0.63	-7.903089986991944
277506.802	125	0.635	-7.903089986991944
278281.486	125	0.64	-7.903089986991944
278898.63	125	0.645	-7.903089986991944
279269.421	125	0.65	-7.903089986991944
279648.9	125	0.655	-7.903089986991944
280658.286	125	0.66	-7.903089986991944
281991.648	125	0.665	-7.903089986991944
282596.587	125	0.67	-7.903089986991944
282993.846	125	0.675	-7.903089986991944
283669.886	125	0.68	-7.903089986991944
284208.452	125	0.685	-7.903089986991944
284996.051	125	0.69	-7.903089986991944
285820.721	125	0.695	-7.903089986991944
286535.957	125	0.7	-7.903089986991944
287046.22	125	0.705	-7.903089986991944
287677.976	125	0.71	-7.903089986991944
288047.335	125	0.715	-7.903089986991944
288413.554	125	0.72	-7.903089986991944
289168.338	125	0.725	-7.903089986991944
290217.364	125	0.73	-7.903089986991944
290842.455	125	0.735	-7.903089986991944
291503.557	125	0.74	-7.903089986991944
292195.018	125	0.745	-7.903089986991944
293356.089	125	0.75	-7.903089986991944
294289.23	125	0.755	-7.903089986991944
295543.371	125	0.76	-7.903089986991944
296614.484	125	0.765	-7.903089986991944
298121.29	125	0.77	-7.903089986991944
298716.321	125	0.775	-7.903089986991944
299780.873	125	0.78	-7.903089986991944
299917.05	125	0.785	-7.903089986991944
301379.357	125	0.79	-7.903089986991944
301910.8	125	0.795	-7.903089986991944
302302.486	125	0.8	-7.903089986991944
303377.978	125	0.805	-7.903089986991944
304498.784	125	0.81	-7.903089986991944
305318.874	125	0.815	-7.903089986991944
308240.6	125	0.82	-7.903089986991944
309078.751	125	0.825	-7.903089986991944
310298.166	125	0.83	-7.903089986991944
312644.548	125	0.835	-7.903089986991944
314802.4	125	0.84	-7.903089986991944
315498.458	125	0.845	-7.903089986991944
316923.586	125	0.85	-7.903089986991944
318034.338	125	0.855	-7.903089986991944
319885.996	125	0.86	-7.903089986991944
320917.75	125	0.865	-7.903089986991944
321737.269	125	0.87	-7.903089986991944
323392.143	125	0.875	-7.903089986991944
324988.0	125	0.88	-7.903089986991944
327729.857	125	0.885	-7.903089986991944
329470.271	125	0.89	-7.903089986991944
330828.292	125	0.895	-7.903089986991944
331680.021	125	0.9	-7.903089986991944
333249.354	125	0.905	-7.903089986991944
334967.764	125	0.91	-7.903089986991944
338303.137	125	0.915	-7.903089986991944
342340.531	125	0.92	-7.903089986991944
345051.821	125	0.925	-7.903089986991944
346679.571	125	0.93	-7.903089986991944
348120.412	125	0.935	-7.903089986991944
351113.2	125	0.94	-7.903089986991944
357411.854	125	0.945	-7.903089986991944
360990.5	125	0.95	-7.903089986991944
364813.035	125	0.955	-7.903089986991944
371918.171	125	0.96	-7.903089986991944
377495.45	125	0.965	-7.903089986991944
383358.657	125	0.97	-7.903089986991944
386310.359	125	0.975	-7.903089986991944
390379.341	125	0.98	-7.903089986991944
397958.496	125	0.985	-7.903089986991944
410934.4	125	0.99	-7.903089986991944
429756.893	125	0.995	-7.903089986991944
284949.286	150	0.5	-7.903089986991944
285637.827	150	0.505	-7.903089986991944
286018.001	150	0.51	-7.903089986991944
286535.506	150	0.515	-7.903089986991944
286940.611	150	0.52	-7.903089986991944
287690.727	150	0.525	-7.903089986991944
288303.686	150	0.53	-7.903089986991944
288855.469	150	0.535	-7.903089986991944
289498.647	150	0.54	-7.903089986991944
291051.907	150	0.545	-7.903089986991944
291518.921	150	0.55	-7.903089986991944
292435.627	150	0.555	-7.903089986991944
292813.46	150	0.56	-7.903089986991944
293212.776	150	0.565	-7.903089986991944
293500.998	150	0.57	-7.903089986991944
293852.511	150	0.575	-7.903089986991944
294668.668	150	0.58	-7.903089986991944
295135.138	150	0.585	-7.903089986991944
295577.314	150	0.59	-7.903089986991944
295944.421	150	0.595	-7.903089986991944
296814.486	150	0.6	-7.903089986991944
297231.758	150	0.605	-7.903089986991944
297792.658	150	0.61	-7.903089986991944
298472.512	150	0.615	-7.903089986991944
299059.026	150	0.62	-7.903089986991944
299947.188	150	0.625	-7.903089986991944
301030.859	150	0.63	-7.903089986991944
301577.562	150	0.635	-7.903089986991944
302445.76	150	0.64	-7.903089986991944
303249.06	150	0.645	-7.903089986991944
303495.643	150	0.65	-7.903089986991944
304342.229	150	0.655	-7.903089986991944
304870.763	150	0.66	-7.903089986991944
306091.484	150	0.665	-7.903089986991944
306853.564	150	0.67	-7.903089986991944
307933.796	150	0.675	-7.903089986991944
308757.686	150	0.68	-7.903089986991944
310050.643	150	0.685	-7.903089986991944
311656.208	150	0.69	-7.903089986991944
312704.693	150	0.695	-7.903089986991944
313591.171	150	0.7	-7.903089986991944
314739.651	150	0.705	-7.903089986991944
315246.278	150	0.71	-7.903089986991944
317244.704	150	0.715	-7.903089986991944
318740.931	150	0.72	-7.903089986991944
319750.404	150	0.725	-7.903089986991944
321342.291	150	0.73	-7.903089986991944
322544.114	150	0.735	-7.903089986991944
323055.983	150	0.74	-7.903089986991944
323688.194	150	0.745	-7.903089986991944
325475.512	150	0.75	-7.903089986991944
326788.49	150	0.755	-7.903089986991944
328790.303	150	0.76	-7.903089986991944
329446.641	150	0.765	-7.903089986991944
330565.608	150	0.77	-7.903089986991944
331687.712	150	0.775	-7.903089986991944
333419.807	150	0.78	-7.903089986991944
334010.063	150	0.785	-7.903089986991944
335352.505	150	0.79	-7.903089986991944
336769.148	150	0.795	-7.903089986991944
337234.843	150	0.8	-7.903089986991944
337908.372	150	0.805	-7.903089986991944
339304.752	150	0.81	-7.903089986991944
340602.623	150	0.815	-7.903089986991944
341971.65	150	0.82	-7.903089986991944
343640.702	150	0.825	-7.903089986991944
344976.224	150	0.83	-7.903089986991944
346400.614	150	0.835	-7.903089986991944
347593.543	150	0.84	-7.903089986991944
348422.821	150	0.845	-7.903089986991944
350050.679	150	0.85	-7.903089986991944
354140.643	150	0.855	-7.903089986991944
356382.543	150	0.86	-7.903089986991944
357159.178	150	0.865	-7.903089986991944
360518.322	150	0.87	-7.903089986991944
362159.527	150	0.875	-7.903089986991944
362958.9	150	0.88	-7.903089986991944
368318.916	150	0.885	-7.903089986991944
370882.279	150	0.89	-7.903089986991944
371758.906	150	0.895	-7.903089986991944
373205.429	150	0.9	-7.903089986991944
374906.443	150	0.905	-7.903089986991944
376655.835	150	0.91	-7.903089986991944
378440.756	150	0.915	-7.903089986991944
379608.234	150	0.92	-7.903089986991944
383280.173	150	0.925	-7.903089986991944
388050.688	150	0.93	-7.903089986991944
389904.979	150	0.935	-7.903089986991944
394034.494	150	0.94	-7.903089986991944
397293.289	150	0.945	-7.903089986991944
402942.58	150	0.95	-7.903089986991944
405224.771	150	0.955	-7.903089986991944
409642.343	150	0.96	-7.903089986991944
414236.925	150	0.965	-7.903089986991944
416964.743	150	0.97	-7.903089986991944
421646.75	150	0.975	-7.903089986991944
425130.857	150	0.98	-7.903089986991944
428973.414	150	0.985	-7.903089986991944
441752.414	150	0.99	-7.903089986991944
451443.314	150	0.995	-7.903089986991944
310047.857	175	0.5	-7.903089986991944
310681.125	175	0.505	-7.903089986991944
311386.114	175	0.51	-7.903089986991944
312220.195	175	0.515	-7.903089986991944
312791.251	175	0.52	-7.903089986991944
312988.391	175	0.525	-7.903089986991944
313463.134	175	0.53	-7.903089986991944
314057.257	175	0.535	-7.903089986991944
314868.586	175	0.54	-7.903089986991944
315709.529	175	0.545	-7.903089986991944
316371.643	175	0.55	-7.903089986991944
317411.843	175	0.555	-7.903089986991944
318187.646	175	0.56	-7.903089986991944
319390.303	175	0.565	-7.903089986991944
320129.285	175	0.57	-7.903089986991944
320680.225	175	0.575	-7.903089986991944
321183.1	175	0.58	-7.903089986991944
322465.425	175	0.585	-7.903089986991944
323745.781	175	0.59	-7.903089986991944
323902.515	175	0.595	-7.903089986991944
324265.743	175	0.6	-7.903089986991944
324826.236	175	0.605	-7.903089986991944
326195.442	175	0.61	-7.903089986991944
327043.626	175	0.615	-7.903089986991944
327788.704	175	0.62	-7.903089986991944
328135.241	175	0.625	-7.903089986991944
328585.289	175	0.63	-7.903089986991944
329093.56	175	0.635	-7.903089986991944
330202.774	175	0.64	-7.903089986991944
331237.361	175	0.645	-7.903089986991944
332685.421	175	0.65	-7.903089986991944
333490.855	175	0.655	-7.903089986991944
334425.829	175	0.66	-7.903089986991944
337116.386	175	0.665	-7.903089986991944
337648.986	175	0.67	-7.903089986991944
339651.988	175	0.675	-7.903089986991944
340474.563	175	0.68	-7.903089986991944
340991.89	175	0.685	-7.903089986991944
342005.657	175	0.69	-7.903089986991944
342888.572	175	0.695	-7.903089986991944
344519.714	175	0.7	-7.903089986991944
345091.415	175	0.705	-7.903089986991944
346271.486	175	0.71	-7.903089986991944
347220.792	175	0.715	-7.903089986991944
347587.329	175	0.72	-7.903089986991944
348421.075	175	0.725	-7.903089986991944
349204.208	175	0.73	-7.903089986991944
350383.071	175	0.735	-7.903089986991944
351130.28	175	0.74	-7.903089986991944
354181.757	175	0.745	-7.903089986991944
355703.213	175	0.75	-7.903089986991944
356523.167	175	0.755	-7.903089986991944
357110.623	175	0.76	-7.903089986991944
358618.584	175	0.765	-7.903089986991944
359954.666	175	0.77	-7.903089986991944
361263.25	175	0.775	-7.903089986991944
362728.186	175	0.78	-7.903089986991944
364364.333	175	0.785	-7.903089986991944
365345.486	175	0.79	-7.903089986991944
367480.893	175	0.795	-7.903089986991944
368472.3	175	0.8	-7.903089986991944
369992.593	175	0.805	-7.903089986991944
371471.853	175	0.81	-7.903089986991944
372845.848	175	0.815	-7.903089986991944
374186.703	175	0.82	-7.903089986991944
375416.677	175	0.825	-7.903089986991944
377200.957	175	0.83	-7.903089986991944
379718.493	175	0.835	-7.903089986991944
381553.451	175	0.84	-7.903089986991944
382783.754	175	0.845	-7.903089986991944
384149.868	175	0.85	-7.903089986991944
385959.618	175	0.855	-7.903089986991944
387394.813	175	0.86	-7.903089986991944
388174.098	175	0.865	-7.903089986991944
390975.786	175	0.87	-7.903089986991944
394239.821	175	0.875	-7.903089986991944
396826.637	175	0.88	-7.903089986991944
399332.003	175	0.885	-7.903089986991944
402840.271	175	0.89	-7.903089986991944
405027.533	175	0.895	-7.903089986991944
407234.436	175	0.9	-7.903089986991944
410777.828	175	0.905	-7.903089986991944
412310.929	175	0.91	-7.903089986991944
414387.431	175	0.915	-7.903089986991944
417834.317	175	0.92	-7.903089986991944
420031.568	175	0.925	-7.903089986991944
422617.158	175	0.93	-7.903089986991944
426286.264	175	0.935	-7.903089986991944
428507.314	175	0.94	-7.903089986991944
433606.796	175	0.945	-7.903089986991944
436207.429	175	0.95	-7.903089986991944
443582.04	175	0.955	-7.903089986991944
449162.623	175	0.96	-7.903089986991944
455755.856	175	0.965	-7.903089986991944
460912.971	175	0.97	-7.903089986991944
468745.607	175	0.975	-7.903089986991944
478477.771	175	0.98	-7.903089986991944
490256.514	175	0.985	-7.903089986991944
501360.771	175	0.99	-7.903089986991944
518094.171	175	0.995	-7.903089986991944
330216.393	200	0.5	-7.903089986991944
331391.473	200	0.505	-7.903089986991944
332386.829	200	0.51	-7.903089986991944
333110.193	200	0.515	-7.903089986991944
333745.597	200	0.52	-7.903089986991944
334779.912	200	0.525	-7.903089986991944
335108.9	200	0.53	-7.903089986991944
336065.074	200	0.535	-7.903089986991944
336930.667	200	0.54	-7.903089986991944
337868.632	200	0.545	-7.903089986991944
338865.318	200	0.55	-7.903089986991944
339082.768	200	0.555	-7.903089986991944
339750.623	200	0.56	-7.903089986991944
340412.743	200	0.565	-7.903089986991944
340626.343	200	0.57	-7.903089986991944
341330.721	200	0.575	-7.903089986991944
342378.58	200	0.58	-7.903089986991944
342682.238	200	0.585	-7.903089986991944
343203.076	200	0.59	-7.903089986991944
344324.072	200	0.595	-7.903089986991944
346041.214	200	0.6	-7.903089986991944
347039.458	200	0.605	-7.903089986991944
347593.916	200	0.61	-7.903089986991944
348359.1	200	0.615	-7.903089986991944
349041.516	200	0.62	-7.903089986991944
350370.92	200	0.625	-7.903089986991944
351605.403	200	0.63	-7.903089986991944
352504.736	200	0.635	-7.903089986991944
354079.534	200	0.64	-7.903089986991944
354583.143	200	0.645	-7.903089986991944
357605.714	200	0.65	-7.903089986991944
358667.022	200	0.655	-7.903089986991944
360292.986	200	0.66	-7.903089986991944
361502.1	200	0.665	-7.903089986991944
362879.487	200	0.67	-7.903089986991944
363394.814	200	0.675	-7.903089986991944
364356.849	200	0.68	-7.903089986991944
365073.265	200	0.685	-7.903089986991944
366113.044	200	0.69	-7.903089986991944
367427.624	200	0.695	-7.903089986991944
367820.543	200	0.7	-7.903089986991944
368945.343	200	0.705	-7.903089986991944
369797.365	200	0.71	-7.903089986991944
371633.244	200	0.715	-7.903089986991944
372538.491	200	0.72	-7.903089986991944
373206.284	200	0.725	-7.903089986991944
374978.446	200	0.73	-7.903089986991944
375508.602	200	0.735	-7.903089986991944
377453.714	200	0.74	-7.903089986991944
378590.186	200	0.745	-7.903089986991944
380528.696	200	0.75	-7.903089986991944
381364.8	200	0.755	-7.903089986991944
383849.2	200	0.76	-7.903089986991944
384967.164	200	0.765	-7.903089986991944
385760.836	200	0.77	-7.903089986991944
386747.234	200	0.775	-7.903089986991944
387780.247	200	0.78	-7.903089986991944
389877.051	200	0.785	-7.903089986991944
391114.282	200	0.79	-7.903089986991944
391800.309	200	0.795	-7.903089986991944
394897.143	200	0.8	-7.903089986991944
396531.242	200	0.805	-7.903089986991944
398301.676	200	0.81	-7.903089986991944
399776.696	200	0.815	-7.903089986991944
401148.82	200	0.82	-7.903089986991944
403076.441	200	0.825	-7.903089986991944
404736.171	200	0.83	-7.903089986991944
405830.945	200	0.835	-7.903089986991944
407427.957	200	0.84	-7.903089986991944
408839.591	200	0.845	-7.903089986991944
411989.004	200	0.85	-7.903089986991944
413955.867	200	0.855	-7.903089986991944
415339.893	200	0.86	-7.903089986991944
419605.855	200	0.865	-7.903089986991944
421886.241	200	0.87	-7.903089986991944
423361.259	200	0.875	-7.903089986991944
425451.6	200	0.88	-7.903089986991944
428344.594	200	0.885	-7.903089986991944
432622.085	200	0.89	-7.903089986991944
435907.198	200	0.895	-7.903089986991944
439182.843	200	0.9	-7.903089986991944
444051.857	200	0.905	-7.903089986991944
446266.433	200	0.91	-7.903089986991944
450305.68	200	0.915	-7.903089986991944
451949.826	200	0.92	-7.903089986991944
454873.264	200	0.925	-7.903089986991944
458350.186	200	0.93	-7.903089986991944
462782.667	200	0.935	-7.903089986991944
467746.886	200	0.94	-7.903089986991944
472222.051	200	0.945	-7.903089986991944
477847.929	200	0.95	-7.903089986991944
484963.307	200	0.955	-7.903089986991944
487099.863	200	0.96	-7.903089986991944
492143.536	200	0.965	-7.903089986991944
495254.386	200	0.97	-7.903089986991944
497379.786	200	0.975	-7.903089986991944
500176.903	200	0.98	-7.903089986991944
511732.486	200	0.985	-7.903089986991944
527913.629	200	0.99	-7.903089986991944
559311.936	200	0.995	-7.903089986991944
354480.857	225	0.5	-7.903089986991944
354927.342	225	0.505	-7.903089986991944
355288.408	225	0.51	-7.903089986991944
355737.894	225	0.515	-7.903089986991944
356354.497	225	0.52	-7.903089986991944
356788.211	225	0.525	-7.903089986991944
357784.7	225	0.53	-7.903089986991944
358656.524	225	0.535	-7.903089986991944
360052.82	225	0.54	-7.903089986991944
361127.342	225	0.545	-7.903089986991944
361567.843	225	0.55	-7.903089986991944
362842.378	225	0.555	-7.903089986991944
364675.131	225	0.56	-7.903089986991944
365609.638	225	0.565	-7.903089986991944
366442.765	225	0.57	-7.903089986991944
367990.77	225	0.575	-7.903089986991944
368663.623	225	0.58	-7.903089986991944
369247.836	225	0.585	-7.903089986991944
369947.387	225	0.59	-7.903089986991944
370895.464	225	0.595	-7.903089986991944
372005.414	225	0.6	-7.903089986991944
373195.71	225	0.605	-7.903089986991944
374009.315	225	0.61	-7.903089986991944
374944.975	225	0.615	-7.903089986991944
376430.681	225	0.62	-7.903089986991944
377649.58	225	0.625	-7.903089986991944
378686.569	225	0.63	-7.903089986991944
380355.552	225	0.635	-7.903089986991944
381506.503	225	0.64	-7.903089986991944
382465.979	225	0.645	-7.903089986991944
383849.0	225	0.65	-7.903089986991944
385305.321	225	0.655	-7.903089986991944
386421.686	225	0.66	-7.903089986991944
387913.408	225	0.665	-7.903089986991944
389150.443	225	0.67	-7.903089986991944
390799.07	225	0.675	-7.903089986991944
391768.8	225	0.68	-7.903089986991944
393168.295	225	0.685	-7.903089986991944
393797.477	225	0.69	-7.903089986991944
394388.879	225	0.695	-7.903089986991944
396172.571	225	0.7	-7.903089986991944
398047.802	225	0.705	-7.903089986991944
398632.314	225	0.71	-7.903089986991944
399351.508	225	0.715	-7.903089986991944
400278.829	225	0.72	-7.903089986991944
401363.925	225	0.725	-7.903089986991944
402834.462	225	0.73	-7.903089986991944
405210.0	225	0.735	-7.903089986991944
407708.766	225	0.74	-7.903089986991944
409676.157	225	0.745	-7.903089986991944
411336.726	225	0.75	-7.903089986991944
413328.899	225	0.755	-7.903089986991944
414471.257	225	0.76	-7.903089986991944
415991.581	225	0.765	-7.903089986991944
416781.131	225	0.77	-7.903089986991944
417864.75	225	0.775	-7.903089986991944
418923.083	225	0.78	-7.903089986991944
421180.549	225	0.785	-7.903089986991944
423403.286	225	0.79	-7.903089986991944
424370.636	225	0.795	-7.903089986991944
426344.8	225	0.8	-7.903089986991944
428044.484	225	0.805	-7.903089986991944
429422.084	225	0.81	-7.903089986991944
432017.782	225	0.815	-7.903089986991944
433629.116	225	0.82	-7.903089986991944
434907.479	225	0.825	-7.903089986991944
435915.953	225	0.83	-7.903089986991944
437521.922	225	0.835	-7.903089986991944
438997.411	225	0.84	-7.903089986991944
441346.378	225	0.845	-7.903089986991944
443503.704	225	0.85	-7.903089986991944
446599.933	225	0.855	-7.903089986991944
450773.441	225	0.86	-7.903089986991944
451984.895	225	0.865	-7.903089986991944
455501.061	225	0.87	-7.903089986991944
459586.482	225	0.875	-7.903089986991944
462025.6	225	0.88	-7.903089986991944
464455.35	225	0.885	-7.903089986991944
467907.144	225	0.89	-7.903089986991944
469891.636	225	0.895	-7.903089986991944
471747.307	225	0.9	-7.903089986991944
473936.895	225	0.905	-7.903089986991944
479686.136	225	0.91	-7.903089986991944
485200.971	225	0.915	-7.903089986991944
487476.686	225	0.92	-7.903089986991944
489693.802	225	0.925	-7.903089986991944
495161.649	225	0.93	-7.903089986991944
496490.866	225	0.935	-7.903089986991944
502504.314	225	0.94	-7.903089986991944
508008.051	225	0.945	-7.903089986991944
513417.214	225	0.95	-7.903089986991944
519000.805	225	0.955	-7.903089986991944
526270.514	225	0.96	-7.903089986991944
531749.949	225	0.965	-7.903089986991944
537235.042	225	0.97	-7.903089986991944
548071.129	225	0.975	-7.903089986991944
554919.296	225	0.98	-7.903089986991944
563788.926	225	0.985	-7.903089986991944
582032.643	225	0.99	-7.903089986991944
611563.807	225	0.995	-7.903089986991944
374005.0	250	0.5	-7.903089986991944
374530.471	250	0.505	-7.903089986991944
376726.129	250	0.51	-7.903089986991944
377082.299	250	0.515	-7.903089986991944
378266.057	250	0.52	-7.903089986991944
379325.104	250	0.525	-7.903089986991944
380395.008	250	0.53	-7.903089986991944
381390.902	250	0.535	-7.903089986991944
382207.144	250	0.54	-7.903089986991944
383305.464	250	0.545	-7.903089986991944
384619.929	250	0.55	-7.903089986991944
385704.857	250	0.555	-7.903089986991944
386249.797	250	0.56	-7.903089986991944
386646.819	250	0.565	-7.903089986991944
387694.978	250	0.57	-7.903089986991944
389069.134	250	0.575	-7.903089986991944
390181.93	250	0.58	-7.903089986991944
390617.387	250	0.585	-7.903089986991944
391535.901	250	0.59	-7.903089986991944
392810.796	250	0.595	-7.903089986991944
393494.471	250	0.6	-7.903089986991944
394850.771	250	0.605	-7.903089986991944
396683.552	250	0.61	-7.903089986991944
397851.518	250	0.615	-7.903089986991944
398849.746	250	0.62	-7.903089986991944
399527.83	250	0.625	-7.903089986991944
400616.784	250	0.63	-7.903089986991944
402365.876	250	0.635	-7.903089986991944
403016.311	250	0.64	-7.903089986991944
404207.66	250	0.645	-7.903089986991944
405062.361	250	0.65	-7.903089986991944
406400.44	250	0.655	-7.903089986991944
408653.706	250	0.66	-7.903089986991944
409563.569	250	0.665	-7.903089986991944
412726.271	250	0.67	-7.903089986991944
414556.179	250	0.675	-7.903089986991944
416316.743	250	0.68	-7.903089986991944
417207.71	250	0.685	-7.903089986991944
419181.449	250	0.69	-7.903089986991944
420026.098	250	0.695	-7.903089986991944
421653.079	250	0.7	-7.903089986991944
423157.636	250	0.705	-7.903089986991944
425322.256	250	0.71	-7.903089986991944
426415.097	250	0.715	-7.903089986991944
427002.771	250	0.72	-7.903089986991944
428194.821	250	0.725	-7.903089986991944
429808.333	250	0.73	-7.903089986991944
431336.171	250	0.735	-7.903089986991944
432568.523	250	0.74	-7.903089986991944
435022.636	250	0.745	-7.903089986991944
436082.732	250	0.75	-7.903089986991944
436933.147	250	0.755	-7.903089986991944
437997.78	250	0.76	-7.903089986991944
439805.769	250	0.765	-7.903089986991944
440868.744	250	0.77	-7.903089986991944
443130.766	250	0.775	-7.903089986991944
444133.81	250	0.78	-7.903089986991944
447246.344	250	0.785	-7.903089986991944
448595.015	250	0.79	-7.903089986991944
449344.25	250	0.795	-7.903089986991944
451299.657	250	0.8	-7.903089986991944
454031.654	250	0.805	-7.903089986991944
456254.9	250	0.81	-7.903089986991944
457460.715	250	0.815	-7.903089986991944
458906.229	250	0.82	-7.903089986991944
460294.811	250	0.825	-7.903089986991944
461661.208	250	0.83	-7.903089986991944
465939.985	250	0.835	-7.903089986991944
468566.126	250	0.84	-7.903089986991944
471746.3	250	0.845	-7.903089986991944
474001.632	250	0.85	-7.903089986991944
477690.273	250	0.855	-7.903089986991944
480362.886	250	0.86	-7.903089986991944
482880.607	250	0.865	-7.903089986991944
489274.776	250	0.87	-7.903089986991944
493149.875	250	0.875	-7.903089986991944
497027.566	250	0.88	-7.903089986991944
500941.619	250	0.885	-7.903089986991944
506116.936	250	0.89	-7.903089986991944
510787.408	250	0.895	-7.903089986991944
516029.271	250	0.9	-7.903089986991944
520909.521	250	0.905	-7.903089986991944
524159.194	250	0.91	-7.903089986991944
528917.421	250	0.915	-7.903089986991944
535761.331	250	0.92	-7.903089986991944
540051.025	250	0.925	-7.903089986991944
544069.343	250	0.93	-7.903089986991944
549138.686	250	0.935	-7.903089986991944
551138.724	250	0.94	-7.903089986991944
556335.471	250	0.945	-7.903089986991944
565669.85	250	0.95	-7.903089986991944
572356.987	250	0.955	-7.903089986991944
577122.4	250	0.96	-7.903089986991944
589567.453	250	0.965	-7.903089986991944
599094.916	250	0.97	-7.903089986991944
605218.679	250	0.975	-7.903089986991944
618100.003	250	0.98	-7.903089986991944
625211.664	250	0.985	-7.903089986991944
635663.269	250	0.99	-7.903089986991944
669305.714	250	0.995	-7.903089986991944
404208.107	275	0.5	-7.903089986991944
405360.715	275	0.505	-7.903089986991944
406487.143	275	0.51	-7.903089986991944
407571.685	275	0.515	-7.903089986991944
408341.786	275	0.52	-7.903089986991944
409506.471	275	0.525	-7.903089986991944
410630.614	275	0.53	-7.903089986991944
411501.838	275	0.535	-7.903089986991944
412649.461	275	0.54	-7.903089986991944
413151.771	275	0.545	-7.903089986991944
414113.211	275	0.55	-7.903089986991944
415414.029	275	0.555	-7.903089986991944
417271.563	275	0.56	-7.903089986991944
418382.174	275	0.565	-7.903089986991944
420436.694	275	0.57	-7.903089986991944
421309.629	275	0.575	-7.903089986991944
422289.653	275	0.58	-7.903089986991944
424248.814	275	0.585	-7.903089986991944
425282.788	275	0.59	-7.903089986991944
425981.457	275	0.595	-7.903089986991944
426663.686	275	0.6	-7.903089986991944
427448.978	275	0.605	-7.903089986991944
430261.284	275	0.61	-7.903089986991944
431225.55	275	0.615	-7.903089986991944
431860.543	275	0.62	-7.903089986991944
432609.286	275	0.625	-7.903089986991944
433271.233	275	0.63	-7.903089986991944
436157.431	275	0.635	-7.903089986991944
437047.043	275	0.64	-7.903089986991944
439024.018	275	0.645	-7.903089986991944
439821.193	275	0.65	-7.903089986991944
441061.665	275	0.655	-7.903089986991944
442579.5	275	0.66	-7.903089986991944
444308.18	275	0.665	-7.903089986991944
445935.809	275	0.67	-7.903089986991944
446875.3	275	0.675	-7.903089986991944
447809.369	275	0.68	-7.903089986991944
449700.494	275	0.685	-7.903089986991944
451990.684	275	0.69	-7.903089986991944
453889.371	275	0.695	-7.903089986991944
454961.721	275	0.7	-7.903089986991944
456927.129	275	0.705	-7.903089986991944
458756.783	275	0.71	-7.903089986991944
459916.233	275	0.715	-7.903089986991944
462021.426	275	0.72	-7.903089986991944
463858.945	275	0.725	-7.903089986991944
467560.895	275	0.73	-7.903089986991944
468582.29	275	0.735	-7.903089986991944
469578.486	275	0.74	-7.903089986991944
471389.871	275	0.745	-7.903089986991944
473027.429	275	0.75	-7.903089986991944
473842.558	275	0.755	-7.903089986991944
476370.914	275	0.76	-7.903089986991944
477793.72	275	0.765	-7.903089986991944
480549.726	275	0.77	-7.903089986991944
481957.345	275	0.775	-7.903089986991944
483685.697	275	0.78	-7.903089986991944
485864.377	275	0.785	-7.903089986991944
486586.4	275	0.79	-7.903089986991944
489344.322	275	0.795	-7.903089986991944
491337.886	275	0.8	-7.903089986991944
494094.192	275	0.805	-7.903089986991944
495412.73	275	0.81	-7.903089986991944
497805.625	275	0.815	-7.903089986991944
500266.484	275	0.82	-7.903089986991944
502612.141	275	0.825	-7.903089986991944
503556.504	275	0.83	-7.903089986991944
505907.366	275	0.835	-7.903089986991944
507670.86	275	0.84	-7.903089986991944
509496.103	275	0.845	-7.903089986991944
512150.807	275	0.85	-7.903089986991944
513506.366	275	0.855	-7.903089986991944
517039.4	275	0.86	-7.903089986991944
519466.938	275	0.865	-7.903089986991944
524996.548	275	0.87	-7.903089986991944
528642.679	275	0.875	-7.903089986991944
529680.686	275	0.88	-7.903089986991944
532837.019	275	0.885	-7.903089986991944
535620.411	275	0.89	-7.903089986991944
537794.828	275	0.895	-7.903089986991944
543551.557	275	0.9	-7.903089986991944
545447.685	275	0.905	-7.903089986991944
548228.681	275	0.91	-7.903089986991944
550436.775	275	0.915	-7.903089986991944
553437.494	275	0.92	-7.903089986991944
556407.159	275	0.925	-7.903089986991944
563826.719	275	0.93	-7.903089986991944
564913.462	275	0.935	-7.903089986991944
570398.786	275	0.94	-7.903089986991944
580913.378	275	0.945	-7.903089986991944
593810.079	275	0.95	-7.903089986991944
598834.34	275	0.955	-7.903089986991944
610403.314	275	0.96	-7.903089986991944
620848.546	275	0.965	-7.903089986991944
635996.143	275	0.97	-7.903089986991944
646011.379	275	0.975	-7.903089986991944
662903.966	275	0.98	-7.903089986991944
674818.351	275	0.985	-7.903089986991944
685115.029	275	0.99	-7.903089986991944
704185.799	275	0.995	-7.903089986991944
420543.679	300	0.5	-7.903089986991944
421745.277	300	0.505	-7.903089986991944
423185.593	300	0.51	-7.903089986991944
423823.941	300	0.515	-7.903089986991944
424940.686	300	0.52	-7.903089986991944
425432.643	300	0.525	-7.903089986991944
426002.405	300	0.53	-7.903089986991944
426638.31	300	0.535	-7.903089986991944
427478.996	300	0.54	-7.903089986991944
428969.748	300	0.545	-7.903089986991944
429744.55	300	0.55	-7.903089986991944
431940.386	300	0.555	-7.903089986991944
434403.034	300	0.56	-7.903089986991944
435701.25	300	0.565	-7.903089986991944
436737.692	300	0.57	-7.903089986991944
437556.893	300	0.575	-7.903089986991944
438609.029	300	0.58	-7.903089986991944
439984.549	300	0.585	-7.903089986991944
440959.399	300	0.59	-7.903089986991944
442904.042	300	0.595	-7.903089986991944
444162.0	300	0.6	-7.903089986991944
445044.499	300	0.605	-7.903089986991944
445986.944	300	0.61	-7.903089986991944
447408.702	300	0.615	-7.903089986991944
448444.309	300	0.62	-7.903089986991944
449751.83	300	0.625	-7.903089986991944
451482.919	300	0.63	-7.903089986991944
452544.89	300	0.635	-7.903089986991944
454979.111	300	0.64	-7.903089986991944
456492.366	300	0.645	-7.903089986991944
458535.525	300	0.65	-7.903089986991944
460042.278	300	0.655	-7.903089986991944
461668.596	300	0.66	-7.903089986991944
462623.41	300	0.665	-7.903089986991944
464643.514	300	0.67	-7.903089986991944
465851.87	300	0.675	-7.903089986991944
466578.709	300	0.68	-7.903089986991944
468841.132	300	0.685	-7.903089986991944
470578.691	300	0.69	-7.903089986991944
472384.708	300	0.695	-7.903089986991944
474074.064	300	0.7	-7.903089986991944
477668.488	300	0.705	-7.903089986991944
479417.869	300	0.71	-7.903089986991944
481230.313	300	0.715	-7.903089986991944
482325.034	300	0.72	-7.903089986991944
484276.029	300	0.725	-7.903089986991944
485364.667	300	0.73	-7.903089986991944
486643.961	300	0.735	-7.903089986991944
488660.123	300	0.74	-7.903089986991944
489403.133	300	0.745	-7.903089986991944
491784.714	300	0.75	-7.903089986991944
492859.943	300	0.755	-7.903089986991944
496154.12	300	0.76	-7.903089986991944
499990.096	300	0.765	-7.903089986991944
500669.985	300	0.77	-7.903089986991944
502635.714	300	0.775	-7.903089986991944
505543.563	300	0.78	-7.903089986991944
506364.109	300	0.785	-7.903089986991944
508274.191	300	0.79	-7.903089986991944
511736.685	300	0.795	-7.903089986991944
514027.086	300	0.8	-7.903089986991944
516302.121	300	0.805	-7.903089986991944
517598.816	300	0.81	-7.903089986991944
519935.436	300	0.815	-7.903089986991944
523746.54	300	0.82	-7.903089986991944
524843.739	300	0.825	-7.903089986991944
527315.178	300	0.83	-7.903089986991944
528012.464	300	0.835	-7.903089986991944
530617.546	300	0.84	-7.903089986991944
533340.547	300	0.845	-7.903089986991944
537135.489	300	0.85	-7.903089986991944
541939.854	300	0.855	-7.903089986991944
543344.474	300	0.86	-7.903089986991944
546294.511	300	0.865	-7.903089986991944
549271.543	300	0.87	-7.903089986991944
552641.08	300	0.875	-7.903089986991944
554407.671	300	0.88	-7.903089986991944
559495.0	300	0.885	-7.903089986991944
567791.686	300	0.89	-7.903089986991944
571169.207	300	0.895	-7.903089986991944
575280.143	300	0.9	-7.903089986991944
578407.078	300	0.905	-7.903089986991944
581220.8	300	0.91	-7.903089986991944
586103.88	300	0.915	-7.903089986991944
595188.506	300	0.92	-7.903089986991944
599068.963	300	0.925	-7.903089986991944
604615.929	300	0.93	-7.903089986991944
613913.998	300	0.935	-7.903089986991944
619477.8	300	0.94	-7.903089986991944
624487.265	300	0.945	-7.903089986991944
630919.529	300	0.95	-7.903089986991944
638794.121	300	0.955	-7.903089986991944
648358.274	300	0.96	-7.903089986991944
653977.359	300	0.965	-7.903089986991944
661089.614	300	0.97	-7.903089986991944
674809.321	300	0.975	-7.903089986991944
689529.057	300	0.98	-7.903089986991944
720533.157	300	0.985	-7.903089986991944
735214.967	300	0.99	-7.903089986991944
759211.214	300	0.995	-7.903089986991944
446802.714	325	0.5	-7.903089986991944
448416.368	325	0.505	-7.903089986991944
450316.332	325	0.51	-7.903089986991944
451351.021	325	0.515	-7.903089986991944
452925.189	325	0.52	-7.903089986991944
454449.336	325	0.525	-7.903089986991944
456149.53	325	0.53	-7.903089986991944
457394.407	325	0.535	-7.903089986991944
458064.543	325	0.54	-7.903089986991944
459211.042	325	0.545	-7.903089986991944
460090.786	325	0.55	-7.903089986991944
461818.792	325	0.555	-7.903089986991944
463080.317	325	0.56	-7.903089986991944
464197.376	325	0.565	-7.903089986991944
464979.086	325	0.57	-7.903089986991944
466108.75	325	0.575	-7.903089986991944
467521.881	325	0.58	-7.903089986991944
468873.71	325	0.585	-7.903089986991944
470105.114	325	0.59	-7.903089986991944
471154.971	325	0.595	-7.903089986991944
472981.743	325	0.6	-7.903089986991944
474019.685	325	0.605	-7.903089986991944
474887.788	325	0.61	-7.903089986991944
475842.996	325	0.615	-7.903089986991944
477477.16	325	0.62	-7.903089986991944
478877.768	325	0.625	-7.903089986991944
480775.076	325	0.63	-7.903089986991944
482127.771	325	0.635	-7.903089986991944
482979.117	325	0.64	-7.903089986991944
485483.373	325	0.645	-7.903089986991944
488583.879	325	0.65	-7.903089986991944
490249.721	325	0.655	-7.903089986991944
491485.951	325	0.66	-7.903089986991944
493051.231	325	0.665	-7.903089986991944
493509.614	325	0.67	-7.903089986991944
494672.677	325	0.675	-7.903089986991944
497011.129	325	0.68	-7.903089986991944
498929.893	325	0.685	-7.903089986991944
500083.157	325	0.69	-7.903089986991944
501073.336	325	0.695	-7.903089986991944
503914.05	325	0.7	-7.903089986991944
504887.922	325	0.705	-7.903089986991944
507494.557	325	0.71	-7.903089986991944
508873.354	325	0.715	-7.903089986991944
509980.103	325	0.72	-7.903089986991944
511324.679	325	0.725	-7.903089986991944
514056.201	325	0.73	-7.903089986991944
515006.965	325	0.735	-7.903089986991944
517139.74	325	0.74	-7.903089986991944
518998.068	325	0.745	-7.903089986991944
521484.161	325	0.75	-7.903089986991944
525409.386	325	0.755	-7.903089986991944
527012.166	325	0.76	-7.903089986991944
528049.005	325	0.765	-7.903089986991944
530187.213	325	0.77	-7.903089986991944
530878.123	325	0.775	-7.903089986991944
532679.643	325	0.78	-7.903089986991944
534612.42	325	0.785	-7.903089986991944
536733.701	325	0.79	-7.903089986991944
539723.907	325	0.795	-7.903089986991944
541150.171	325	0.8	-7.903089986991944
544530.565	325	0.805	-7.903089986991944
547279.467	325	0.81	-7.903089986991944
550332.03	325	0.815	-7.903089986991944
552645.044	325	0.82	-7.903089986991944
553873.227	325	0.825	-7.903089986991944
556486.564	325	0.83	-7.903089986991944
559388.705	325	0.835	-7.903089986991944
562223.886	325	0.84	-7.903089986991944
564815.928	325	0.845	-7.903089986991944
566386.704	325	0.85	-7.903089986991944
568381.575	325	0.855	-7.903089986991944
571145.229	325	0.86	-7.903089986991944
573102.791	325	0.865	-7.903089986991944
575211.162	325	0.87	-7.903089986991944
577825.973	325	0.875	-7.903089986991944
580642.349	325	0.88	-7.903089986991944
582716.912	325	0.885	-7.903089986991944
586792.183	325	0.89	-7.903089986991944
589052.507	325	0.895	-7.903089986991944
591282.343	325	0.9	-7.903089986991944
597070.765	325	0.905	-7.903089986991944
601823.384	325	0.91	-7.903089986991944
605588.536	325	0.915	-7.903089986991944
608749.051	325	0.92	-7.903089986991944
611771.113	325	0.925	-7.903089986991944
620598.181	325	0.93	-7.903089986991944
625411.061	325	0.935	-7.903089986991944
633026.393	325	0.94	-7.903089986991944
642737.407	325	0.945	-7.903089986991944
646298.993	325	0.95	-7.903089986991944
659923.215	325	0.955	-7.903089986991944
666316.366	325	0.96	-7.903089986991944
678107.355	325	0.965	-7.903089986991944
686924.353	325	0.97	-7.903089986991944
700162.143	325	0.975	-7.903089986991944
710260.943	325	0.98	-7.903089986991944
725050.121	325	0.985	-7.903089986991944
749658.843	325	0.99	-7.903089986991944
790035.607	325	0.995	-7.903089986991944
472091.607	350	0.5	-7.903089986991944
472739.05	350	0.505	-7.903089986991944
473667.566	350	0.51	-7.903089986991944
475161.164	350	0.515	-7.903089986991944
476246.129	350	0.52	-7.903089986991944
476909.929	350	0.525	-7.903089986991944
477966.811	350	0.53	-7.903089986991944
479230.75	350	0.535	-7.903089986991944
479981.409	350	0.54	-7.903089986991944
481142.865	350	0.545	-7.903089986991944
483754.375	350	0.55	-7.903089986991944
485171.361	350	0.555	-7.903089986991944
487641.3	350	0.56	-7.903089986991944
489849.705	350	0.565	-7.903089986991944
491762.129	350	0.57	-7.903089986991944
492446.098	350	0.575	-7.903089986991944
493560.724	350	0.58	-7.903089986991944
495134.212	350	0.585	-7.903089986991944
495841.006	350	0.59	-7.903089986991944
497320.029	350	0.595	-7.903089986991944
498719.686	350	0.6	-7.903089986991944
500026.161	350	0.605	-7.903089986991944
501189.039	350	0.61	-7.903089986991944
503148.882	350	0.615	-7.903089986991944
503875.853	350	0.62	-7.903089986991944
506210.446	350	0.625	-7.903089986991944
507352.478	350	0.63	-7.903089986991944
509838.069	350	0.635	-7.903089986991944
510468.674	350	0.64	-7.903089986991944
510976.965	350	0.645	-7.903089986991944
512001.679	350	0.65	-7.903089986991944
514581.585	350	0.655	-7.903089986991944
516133.036	350	0.66	-7.903089986991944
517681.979	350	0.665	-7.903089986991944
518890.677	350	0.67	-7.903089986991944
519549.121	350	0.675	-7.903089986991944
521515.306	350	0.68	-7.903089986991944
522748.707	350	0.685	-7.903089986991944
525087.936	350	0.69	-7.903089986991944
526639.222	350	0.695	-7.903089986991944
529709.757	350	0.7	-7.903089986991944
532095.565	350	0.705	-7.903089986991944
535686.546	350	0.71	-7.903089986991944
536921.407	350	0.715	-7.903089986991944
539978.837	350	0.72	-7.903089986991944
543521.591	350	0.725	-7.903089986991944
544570.115	350	0.73	-7.903089986991944
547055.462	350	0.735	-7.903089986991944
548933.013	350	0.74	-7.903089986991944
550210.652	350	0.745	-7.903089986991944
551542.179	350	0.75	-7.903089986991944
552566.975	350	0.755	-7.903089986991944
555094.537	350	0.76	-7.903089986991944
556875.566	350	0.765	-7.903089986991944
558002.233	350	0.77	-7.903089986991944
559122.9	350	0.775	-7.903089986991944
560588.094	350	0.78	-7.903089986991944
564513.37	350	0.785	-7.903089986991944
566842.17	350	0.79	-7.903089986991944
568529.58	350	0.795	-7.903089986991944
572518.014	350	0.8	-7.903089986991944
576054.269	350	0.805	-7.903089986991944
579914.329	350	0.81	-7.903089986991944
583236.566	350	0.815	-7.903089986991944
585489.537	350	0.82	-7.903089986991944
588006.325	350	0.825	-7.903089986991944
590782.589	350	0.83	-7.903089986991944
594931.164	350	0.835	-7.903089986991944
596712.017	350	0.84	-7.903089986991944
601513.593	350	0.845	-7.903089986991944
604011.793	350	0.85	-7.903089986991944
606316.387	350	0.855	-7.903089986991944
616025.576	350	0.86	-7.903089986991944
617114.375	350	0.865	-7.903089986991944
620226.654	350	0.87	-7.903089986991944
623896.232	350	0.875	-7.903089986991944
626340.154	350	0.88	-7.903089986991944
628760.242	350	0.885	-7.903089986991944
632563.01	350	0.89	-7.903089986991944
636880.331	350	0.895	-7.903089986991944
641035.15	350	0.9	-7.903089986991944
645892.922	350	0.905	-7.903089986991944
649529.2	350	0.91	-7.903089986991944
655010.437	350	0.915	-7.903089986991944
659226.9	350	0.92	-7.903089986991944
665889.857	350	0.925	-7.903089986991944
672249.724	350	0.93	-7.903089986991944
679615.282	350	0.935	-7.903089986991944
683456.789	350	0.94	-7.903089986991944
695619.054	350	0.945	-7.903089986991944
704666.139	350	0.95	-7.903089986991944
710696.134	350	0.955	-7.903089986991944
721263.429	350	0.96	-7.903089986991944
734091.881	350	0.965	-7.903089986991944
742788.129	350	0.97	-7.903089986991944
750212.643	350	0.975	-7.903089986991944
756333.96	350	0.98	-7.903089986991944
783672.303	350	0.985	-7.903089986991944
796371.369	350	0.99	-7.903089986991944
820578.75	350	0.995	-7.903089986991944
487331.5	375	0.5	-7.903089986991944
488326.201	375	0.505	-7.903089986991944
489764.092	375	0.51	-7.903089986991944
491017.734	375	0.515	-7.903089986991944
491940.02	375	0.52	-7.903089986991944
492972.698	375	0.525	-7.903089986991944
493802.909	375	0.53	-7.903089986991944
495172.403	375	0.535	-7.903089986991944
496150.547	375	0.54	-7.903089986991944
497896.434	375	0.545	-7.903089986991944
499112.207	375	0.55	-7.903089986991944
500066.175	375	0.555	-7.903089986991944
500620.994	375	0.56	-7.903089986991944
502264.669	375	0.565	-7.903089986991944
503391.861	375	0.57	-7.903089986991944
504649.734	375	0.575	-7.903089986991944
505573.027	375	0.58	-7.903089986991944
507530.274	375	0.585	-7.903089986991944
508428.074	375	0.59	-7.903089986991944
509290.667	375	0.595	-7.903089986991944
510635.014	375	0.6	-7.903089986991944
512191.395	375	0.605	-7.903089986991944
513533.729	375	0.61	-7.903089986991944
516244.291	375	0.615	-7.903089986991944
517630.836	375	0.62	-7.903089986991944
521961.286	375	0.625	-7.903089986991944
523556.314	375	0.63	-7.903089986991944
524961.964	375	0.635	-7.903089986991944
525941.283	375	0.64	-7.903089986991944
528403.662	375	0.645	-7.903089986991944
529822.932	375	0.65	-7.903089986991944
531370.477	375	0.655	-7.903089986991944
532276.381	375	0.66	-7.903089986991944
534114.066	375	0.665	-7.903089986991944
534899.776	375	0.67	-7.903089986991944
535902.952	375	0.675	-7.903089986991944
538396.229	375	0.68	-7.903089986991944
540954.184	375	0.685	-7.903089986991944
541866.463	375	0.69	-7.903089986991944
542783.678	375	0.695	-7.903089986991944
546132.143	375	0.7	-7.903089986991944
548408.133	375	0.705	-7.903089986991944
550024.089	375	0.71	-7.903089986991944
552073.674	375	0.715	-7.903089986991944
556164.026	375	0.72	-7.903089986991944
557247.6	375	0.725	-7.903089986991944
558869.847	375	0.73	-7.903089986991944
560256.09	375	0.735	-7.903089986991944
564008.723	375	0.74	-7.903089986991944
565507.852	375	0.745	-7.903089986991944
568535.875	375	0.75	-7.903089986991944
569468.301	375	0.755	-7.903089986991944
573188.454	375	0.76	-7.903089986991944
576373.009	375	0.765	-7.903089986991944
578128.886	375	0.77	-7.903089986991944
583044.482	375	0.775	-7.903089986991944
588201.126	375	0.78	-7.903089986991944
589852.87	375	0.785	-7.903089986991944
592376.571	375	0.79	-7.903089986991944
594749.874	375	0.795	-7.903089986991944
598007.143	375	0.8	-7.903089986991944
600896.957	375	0.805	-7.903089986991944
603824.571	375	0.81	-7.903089986991944
606028.287	375	0.815	-7.903089986991944
608236.764	375	0.82	-7.903089986991944
611570.523	375	0.825	-7.903089986991944
615894.598	375	0.83	-7.903089986991944
618311.004	375	0.835	-7.903089986991944
621470.494	375	0.84	-7.903089986991944
628082.5	375	0.845	-7.903089986991944
634283.082	375	0.85	-7.903089986991944
640673.591	375	0.855	-7.903089986991944
644258.6	375	0.86	-7.903089986991944
647940.238	375	0.865	-7.903089986991944
649851.991	375	0.87	-7.903089986991944
653656.241	375	0.875	-7.903089986991944
656756.406	375	0.88	-7.903089986991944
661839.381	375	0.885	-7.903089986991944
666006.214	375	0.89	-7.903089986991944
667877.672	375	0.895	-7.903089986991944
672977.857	375	0.9	-7.903089986991944
681824.8	375	0.905	-7.903089986991944
686000.264	375	0.91	-7.903089986991944
693646.102	375	0.915	-7.903089986991944
702412.946	375	0.92	-7.903089986991944
707141.834	375	0.925	-7.903089986991944
712140.186	375	0.93	-7.903089986991944
719524.457	375	0.935	-7.903089986991944
730230.616	375	0.94	-7.903089986991944
733439.357	375	0.945	-7.903089986991944
746559.286	375	0.95	-7.903089986991944
754253.44	375	0.955	-7.903089986991944
768185.257	375	0.96	-7.903089986991944
774359.459	375	0.965	-7.903089986991944
785133.671	375	0.97	-7.903089986991944
791395.859	375	0.975	-7.903089986991944
805817.537	375	0.98	-7.903089986991944
836481.764	375	0.985	-7.903089986991944
865391.928	375	0.99	-7.903089986991944
907170.398	375	0.995	-7.903089986991944
509728.786	400	0.5	-7.903089986991944
510227.959	400	0.505	-7.903089986991944
510944.736	400	0.51	-7.903089986991944
511978.265	400	0.515	-7.903089986991944
512502.057	400	0.52	-7.903089986991944
513771.212	400	0.525	-7.903089986991944
515711.112	400	0.53	-7.903089986991944
517055.303	400	0.535	-7.903089986991944
518113.447	400	0.54	-7.903089986991944
519707.19	400	0.545	-7.903089986991944
522478.518	400	0.55	-7.903089986991944
524263.826	400	0.555	-7.903089986991944
526502.691	400	0.56	-7.903089986991944
527952.56	400	0.565	-7.903089986991944
530045.761	400	0.57	-7.903089986991944
531980.373	400	0.575	-7.903089986991944
533203.659	400	0.58	-7.903089986991944
534711.48	400	0.585	-7.903089986991944
536481.229	400	0.59	-7.903089986991944
538300.271	400	0.595	-7.903089986991944
542039.8	400	0.6	-7.903089986991944
545281.362	400	0.605	-7.903089986991944
546971.484	400	0.61	-7.903089986991944
548617.666	400	0.615	-7.903089986991944
550506.886	400	0.62	-7.903089986991944
552889.098	400	0.625	-7.903089986991944
554250.621	400	0.63	-7.903089986991944
556594.279	400	0.635	-7.903089986991944
561090.337	400	0.64	-7.903089986991944
563380.341	400	0.645	-7.903089986991944
565584.854	400	0.65	-7.903089986991944
566623.334	400	0.655	-7.903089986991944
568027.379	400	0.66	-7.903089986991944
569633.617	400	0.665	-7.903089986991944
570753.542	400	0.67	-7.903089986991944
572443.138	400	0.675	-7.903089986991944
574452.174	400	0.68	-7.903089986991944
575833.0	400	0.685	-7.903089986991944
577817.901	400	0.69	-7.903089986991944
579426.949	400	0.695	-7.903089986991944
580344.95	400	0.7	-7.903089986991944
581376.274	400	0.705	-7.903089986991944
585680.644	400	0.71	-7.903089986991944
587310.966	400	0.715	-7.903089986991944
592011.277	400	0.72	-7.903089986991944
594233.218	400	0.725	-7.903089986991944
595644.439	400	0.73	-7.903089986991944
597969.303	400	0.735	-7.903089986991944
599272.113	400	0.74	-7.903089986991944
601123.568	400	0.745	-7.903089986991944
604657.464	400	0.75	-7.903089986991944
610886.386	400	0.755	-7.903089986991944
613764.766	400	0.76	-7.903089986991944
616036.368	400	0.765	-7.903089986991944
617531.077	400	0.77	-7.903089986991944
618456.032	400	0.775	-7.903089986991944
621272.19	400	0.78	-7.903089986991944
624669.653	400	0.785	-7.903089986991944
628087.594	400	0.79	-7.903089986991944
631265.806	400	0.795	-7.903089986991944
633409.143	400	0.8	-7.903089986991944
639181.315	400	0.805	-7.903089986991944
641917.545	400	0.81	-7.903089986991944
644982.236	400	0.815	-7.903089986991944
647480.559	400	0.82	-7.903089986991944
651246.155	400	0.825	-7.903089986991944
653010.499	400	0.83	-7.903089986991944
657877.057	400	0.835	-7.903089986991944
661130.809	400	0.84	-7.903089986991944
663535.372	400	0.845	-7.903089986991944
666089.214	400	0.85	-7.903089986991944
674453.838	400	0.855	-7.903089986991944
679993.361	400	0.86	-7.903089986991944
685692.019	400	0.865	-7.903089986991944
687598.087	400	0.87	-7.903089986991944
694415.554	400	0.875	-7.903089986991944
698656.123	400	0.88	-7.903089986991944
701006.435	400	0.885	-7.903089986991944
708124.336	400	0.89	-7.903089986991944
710256.203	400	0.895	-7.903089986991944
719918.843	400	0.9	-7.903089986991944
725642.894	400	0.905	-7.903089986991944
726784.208	400	0.91	-7.903089986991944
730555.662	400	0.915	-7.903089986991944
735563.394	400	0.92	-7.903089986991944
744388.888	400	0.925	-7.903089986991944
757357.071	400	0.93	-7.903089986991944
766831.375	400	0.935	-7.903089986991944
777096.197	400	0.94	-7.903089986991944
785106.001	400	0.945	-7.903089986991944
790579.546	400	0.95	-7.903089986991944
795067.059	400	0.955	-7.903089986991944
802319.829	400	0.96	-7.903089986991944
812700.853	400	0.965	-7.903089986991944
830646.769	400	0.97	-7.903089986991944
839311.393	400	0.975	-7.903089986991944
849160.487	400	0.98	-7.903089986991944
881474.5	400	0.985	-7.903089986991944
895702.0	400	0.99	-7.903089986991944
934676.657	400	0.995	-7.903089986991944
541867.143	425	0.5	-7.903089986991944
543004.855	425	0.505	-7.903089986991944
543851.655	425	0.51	-7.903089986991944
544721.004	425	0.515	-7.903089986991944
546247.84	425	0.52	-7.903089986991944
547677.255	425	0.525	-7.903089986991944
548657.423	425	0.53	-7.903089986991944
550152.003	425	0.535	-7.903089986991944
551565.936	425	0.54	-7.903089986991944
552704.97	425	0.545	-7.903089986991944
554051.786	425	0.55	-7.903089986991944
555387.454	425	0.555	-7.903089986991944
557278.594	425	0.56	-7.903089986991944
559272.295	425	0.565	-7.903089986991944
561383.149	425	0.57	-7.903089986991944
564037.129	425	0.575	-7.903089986991944
565911.68	425	0.58	-7.903089986991944
568916.128	425	0.585	-7.903089986991944
570585.026	425	0.59	-7.903089986991944
572406.109	425	0.595	-7.903089986991944
575090.243	425	0.6	-7.903089986991944
575600.95	425	0.605	-7.903089986991944
576497.641	425	0.61	-7.903089986991944
579474.818	425	0.615	-7.903089986991944
581446.014	425	0.62	-7.903089986991944
583567.652	425	0.625	-7.903089986991944
584840.743	425	0.63	-7.903089986991944
586587.01	425	0.635	-7.903089986991944
588619.886	425	0.64	-7.903089986991944
591121.37	425	0.645	-7.903089986991944
592987.761	425	0.65	-7.903089986991944
594029.161	425	0.655	-7.903089986991944
595144.89	425	0.66	-7.903089986991944
597837.429	425	0.665	-7.903089986991944
602138.643	425	0.67	-7.903089986991944
604176.338	425	0.675	-7.903089986991944
604370.709	425	0.68	-7.903089986991944
605368.418	425	0.685	-7.903089986991944
607654.871	425	0.69	-7.903089986991944
608656.866	425	0.695	-7.903089986991944
611263.114	425	0.7	-7.903089986991944
612173.643	425	0.705	-7.903089986991944
616085.998	425	0.71	-7.903089986991944
618047.232	425	0.715	-7.903089986991944
620437.746	425	0.72	-7.903089986991944
622355.638	425	0.725	-7.903089986991944
623599.281	425	0.73	-7.903089986991944
627580.536	425	0.735	-7.903089986991944
628910.177	425	0.74	-7.903089986991944
629799.919	425	0.745	-7.903089986991944
633515.107	425	0.75	-7.903089986991944
635992.581	425	0.755	-7.903089986991944
640436.354	425	0.76	-7.903089986991944
645060.635	425	0.765	-7.903089986991944
650012.044	425	0.77	-7.903089986991944
653065.357	425	0.775	-7.903089986991944
656812.257	425	0.78	-7.903089986991944
658944.29	425	0.785	-7.903089986991944
662514.698	425	0.79	-7.903089986991944
664648.129	425	0.795	-7.903089986991944
665701.071	425	0.8	-7.903089986991944
666757.343	425	0.805	-7.903089986991944
672383.371	425	0.81	-7.903089986991944
674347.087	425	0.815	-7.903089986991944
677750.886	425	0.82	-7.903089986991944
679850.477	425	0.825	-7.903089986991944
682392.094	425	0.83	-7.903089986991944
684587.917	425	0.835	-7.903089986991944
692739.509	425	0.84	-7.903089986991944
696025.64	425	0.845	-7.903089986991944
700614.429	425	0.85	-7.903089986991944
704596.788	425	0.855	-7.903089986991944
707681.276	425	0.86	-7.903089986991944
713624.253	425	0.865	-7.903089986991944
719382.434	425	0.87	-7.903089986991944
725759.321	425	0.875	-7.903089986991944
730338.026	425	0.88	-7.903089986991944
736408.829	425	0.885	-7.903089986991944
739755.331	425	0.89	-7.903089986991944
752400.619	425	0.895	-7.903089986991944
755473.286	425	0.9	-7.903089986991944
757544.416	425	0.905	-7.903089986991944
761994.314	425	0.91	-7.903089986991944
763733.336	425	0.915	-7.903089986991944
766391.686	425	0.92	-7.903089986991944
772380.271	425	0.925	-7.903089986991944
775446.648	425	0.93	-7.903089986991944
778619.073	425	0.935	-7.903089986991944
780637.597	425	0.94	-7.903089986991944
785633.714	425	0.945	-7.903089986991944
795998.071	425	0.95	-7.903089986991944
809702.888	425	0.955	-7.903089986991944
817171.763	425	0.96	-7.903089986991944
827480.266	425	0.965	-7.903089986991944
845574.843	425	0.97	-7.903089986991944
868180.393	425	0.975	-7.903089986991944
876481.886	425	0.98	-7.903089986991944
894360.021	425	0.985	-7.903089986991944
913240.914	425	0.99	-7.903089986991944
980760.907	425	0.995	-7.903089986991944
556760.679	450	0.5	-7.903089986991944
559864.069	450	0.505	-7.903089986991944
561506.181	450	0.51	-7.903089986991944
562231.456	450	0.515	-7.903089986991944
564250.909	450	0.52	-7.903089986991944
566007.898	450	0.525	-7.903089986991944
566900.426	450	0.53	-7.903089986991944
569130.98	450	0.535	-7.903089986991944
571720.914	450	0.54	-7.903089986991944
573084.709	450	0.545	-7.903089986991944
574467.493	450	0.55	-7.903089986991944
575817.043	450	0.555	-7.903089986991944
577341.223	450	0.56	-7.903089986991944
579294.6	450	0.565	-7.903089986991944
581254.1	450	0.57	-7.903089986991944
581807.77	450	0.575	-7.903089986991944
584873.041	450	0.58	-7.903089986991944
586298.86	450	0.585	-7.903089986991944
588440.446	450	0.59	-7.903089986991944
589681.043	450	0.595	-7.903089986991944
591274.057	450	0.6	-7.903089986991944
592931.592	450	0.605	-7.903089986991944
593878.756	450	0.61	-7.903089986991944
595536.384	450	0.615	-7.903089986991944
596765.197	450	0.62	-7.903089986991944
597255.295	450	0.625	-7.903089986991944
600135.691	450	0.63	-7.903089986991944
601144.528	450	0.635	-7.903089986991944
603457.12	450	0.64	-7.903089986991944
606189.439	450	0.645	-7.903089986991944
607050.807	450	0.65	-7.903089986991944
609129.405	450	0.655	-7.903089986991944
611043.79	450	0.66	-7.903089986991944
612564.41	450	0.665	-7.903089986991944
614435.3	450	0.67	-7.903089986991944
615990.855	450	0.675	-7.903089986991944
617460.706	450	0.68	-7.903089986991944
618208.112	450	0.685	-7.903089986991944
619629.276	450	0.69	-7.903089986991944
621433.127	450	0.695	-7.903089986991944
622964.314	450	0.7	-7.903089986991944
626077.856	450	0.705	-7.903089986991944
629981.748	450	0.71	-7.903089986991944
633394.111	450	0.715	-7.903089986991944
636742.889	450	0.72	-7.903089986991944
639179.007	450	0.725	-7.903089986991944
641231.2	450	0.73	-7.903089986991944
643230.459	450	0.735	-7.903089986991944
645069.086	450	0.74	-7.903089986991944
646582.211	450	0.745	-7.903089986991944
648921.625	450	0.75	-7.903089986991944
651152.014	450	0.755	-7.903089986991944
653782.08	450	0.76	-7.903089986991944
655463.87	450	0.765	-7.903089986991944
656478.541	450	0.77	-7.903089986991944
660207.825	450	0.775	-7.903089986991944
664115.114	450	0.78	-7.903089986991944
667011.85	450	0.785	-7.903089986991944
670714.271	450	0.79	-7.903089986991944
677490.629	450	0.795	-7.903089986991944
681882.8	450	0.8	-7.903089986991944
686939.569	450	0.805	-7.903089986991944
696160.599	450	0.81	-7.903089986991944
700485.847	450	0.815	-7.903089986991944
702735.37	450	0.82	-7.903089986991944
705029.664	450	0.825	-7.903089986991944
708279.961	450	0.83	-7.903089986991944
711667.286	450	0.835	-7.903089986991944
715637.403	450	0.84	-7.903089986991944
719236.329	450	0.845	-7.903089986991944
724330.593	450	0.85	-7.903089986991944
726589.118	450	0.855	-7.903089986991944
730489.94	450	0.86	-7.903089986991944
734686.98	450	0.865	-7.903089986991944
741445.686	450	0.87	-7.903089986991944
744821.607	450	0.875	-7.903089986991944
750559.723	450	0.88	-7.903089986991944
753682.057	450	0.885	-7.903089986991944
757505.354	450	0.89	-7.903089986991944
763689.386	450	0.895	-7.903089986991944
770391.571	450	0.9	-7.903089986991944
778197.721	450	0.905	-7.903089986991944
782249.727	450	0.91	-7.903089986991944
791161.784	450	0.915	-7.903089986991944
796208.966	450	0.92	-7.903089986991944
797756.077	450	0.925	-7.903089986991944
809519.021	450	0.93	-7.903089986991944
812404.176	450	0.935	-7.903089986991944
819153.76	450	0.94	-7.903089986991944
831124.921	450	0.945	-7.903089986991944
834851.861	450	0.95	-7.903089986991944
843706.71	450	0.955	-7.903089986991944
857484.189	450	0.96	-7.903089986991944
874725.126	450	0.965	-7.903089986991944
893720.357	450	0.97	-7.903089986991944
908162.5	450	0.975	-7.903089986991944
917279.086	450	0.98	-7.903089986991944
960740.064	450	0.985	-7.903089986991944
968960.471	450	0.99	-7.903089986991944
1012619.929	450	0.995	-7.903089986991944
