S*_score	SNP_num	quantile	log(local_recomb_rate)
115839.286	25	0.5	-7.903089986991944
116223.218	25	0.505	-7.903089986991944
117766.88	25	0.51	-7.903089986991944
118484.3	25	0.515	-7.903089986991944
119085.6	25	0.52	-7.903089986991944
119576.5	25	0.525	-7.903089986991944
120379.433	25	0.53	-7.903089986991944
120776.597	25	0.535	-7.903089986991944
121182.269	25	0.54	-7.903089986991944
121808.582	25	0.545	-7.903089986991944
122194.0	25	0.55	-7.903089986991944
122581.95	25	0.555	-7.903089986991944
122723.36	25	0.56	-7.903089986991944
122957.375	25	0.565	-7.903089986991944
123188.857	25	0.57	-7.903089986991944
123898.808	25	0.575	-7.903089986991944
124574.44	25	0.58	-7.903089986991944
125443.696	25	0.585	-7.903089986991944
126035.429	25	0.59	-7.903089986991944
126428.2	25	0.595	-7.903089986991944
127436.0	25	0.6	-7.903089986991944
128757.2	25	0.605	-7.903089986991944
129251.21	25	0.61	-7.903089986991944
129983.4	25	0.615	-7.903089986991944
130651.765	25	0.62	-7.903089986991944
131082.5	25	0.625	-7.903089986991944
131841.8	25	0.63	-7.903089986991944
132263.521	25	0.635	-7.903089986991944
132396.0	25	0.64	-7.903089986991944
133145.625	25	0.645	-7.903089986991944
133583.344	25	0.65	-7.903089986991944
134913.086	25	0.655	-7.903089986991944
135111.2	25	0.66	-7.903089986991944
135490.152	25	0.665	-7.903089986991944
135888.4	25	0.67	-7.903089986991944
136280.956	25	0.675	-7.903089986991944
136516.56	25	0.68	-7.903089986991944
136828.4	25	0.685	-7.903089986991944
137410.6	25	0.69	-7.903089986991944
137820.1	25	0.695	-7.903089986991944
138309.6	25	0.7	-7.903089986991944
139256.8	25	0.705	-7.903089986991944
140343.381	25	0.71	-7.903089986991944
141381.792	25	0.715	-7.903089986991944
142049.244	25	0.72	-7.903089986991944
142307.0	25	0.725	-7.903089986991944
142455.014	25	0.73	-7.903089986991944
142772.095	25	0.735	-7.903089986991944
142886.533	25	0.74	-7.903089986991944
143482.25	25	0.745	-7.903089986991944
144309.835	25	0.75	-7.903089986991944
144675.383	25	0.755	-7.903089986991944
145536.923	25	0.76	-7.903089986991944
146457.814	25	0.765	-7.903089986991944
147390.733	25	0.77	-7.903089986991944
147699.675	25	0.775	-7.903089986991944
147914.74	25	0.78	-7.903089986991944
148385.1	25	0.785	-7.903089986991944
149168.4	25	0.79	-7.903089986991944
150312.8	25	0.795	-7.903089986991944
150635.6	25	0.8	-7.903089986991944
151234.879	25	0.805	-7.903089986991944
151905.25	25	0.81	-7.903089986991944
152754.506	25	0.815	-7.903089986991944
154111.417	25	0.82	-7.903089986991944
154700.75	25	0.825	-7.903089986991944
156462.6	25	0.83	-7.903089986991944
157224.005	25	0.835	-7.903089986991944
158070.933	25	0.84	-7.903089986991944
158872.009	25	0.845	-7.903089986991944
161376.172	25	0.85	-7.903089986991944
162452.3	25	0.855	-7.903089986991944
164037.185	25	0.86	-7.903089986991944
165169.077	25	0.865	-7.903089986991944
165479.33	25	0.87	-7.903089986991944
166592.5	25	0.875	-7.903089986991944
167357.6	25	0.88	-7.903089986991944
168043.7	25	0.885	-7.903089986991944
169722.0	25	0.89	-7.903089986991944
171272.971	25	0.895	-7.903089986991944
173308.769	25	0.9	-7.903089986991944
173793.232	25	0.905	-7.903089986991944
174226.0	25	0.91	-7.903089986991944
175643.7	25	0.915	-7.903089986991944
175957.714	25	0.92	-7.903089986991944
176852.989	25	0.925	-7.903089986991944
178705.9	25	0.93	-7.903089986991944
180602.6	25	0.935	-7.903089986991944
181733.2	25	0.94	-7.903089986991944
183580.227	25	0.945	-7.903089986991944
184585.333	25	0.95	-7.903089986991944
185242.582	25	0.955	-7.903089986991944
186568.8	25	0.96	-7.903089986991944
187673.286	25	0.965	-7.903089986991944
192823.5	25	0.97	-7.903089986991944
193758.269	25	0.975	-7.903089986991944
195585.2	25	0.98	-7.903089986991944
197902.267	25	0.985	-7.903089986991944
199022.2	25	0.99	-7.903089986991944
201289.735	25	0.995	-7.903089986991944
123299.833	50	0.5	-7.903089986991944
123870.71	50	0.505	-7.903089986991944
125016.985	50	0.51	-7.903089986991944
125413.857	50	0.515	-7.903089986991944
125735.733	50	0.52	-7.903089986991944
126104.444	50	0.525	-7.903089986991944
126308.892	50	0.53	-7.903089986991944
126850.089	50	0.535	-7.903089986991944
127141.1	50	0.54	-7.903089986991944
127814.0	50	0.545	-7.903089986991944
128684.286	50	0.55	-7.903089986991944
129290.471	50	0.555	-7.903089986991944
129670.6	50	0.56	-7.903089986991944
130005.886	50	0.565	-7.903089986991944
130552.571	50	0.57	-7.903089986991944
130981.538	50	0.575	-7.903089986991944
131473.765	50	0.58	-7.903089986991944
131951.71	50	0.585	-7.903089986991944
132351.615	50	0.59	-7.903089986991944
132860.871	50	0.595	-7.903089986991944
133676.364	50	0.6	-7.903089986991944
134082.0	50	0.605	-7.903089986991944
134919.6	50	0.61	-7.903089986991944
135405.748	50	0.615	-7.903089986991944
135810.0	50	0.62	-7.903089986991944
136460.0	50	0.625	-7.903089986991944
137088.0	50	0.63	-7.903089986991944
137736.0	50	0.635	-7.903089986991944
138067.2	50	0.64	-7.903089986991944
138437.752	50	0.645	-7.903089986991944
139024.286	50	0.65	-7.903089986991944
139555.506	50	0.655	-7.903089986991944
140065.84	50	0.66	-7.903089986991944
140905.714	50	0.665	-7.903089986991944
141171.429	50	0.67	-7.903089986991944
141861.583	50	0.675	-7.903089986991944
142181.254	50	0.68	-7.903089986991944
143067.7	50	0.685	-7.903089986991944
143609.119	50	0.69	-7.903089986991944
143973.543	50	0.695	-7.903089986991944
144350.0	50	0.7	-7.903089986991944
145215.429	50	0.705	-7.903089986991944
145950.4	50	0.71	-7.903089986991944
146156.0	50	0.715	-7.903089986991944
146480.571	50	0.72	-7.903089986991944
146937.214	50	0.725	-7.903089986991944
147322.597	50	0.73	-7.903089986991944
148452.243	50	0.735	-7.903089986991944
148733.492	50	0.74	-7.903089986991944
149011.564	50	0.745	-7.903089986991944
149640.0	50	0.75	-7.903089986991944
150743.733	50	0.755	-7.903089986991944
151953.818	50	0.76	-7.903089986991944
152633.857	50	0.765	-7.903089986991944
153527.429	50	0.77	-7.903089986991944
153977.667	50	0.775	-7.903089986991944
154410.46	50	0.78	-7.903089986991944
154787.314	50	0.785	-7.903089986991944
155133.956	50	0.79	-7.903089986991944
155436.882	50	0.795	-7.903089986991944
156362.5	50	0.8	-7.903089986991944
156984.0	50	0.805	-7.903089986991944
158237.234	50	0.81	-7.903089986991944
158887.692	50	0.815	-7.903089986991944
159786.0	50	0.82	-7.903089986991944
160220.0	50	0.825	-7.903089986991944
160933.4	50	0.83	-7.903089986991944
161969.671	50	0.835	-7.903089986991944
163814.906	50	0.84	-7.903089986991944
165005.959	50	0.845	-7.903089986991944
165511.333	50	0.85	-7.903089986991944
166089.273	50	0.855	-7.903089986991944
166478.667	50	0.86	-7.903089986991944
167453.867	50	0.865	-7.903089986991944
168331.029	50	0.87	-7.903089986991944
169320.0	50	0.875	-7.903089986991944
170286.314	50	0.88	-7.903089986991944
171010.857	50	0.885	-7.903089986991944
171878.669	50	0.89	-7.903089986991944
173500.434	50	0.895	-7.903089986991944
173965.25	50	0.9	-7.903089986991944
174658.719	50	0.905	-7.903089986991944
175920.56	50	0.91	-7.903089986991944
177494.969	50	0.915	-7.903089986991944
178362.1	50	0.92	-7.903089986991944
179868.571	50	0.925	-7.903089986991944
181964.0	50	0.93	-7.903089986991944
183340.057	50	0.935	-7.903089986991944
184157.029	50	0.94	-7.903089986991944
185752.579	50	0.945	-7.903089986991944
188100.0	50	0.95	-7.903089986991944
191084.923	50	0.955	-7.903089986991944
193140.336	50	0.96	-7.903089986991944
196164.543	50	0.965	-7.903089986991944
200084.571	50	0.97	-7.903089986991944
202122.5	50	0.975	-7.903089986991944
204617.2	50	0.98	-7.903089986991944
210722.371	50	0.985	-7.903089986991944
226382.486	50	0.99	-7.903089986991944
235315.941	50	0.995	-7.903089986991944
137361.7	75	0.5	-7.903089986991944
137561.969	75	0.505	-7.903089986991944
137857.7	75	0.51	-7.903089986991944
138509.429	75	0.515	-7.903089986991944
138677.714	75	0.52	-7.903089986991944
139150.0	75	0.525	-7.903089986991944
139959.364	75	0.53	-7.903089986991944
140170.508	75	0.535	-7.903089986991944
140609.467	75	0.54	-7.903089986991944
141215.222	75	0.545	-7.903089986991944
141540.0	75	0.55	-7.903089986991944
142114.49	75	0.555	-7.903089986991944
142785.327	75	0.56	-7.903089986991944
143437.5	75	0.565	-7.903089986991944
144057.429	75	0.57	-7.903089986991944
144594.1	75	0.575	-7.903089986991944
145430.0	75	0.58	-7.903089986991944
145863.743	75	0.585	-7.903089986991944
146442.92	75	0.59	-7.903089986991944
146921.275	75	0.595	-7.903089986991944
148110.0	75	0.6	-7.903089986991944
148261.641	75	0.605	-7.903089986991944
148977.51	75	0.61	-7.903089986991944
149554.517	75	0.615	-7.903089986991944
150604.312	75	0.62	-7.903089986991944
150721.667	75	0.625	-7.903089986991944
151417.429	75	0.63	-7.903089986991944
151919.429	75	0.635	-7.903089986991944
152826.182	75	0.64	-7.903089986991944
153366.03	75	0.645	-7.903089986991944
153920.0	75	0.65	-7.903089986991944
154996.571	75	0.655	-7.903089986991944
155129.119	75	0.66	-7.903089986991944
155897.429	75	0.665	-7.903089986991944
156301.2	75	0.67	-7.903089986991944
157456.923	75	0.675	-7.903089986991944
157602.914	75	0.68	-7.903089986991944
158111.971	75	0.685	-7.903089986991944
158433.2	75	0.69	-7.903089986991944
159089.333	75	0.695	-7.903089986991944
159539.5	75	0.7	-7.903089986991944
160169.56	75	0.705	-7.903089986991944
160883.0	75	0.71	-7.903089986991944
161617.692	75	0.715	-7.903089986991944
162296.171	75	0.72	-7.903089986991944
162800.0	75	0.725	-7.903089986991944
163252.571	75	0.73	-7.903089986991944
163842.286	75	0.735	-7.903089986991944
164546.329	75	0.74	-7.903089986991944
165002.243	75	0.745	-7.903089986991944
165427.143	75	0.75	-7.903089986991944
165781.143	75	0.755	-7.903089986991944
166978.769	75	0.76	-7.903089986991944
167512.0	75	0.765	-7.903089986991944
168054.286	75	0.77	-7.903089986991944
168288.643	75	0.775	-7.903089986991944
168670.448	75	0.78	-7.903089986991944
169250.057	75	0.785	-7.903089986991944
169830.6	75	0.79	-7.903089986991944
170578.79	75	0.795	-7.903089986991944
171213.333	75	0.8	-7.903089986991944
171589.63	75	0.805	-7.903089986991944
171901.286	75	0.81	-7.903089986991944
172304.308	75	0.815	-7.903089986991944
172834.389	75	0.82	-7.903089986991944
173665.455	75	0.825	-7.903089986991944
174688.237	75	0.83	-7.903089986991944
175130.712	75	0.835	-7.903089986991944
175836.571	75	0.84	-7.903089986991944
176287.635	75	0.845	-7.903089986991944
177022.857	75	0.85	-7.903089986991944
177776.862	75	0.855	-7.903089986991944
178727.78	75	0.86	-7.903089986991944
180265.429	75	0.865	-7.903089986991944
180679.2	75	0.87	-7.903089986991944
181934.286	75	0.875	-7.903089986991944
183817.944	75	0.88	-7.903089986991944
184191.715	75	0.885	-7.903089986991944
186536.0	75	0.89	-7.903089986991944
187832.488	75	0.895	-7.903089986991944
189105.0	75	0.9	-7.903089986991944
189853.486	75	0.905	-7.903089986991944
191370.95	75	0.91	-7.903089986991944
192532.007	75	0.915	-7.903089986991944
194343.729	75	0.92	-7.903089986991944
196000.571	75	0.925	-7.903089986991944
197283.492	75	0.93	-7.903089986991944
198007.956	75	0.935	-7.903089986991944
199273.429	75	0.94	-7.903089986991944
201410.171	75	0.945	-7.903089986991944
203642.857	75	0.95	-7.903089986991944
205289.9	75	0.955	-7.903089986991944
208168.571	75	0.96	-7.903089986991944
211592.257	75	0.965	-7.903089986991944
217470.557	75	0.97	-7.903089986991944
221500.0	75	0.975	-7.903089986991944
223696.8	75	0.98	-7.903089986991944
231162.857	75	0.985	-7.903089986991944
249057.714	75	0.99	-7.903089986991944
263156.132	75	0.995	-7.903089986991944
154453.333	100	0.5	-7.903089986991944
155007.543	100	0.505	-7.903089986991944
155404.971	100	0.51	-7.903089986991944
155788.409	100	0.515	-7.903089986991944
156107.662	100	0.52	-7.903089986991944
156501.417	100	0.525	-7.903089986991944
157234.171	100	0.53	-7.903089986991944
157556.869	100	0.535	-7.903089986991944
158083.897	100	0.54	-7.903089986991944
158835.298	100	0.545	-7.903089986991944
159495.04	100	0.55	-7.903089986991944
159878.649	100	0.555	-7.903089986991944
160508.286	100	0.56	-7.903089986991944
161051.2	100	0.565	-7.903089986991944
161662.067	100	0.57	-7.903089986991944
162240.048	100	0.575	-7.903089986991944
162446.02	100	0.58	-7.903089986991944
162812.994	100	0.585	-7.903089986991944
163158.414	100	0.59	-7.903089986991944
163434.52	100	0.595	-7.903089986991944
164034.952	100	0.6	-7.903089986991944
164347.987	100	0.605	-7.903089986991944
164826.031	100	0.61	-7.903089986991944
165760.457	100	0.615	-7.903089986991944
166136.383	100	0.62	-7.903089986991944
166477.143	100	0.625	-7.903089986991944
167029.154	100	0.63	-7.903089986991944
167667.067	100	0.635	-7.903089986991944
168146.42	100	0.64	-7.903089986991944
169127.089	100	0.645	-7.903089986991944
169592.857	100	0.65	-7.903089986991944
170380.4	100	0.655	-7.903089986991944
170681.72	100	0.66	-7.903089986991944
171100.543	100	0.665	-7.903089986991944
171692.02	100	0.67	-7.903089986991944
171990.762	100	0.675	-7.903089986991944
172628.729	100	0.68	-7.903089986991944
173175.291	100	0.685	-7.903089986991944
173979.811	100	0.69	-7.903089986991944
174604.914	100	0.695	-7.903089986991944
175356.886	100	0.7	-7.903089986991944
176064.686	100	0.705	-7.903089986991944
176693.731	100	0.71	-7.903089986991944
177242.34	100	0.715	-7.903089986991944
177659.029	100	0.72	-7.903089986991944
178528.38	100	0.725	-7.903089986991944
178795.822	100	0.73	-7.903089986991944
179355.953	100	0.735	-7.903089986991944
180132.84	100	0.74	-7.903089986991944
180445.943	100	0.745	-7.903089986991944
181019.077	100	0.75	-7.903089986991944
181462.835	100	0.755	-7.903089986991944
181699.314	100	0.76	-7.903089986991944
182384.526	100	0.765	-7.903089986991944
183084.571	100	0.77	-7.903089986991944
183256.3	100	0.775	-7.903089986991944
184243.886	100	0.78	-7.903089986991944
185234.4	100	0.785	-7.903089986991944
185568.171	100	0.79	-7.903089986991944
186301.969	100	0.795	-7.903089986991944
186890.286	100	0.8	-7.903089986991944
187866.954	100	0.805	-7.903089986991944
188590.477	100	0.81	-7.903089986991944
189204.4	100	0.815	-7.903089986991944
189533.257	100	0.82	-7.903089986991944
190164.571	100	0.825	-7.903089986991944
191067.273	100	0.83	-7.903089986991944
192165.894	100	0.835	-7.903089986991944
192539.429	100	0.84	-7.903089986991944
192812.784	100	0.845	-7.903089986991944
193607.714	100	0.85	-7.903089986991944
195392.114	100	0.855	-7.903089986991944
196474.171	100	0.86	-7.903089986991944
197357.222	100	0.865	-7.903089986991944
198237.486	100	0.87	-7.903089986991944
198881.538	100	0.875	-7.903089986991944
199291.021	100	0.88	-7.903089986991944
199880.361	100	0.885	-7.903089986991944
200698.629	100	0.89	-7.903089986991944
201667.291	100	0.895	-7.903089986991944
203437.143	100	0.9	-7.903089986991944
204215.177	100	0.905	-7.903089986991944
205069.937	100	0.91	-7.903089986991944
205941.371	100	0.915	-7.903089986991944
207758.971	100	0.92	-7.903089986991944
210285.429	100	0.925	-7.903089986991944
210848.114	100	0.93	-7.903089986991944
213298.086	100	0.935	-7.903089986991944
214103.143	100	0.94	-7.903089986991944
214816.229	100	0.945	-7.903089986991944
216712.857	100	0.95	-7.903089986991944
219020.277	100	0.955	-7.903089986991944
221542.4	100	0.96	-7.903089986991944
225036.0	100	0.965	-7.903089986991944
230275.771	100	0.97	-7.903089986991944
238581.886	100	0.975	-7.903089986991944
245873.314	100	0.98	-7.903089986991944
250755.238	100	0.985	-7.903089986991944
256775.543	100	0.99	-7.903089986991944
268727.2	100	0.995	-7.903089986991944
173347.143	125	0.5	-7.903089986991944
173879.953	125	0.505	-7.903089986991944
174448.484	125	0.51	-7.903089986991944
174751.186	125	0.515	-7.903089986991944
175079.167	125	0.52	-7.903089986991944
175905.429	125	0.525	-7.903089986991944
176589.191	125	0.53	-7.903089986991944
176938.29	125	0.535	-7.903089986991944
177393.766	125	0.54	-7.903089986991944
177808.886	125	0.545	-7.903089986991944
178222.222	125	0.55	-7.903089986991944
178579.538	125	0.555	-7.903089986991944
178947.616	125	0.56	-7.903089986991944
179277.224	125	0.565	-7.903089986991944
179644.348	125	0.57	-7.903089986991944
180184.857	125	0.575	-7.903089986991944
180835.111	125	0.58	-7.903089986991944
180990.857	125	0.585	-7.903089986991944
181319.429	125	0.59	-7.903089986991944
181972.356	125	0.595	-7.903089986991944
183021.8	125	0.6	-7.903089986991944
183705.72	125	0.605	-7.903089986991944
184168.006	125	0.61	-7.903089986991944
184471.677	125	0.615	-7.903089986991944
185421.634	125	0.62	-7.903089986991944
185772.143	125	0.625	-7.903089986991944
186027.314	125	0.63	-7.903089986991944
186269.791	125	0.635	-7.903089986991944
186477.333	125	0.64	-7.903089986991944
186861.099	125	0.645	-7.903089986991944
187512.374	125	0.65	-7.903089986991944
188095.886	125	0.655	-7.903089986991944
188727.257	125	0.66	-7.903089986991944
189434.314	125	0.665	-7.903089986991944
190035.486	125	0.67	-7.903089986991944
190769.0	125	0.675	-7.903089986991944
191118.4	125	0.68	-7.903089986991944
191519.594	125	0.685	-7.903089986991944
192128.534	125	0.69	-7.903089986991944
192647.429	125	0.695	-7.903089986991944
192873.521	125	0.7	-7.903089986991944
193147.773	125	0.705	-7.903089986991944
193659.046	125	0.71	-7.903089986991944
194150.02	125	0.715	-7.903089986991944
194460.748	125	0.72	-7.903089986991944
194876.3	125	0.725	-7.903089986991944
195585.886	125	0.73	-7.903089986991944
196135.829	125	0.735	-7.903089986991944
196589.146	125	0.74	-7.903089986991944
196690.657	125	0.745	-7.903089986991944
197330.071	125	0.75	-7.903089986991944
197776.373	125	0.755	-7.903089986991944
198609.069	125	0.76	-7.903089986991944
199054.564	125	0.765	-7.903089986991944
199550.88	125	0.77	-7.903089986991944
199947.3	125	0.775	-7.903089986991944
200280.977	125	0.78	-7.903089986991944
200763.499	125	0.785	-7.903089986991944
201331.2	125	0.79	-7.903089986991944
201973.016	125	0.795	-7.903089986991944
203069.714	125	0.8	-7.903089986991944
204177.777	125	0.805	-7.903089986991944
205467.783	125	0.81	-7.903089986991944
206219.543	125	0.815	-7.903089986991944
207153.32	125	0.82	-7.903089986991944
207821.771	125	0.825	-7.903089986991944
208096.206	125	0.83	-7.903089986991944
209026.237	125	0.835	-7.903089986991944
210193.977	125	0.84	-7.903089986991944
211254.286	125	0.845	-7.903089986991944
211943.297	125	0.85	-7.903089986991944
212669.4	125	0.855	-7.903089986991944
213506.514	125	0.86	-7.903089986991944
215432.629	125	0.865	-7.903089986991944
216573.277	125	0.87	-7.903089986991944
218126.5	125	0.875	-7.903089986991944
219519.543	125	0.88	-7.903089986991944
220881.114	125	0.885	-7.903089986991944
222556.914	125	0.89	-7.903089986991944
223401.042	125	0.895	-7.903089986991944
223897.171	125	0.9	-7.903089986991944
225126.294	125	0.905	-7.903089986991944
227074.737	125	0.91	-7.903089986991944
227603.2	125	0.915	-7.903089986991944
229130.781	125	0.92	-7.903089986991944
231652.714	125	0.925	-7.903089986991944
232572.457	125	0.93	-7.903089986991944
236350.571	125	0.935	-7.903089986991944
240618.286	125	0.94	-7.903089986991944
244026.941	125	0.945	-7.903089986991944
249324.171	125	0.95	-7.903089986991944
253995.657	125	0.955	-7.903089986991944
265927.066	125	0.96	-7.903089986991944
270361.771	125	0.965	-7.903089986991944
274185.271	125	0.97	-7.903089986991944
284541.571	125	0.975	-7.903089986991944
301784.686	125	0.98	-7.903089986991944
314222.057	125	0.985	-7.903089986991944
322527.489	125	0.99	-7.903089986991944
350975.871	125	0.995	-7.903089986991944
184247.143	150	0.5	-7.903089986991944
185339.929	150	0.505	-7.903089986991944
185752.8	150	0.51	-7.903089986991944
186254.607	150	0.515	-7.903089986991944
186621.886	150	0.52	-7.903089986991944
187097.5	150	0.525	-7.903089986991944
187539.503	150	0.53	-7.903089986991944
188016.387	150	0.535	-7.903089986991944
188454.714	150	0.54	-7.903089986991944
188557.76	150	0.545	-7.903089986991944
189208.714	150	0.55	-7.903089986991944
189585.818	150	0.555	-7.903089986991944
190046.034	150	0.56	-7.903089986991944
190488.184	150	0.565	-7.903089986991944
190924.386	150	0.57	-7.903089986991944
191177.964	150	0.575	-7.903089986991944
191556.738	150	0.58	-7.903089986991944
192077.058	150	0.585	-7.903089986991944
192488.014	150	0.59	-7.903089986991944
192696.282	150	0.595	-7.903089986991944
192980.343	150	0.6	-7.903089986991944
193891.539	150	0.605	-7.903089986991944
194179.155	150	0.61	-7.903089986991944
194678.874	150	0.615	-7.903089986991944
195206.226	150	0.62	-7.903089986991944
195964.241	150	0.625	-7.903089986991944
196416.529	150	0.63	-7.903089986991944
196671.684	150	0.635	-7.903089986991944
197468.371	150	0.64	-7.903089986991944
197752.66	150	0.645	-7.903089986991944
198261.05	150	0.65	-7.903089986991944
198768.769	150	0.655	-7.903089986991944
199747.371	150	0.66	-7.903089986991944
200124.843	150	0.665	-7.903089986991944
200741.866	150	0.67	-7.903089986991944
201273.155	150	0.675	-7.903089986991944
202148.32	150	0.68	-7.903089986991944
202936.164	150	0.685	-7.903089986991944
203510.0	150	0.69	-7.903089986991944
203946.548	150	0.695	-7.903089986991944
205213.693	150	0.7	-7.903089986991944
205758.886	150	0.705	-7.903089986991944
206142.714	150	0.71	-7.903089986991944
207077.336	150	0.715	-7.903089986991944
207571.514	150	0.72	-7.903089986991944
207906.357	150	0.725	-7.903089986991944
208503.362	150	0.73	-7.903089986991944
209107.664	150	0.735	-7.903089986991944
209628.171	150	0.74	-7.903089986991944
210056.557	150	0.745	-7.903089986991944
210307.143	150	0.75	-7.903089986991944
210960.398	150	0.755	-7.903089986991944
211328.897	150	0.76	-7.903089986991944
211616.696	150	0.765	-7.903089986991944
212278.657	150	0.77	-7.903089986991944
212867.168	150	0.775	-7.903089986991944
213455.629	150	0.78	-7.903089986991944
214064.141	150	0.785	-7.903089986991944
214628.188	150	0.79	-7.903089986991944
215039.101	150	0.795	-7.903089986991944
215774.0	150	0.8	-7.903089986991944
216307.471	150	0.805	-7.903089986991944
217227.886	150	0.81	-7.903089986991944
218578.426	150	0.815	-7.903089986991944
219355.571	150	0.82	-7.903089986991944
219951.391	150	0.825	-7.903089986991944
220997.343	150	0.83	-7.903089986991944
221405.85	150	0.835	-7.903089986991944
222406.457	150	0.84	-7.903089986991944
223592.2	150	0.845	-7.903089986991944
224197.714	150	0.85	-7.903089986991944
225369.898	150	0.855	-7.903089986991944
225875.943	150	0.86	-7.903089986991944
226547.665	150	0.865	-7.903089986991944
227354.124	150	0.87	-7.903089986991944
228277.554	150	0.875	-7.903089986991944
229705.996	150	0.88	-7.903089986991944
230522.382	150	0.885	-7.903089986991944
231498.957	150	0.89	-7.903089986991944
232969.343	150	0.895	-7.903089986991944
235069.0	150	0.9	-7.903089986991944
236027.993	150	0.905	-7.903089986991944
236882.899	150	0.91	-7.903089986991944
239610.029	150	0.915	-7.903089986991944
241032.569	150	0.92	-7.903089986991944
241775.143	150	0.925	-7.903089986991944
242928.671	150	0.93	-7.903089986991944
244444.014	150	0.935	-7.903089986991944
246413.771	150	0.94	-7.903089986991944
247329.242	150	0.945	-7.903089986991944
250152.071	150	0.95	-7.903089986991944
257443.3	150	0.955	-7.903089986991944
263291.771	150	0.96	-7.903089986991944
272672.471	150	0.965	-7.903089986991944
276239.229	150	0.97	-7.903089986991944
280367.639	150	0.975	-7.903089986991944
286110.26	150	0.98	-7.903089986991944
289664.757	150	0.985	-7.903089986991944
302063.058	150	0.99	-7.903089986991944
347574.214	150	0.995	-7.903089986991944
199572.179	175	0.5	-7.903089986991944
200097.686	175	0.505	-7.903089986991944
200289.271	175	0.51	-7.903089986991944
200667.285	175	0.515	-7.903089986991944
201046.766	175	0.52	-7.903089986991944
201269.605	175	0.525	-7.903089986991944
201836.391	175	0.53	-7.903089986991944
201983.479	175	0.535	-7.903089986991944
202519.621	175	0.54	-7.903089986991944
203084.374	175	0.545	-7.903089986991944
203478.271	175	0.55	-7.903089986991944
204067.438	175	0.555	-7.903089986991944
204357.314	175	0.56	-7.903089986991944
204623.948	175	0.565	-7.903089986991944
204862.212	175	0.57	-7.903089986991944
205158.787	175	0.575	-7.903089986991944
205870.561	175	0.58	-7.903089986991944
206198.857	175	0.585	-7.903089986991944
206778.714	175	0.59	-7.903089986991944
207051.85	175	0.595	-7.903089986991944
207626.295	175	0.6	-7.903089986991944
207903.215	175	0.605	-7.903089986991944
208460.452	175	0.61	-7.903089986991944
208593.031	175	0.615	-7.903089986991944
209055.168	175	0.62	-7.903089986991944
209502.071	175	0.625	-7.903089986991944
210574.637	175	0.63	-7.903089986991944
211263.928	175	0.635	-7.903089986991944
211746.883	175	0.64	-7.903089986991944
212470.918	175	0.645	-7.903089986991944
212726.168	175	0.65	-7.903089986991944
212928.529	175	0.655	-7.903089986991944
213345.745	175	0.66	-7.903089986991944
213644.613	175	0.665	-7.903089986991944
214956.3	175	0.67	-7.903089986991944
215584.571	175	0.675	-7.903089986991944
216086.971	175	0.68	-7.903089986991944
216887.376	175	0.685	-7.903089986991944
217357.926	175	0.69	-7.903089986991944
218069.443	175	0.695	-7.903089986991944
218528.307	175	0.7	-7.903089986991944
219006.6	175	0.705	-7.903089986991944
219747.392	175	0.71	-7.903089986991944
220065.695	175	0.715	-7.903089986991944
220653.411	175	0.72	-7.903089986991944
221162.802	175	0.725	-7.903089986991944
221496.667	175	0.73	-7.903089986991944
222213.183	175	0.735	-7.903089986991944
222840.553	175	0.74	-7.903089986991944
223218.529	175	0.745	-7.903089986991944
224022.696	175	0.75	-7.903089986991944
224438.965	175	0.755	-7.903089986991944
224899.086	175	0.76	-7.903089986991944
225468.074	175	0.765	-7.903089986991944
225879.229	175	0.77	-7.903089986991944
226247.571	175	0.775	-7.903089986991944
226737.314	175	0.78	-7.903089986991944
227284.407	175	0.785	-7.903089986991944
228012.386	175	0.79	-7.903089986991944
228448.283	175	0.795	-7.903089986991944
229136.486	175	0.8	-7.903089986991944
229558.65	175	0.805	-7.903089986991944
230066.899	175	0.81	-7.903089986991944
230587.088	175	0.815	-7.903089986991944
231191.4	175	0.82	-7.903089986991944
231818.286	175	0.825	-7.903089986991944
232615.643	175	0.83	-7.903089986991944
232954.433	175	0.835	-7.903089986991944
233872.091	175	0.84	-7.903089986991944
234704.075	175	0.845	-7.903089986991944
235833.643	175	0.85	-7.903089986991944
237651.602	175	0.855	-7.903089986991944
238776.683	175	0.86	-7.903089986991944
239403.964	175	0.865	-7.903089986991944
240450.624	175	0.87	-7.903089986991944
241001.25	175	0.875	-7.903089986991944
241985.12	175	0.88	-7.903089986991944
243544.624	175	0.885	-7.903089986991944
244983.608	175	0.89	-7.903089986991944
246076.214	175	0.895	-7.903089986991944
247816.0	175	0.9	-7.903089986991944
249444.75	175	0.905	-7.903089986991944
251210.161	175	0.91	-7.903089986991944
252944.057	175	0.915	-7.903089986991944
254304.0	175	0.92	-7.903089986991944
255082.143	175	0.925	-7.903089986991944
256878.924	175	0.93	-7.903089986991944
258598.576	175	0.935	-7.903089986991944
261461.943	175	0.94	-7.903089986991944
263729.79	175	0.945	-7.903089986991944
265639.664	175	0.95	-7.903089986991944
270357.457	175	0.955	-7.903089986991944
275212.28	175	0.96	-7.903089986991944
280085.407	175	0.965	-7.903089986991944
286290.429	175	0.97	-7.903089986991944
308042.321	175	0.975	-7.903089986991944
329907.413	175	0.98	-7.903089986991944
334964.416	175	0.985	-7.903089986991944
370814.064	175	0.99	-7.903089986991944
386360.971	175	0.995	-7.903089986991944
207064.857	200	0.5	-7.903089986991944
207585.657	200	0.505	-7.903089986991944
208243.121	200	0.51	-7.903089986991944
208593.1	200	0.515	-7.903089986991944
209136.743	200	0.52	-7.903089986991944
209471.036	200	0.525	-7.903089986991944
209756.281	200	0.53	-7.903089986991944
210087.836	200	0.535	-7.903089986991944
210252.209	200	0.54	-7.903089986991944
210671.147	200	0.545	-7.903089986991944
211151.675	200	0.55	-7.903089986991944
211537.803	200	0.555	-7.903089986991944
212183.754	200	0.56	-7.903089986991944
212631.088	200	0.565	-7.903089986991944
212991.086	200	0.57	-7.903089986991944
213291.255	200	0.575	-7.903089986991944
213649.776	200	0.58	-7.903089986991944
214268.721	200	0.585	-7.903089986991944
214633.186	200	0.59	-7.903089986991944
215193.481	200	0.595	-7.903089986991944
215645.714	200	0.6	-7.903089986991944
215883.492	200	0.605	-7.903089986991944
216736.759	200	0.61	-7.903089986991944
217129.402	200	0.615	-7.903089986991944
217583.0	200	0.62	-7.903089986991944
218476.866	200	0.625	-7.903089986991944
218822.843	200	0.63	-7.903089986991944
219050.728	200	0.635	-7.903089986991944
219570.274	200	0.64	-7.903089986991944
219891.859	200	0.645	-7.903089986991944
220284.689	200	0.65	-7.903089986991944
221041.186	200	0.655	-7.903089986991944
221468.429	200	0.66	-7.903089986991944
221779.529	200	0.665	-7.903089986991944
222055.703	200	0.67	-7.903089986991944
222674.416	200	0.675	-7.903089986991944
223015.863	200	0.68	-7.903089986991944
223561.95	200	0.685	-7.903089986991944
224082.778	200	0.69	-7.903089986991944
225017.419	200	0.695	-7.903089986991944
225297.0	200	0.7	-7.903089986991944
225671.579	200	0.705	-7.903089986991944
226094.394	200	0.71	-7.903089986991944
226948.336	200	0.715	-7.903089986991944
227882.514	200	0.72	-7.903089986991944
228426.15	200	0.725	-7.903089986991944
228746.671	200	0.73	-7.903089986991944
229119.392	200	0.735	-7.903089986991944
229640.8	200	0.74	-7.903089986991944
230116.303	200	0.745	-7.903089986991944
230625.661	200	0.75	-7.903089986991944
231349.829	200	0.755	-7.903089986991944
231980.174	200	0.76	-7.903089986991944
232579.326	200	0.765	-7.903089986991944
233270.624	200	0.77	-7.903089986991944
234531.004	200	0.775	-7.903089986991944
235271.2	200	0.78	-7.903089986991944
236144.263	200	0.785	-7.903089986991944
236525.801	200	0.79	-7.903089986991944
236843.009	200	0.795	-7.903089986991944
237495.257	200	0.8	-7.903089986991944
238082.379	200	0.805	-7.903089986991944
238861.635	200	0.81	-7.903089986991944
239503.436	200	0.815	-7.903089986991944
240035.714	200	0.82	-7.903089986991944
240764.75	200	0.825	-7.903089986991944
241304.914	200	0.83	-7.903089986991944
241594.201	200	0.835	-7.903089986991944
242803.543	200	0.84	-7.903089986991944
243409.499	200	0.845	-7.903089986991944
244090.861	200	0.85	-7.903089986991944
245090.205	200	0.855	-7.903089986991944
245752.114	200	0.86	-7.903089986991944
247200.38	200	0.865	-7.903089986991944
247784.761	200	0.87	-7.903089986991944
249656.786	200	0.875	-7.903089986991944
250098.0	200	0.88	-7.903089986991944
251700.356	200	0.885	-7.903089986991944
253268.571	200	0.89	-7.903089986991944
255871.368	200	0.895	-7.903089986991944
257595.857	200	0.9	-7.903089986991944
258489.107	200	0.905	-7.903089986991944
260989.014	200	0.91	-7.903089986991944
262507.722	200	0.915	-7.903089986991944
264193.714	200	0.92	-7.903089986991944
265251.321	200	0.925	-7.903089986991944
266261.482	200	0.93	-7.903089986991944
271783.629	200	0.935	-7.903089986991944
273303.564	200	0.94	-7.903089986991944
275417.475	200	0.945	-7.903089986991944
278033.996	200	0.95	-7.903089986991944
281321.816	200	0.955	-7.903089986991944
284410.4	200	0.96	-7.903089986991944
289417.786	200	0.965	-7.903089986991944
294277.569	200	0.97	-7.903089986991944
298920.68	200	0.975	-7.903089986991944
306632.887	200	0.98	-7.903089986991944
340792.107	200	0.985	-7.903089986991944
360238.857	200	0.99	-7.903089986991944
398393.557	200	0.995	-7.903089986991944
216734.393	225	0.5	-7.903089986991944
217096.571	225	0.505	-7.903089986991944
217467.978	225	0.51	-7.903089986991944
217765.443	225	0.515	-7.903089986991944
218411.817	225	0.52	-7.903089986991944
219008.214	225	0.525	-7.903089986991944
219536.348	225	0.53	-7.903089986991944
220127.864	225	0.535	-7.903089986991944
220379.614	225	0.54	-7.903089986991944
220723.849	225	0.545	-7.903089986991944
221226.364	225	0.55	-7.903089986991944
221562.886	225	0.555	-7.903089986991944
222257.935	225	0.56	-7.903089986991944
222817.319	225	0.565	-7.903089986991944
223283.714	225	0.57	-7.903089986991944
223550.03	225	0.575	-7.903089986991944
223940.333	225	0.58	-7.903089986991944
224163.487	225	0.585	-7.903089986991944
224903.398	225	0.59	-7.903089986991944
225785.237	225	0.595	-7.903089986991944
226139.429	225	0.6	-7.903089986991944
226668.479	225	0.605	-7.903089986991944
227048.486	225	0.61	-7.903089986991944
227658.661	225	0.615	-7.903089986991944
227914.787	225	0.62	-7.903089986991944
228563.214	225	0.625	-7.903089986991944
229017.966	225	0.63	-7.903089986991944
229725.038	225	0.635	-7.903089986991944
230057.746	225	0.64	-7.903089986991944
230828.375	225	0.645	-7.903089986991944
231346.075	225	0.65	-7.903089986991944
231837.332	225	0.655	-7.903089986991944
232153.034	225	0.66	-7.903089986991944
233071.429	225	0.665	-7.903089986991944
233441.743	225	0.67	-7.903089986991944
234356.468	225	0.675	-7.903089986991944
234714.866	225	0.68	-7.903089986991944
235133.597	225	0.685	-7.903089986991944
235466.086	225	0.69	-7.903089986991944
235865.764	225	0.695	-7.903089986991944
236530.429	225	0.7	-7.903089986991944
237045.596	225	0.705	-7.903089986991944
237795.714	225	0.71	-7.903089986991944
238434.977	225	0.715	-7.903089986991944
238699.143	225	0.72	-7.903089986991944
239384.741	225	0.725	-7.903089986991944
239795.152	225	0.73	-7.903089986991944
240606.221	225	0.735	-7.903089986991944
241357.714	225	0.74	-7.903089986991944
242415.364	225	0.745	-7.903089986991944
242710.357	225	0.75	-7.903089986991944
243255.443	225	0.755	-7.903089986991944
243865.937	225	0.76	-7.903089986991944
244510.795	225	0.765	-7.903089986991944
245372.879	225	0.77	-7.903089986991944
245867.143	225	0.775	-7.903089986991944
246961.094	225	0.78	-7.903089986991944
247615.471	225	0.785	-7.903089986991944
247979.406	225	0.79	-7.903089986991944
248698.9	225	0.795	-7.903089986991944
249219.143	225	0.8	-7.903089986991944
250103.129	225	0.805	-7.903089986991944
251144.486	225	0.81	-7.903089986991944
252441.057	225	0.815	-7.903089986991944
253141.636	225	0.82	-7.903089986991944
254889.88	225	0.825	-7.903089986991944
255678.212	225	0.83	-7.903089986991944
256786.384	225	0.835	-7.903089986991944
257272.686	225	0.84	-7.903089986991944
257838.879	225	0.845	-7.903089986991944
258723.786	225	0.85	-7.903089986991944
259530.829	225	0.855	-7.903089986991944
260232.229	225	0.86	-7.903089986991944
261613.127	225	0.865	-7.903089986991944
262318.119	225	0.87	-7.903089986991944
263237.92	225	0.875	-7.903089986991944
264449.943	225	0.88	-7.903089986991944
265640.743	225	0.885	-7.903089986991944
266403.808	225	0.89	-7.903089986991944
268224.436	225	0.895	-7.903089986991944
269301.507	225	0.9	-7.903089986991944
273293.714	225	0.905	-7.903089986991944
274596.589	225	0.91	-7.903089986991944
278184.873	225	0.915	-7.903089986991944
281423.877	225	0.92	-7.903089986991944
284028.28	225	0.925	-7.903089986991944
285518.534	225	0.93	-7.903089986991944
287075.018	225	0.935	-7.903089986991944
291084.229	225	0.94	-7.903089986991944
296877.425	225	0.945	-7.903089986991944
299838.261	225	0.95	-7.903089986991944
306146.37	225	0.955	-7.903089986991944
311884.971	225	0.96	-7.903089986991944
318601.629	225	0.965	-7.903089986991944
324005.944	225	0.97	-7.903089986991944
334984.391	225	0.975	-7.903089986991944
346660.044	225	0.98	-7.903089986991944
364028.526	225	0.985	-7.903089986991944
397744.971	225	0.99	-7.903089986991944
482016.786	225	0.995	-7.903089986991944
223017.214	250	0.5	-7.903089986991944
223283.571	250	0.505	-7.903089986991944
223804.259	250	0.51	-7.903089986991944
224271.382	250	0.515	-7.903089986991944
224629.326	250	0.52	-7.903089986991944
225376.571	250	0.525	-7.903089986991944
226009.677	250	0.53	-7.903089986991944
226925.834	250	0.535	-7.903089986991944
227715.029	250	0.54	-7.903089986991944
227965.96	250	0.545	-7.903089986991944
228860.3	250	0.55	-7.903089986991944
229350.357	250	0.555	-7.903089986991944
229702.237	250	0.56	-7.903089986991944
230003.864	250	0.565	-7.903089986991944
230597.971	250	0.57	-7.903089986991944
231070.111	250	0.575	-7.903089986991944
231920.254	250	0.58	-7.903089986991944
232006.414	250	0.585	-7.903089986991944
232248.474	250	0.59	-7.903089986991944
232520.228	250	0.595	-7.903089986991944
233046.343	250	0.6	-7.903089986991944
233594.134	250	0.605	-7.903089986991944
234043.354	250	0.61	-7.903089986991944
234318.998	250	0.615	-7.903089986991944
234757.446	250	0.62	-7.903089986991944
235251.446	250	0.625	-7.903089986991944
235564.514	250	0.63	-7.903089986991944
235862.933	250	0.635	-7.903089986991944
236217.22	250	0.64	-7.903089986991944
236718.957	250	0.645	-7.903089986991944
237531.836	250	0.65	-7.903089986991944
237919.292	250	0.655	-7.903089986991944
238296.331	250	0.66	-7.903089986991944
238752.5	250	0.665	-7.903089986991944
239909.086	250	0.67	-7.903089986991944
240174.5	250	0.675	-7.903089986991944
241388.26	250	0.68	-7.903089986991944
242057.871	250	0.685	-7.903089986991944
242605.823	250	0.69	-7.903089986991944
243083.114	250	0.695	-7.903089986991944
244034.029	250	0.7	-7.903089986991944
244273.658	250	0.705	-7.903089986991944
244868.101	250	0.71	-7.903089986991944
245603.614	250	0.715	-7.903089986991944
246968.571	250	0.72	-7.903089986991944
247569.746	250	0.725	-7.903089986991944
247881.881	250	0.73	-7.903089986991944
248444.884	250	0.735	-7.903089986991944
249527.394	250	0.74	-7.903089986991944
250103.628	250	0.745	-7.903089986991944
250585.857	250	0.75	-7.903089986991944
251171.086	250	0.755	-7.903089986991944
251791.751	250	0.76	-7.903089986991944
252803.522	250	0.765	-7.903089986991944
253189.536	250	0.77	-7.903089986991944
253805.068	250	0.775	-7.903089986991944
254864.217	250	0.78	-7.903089986991944
255607.769	250	0.785	-7.903089986991944
255957.887	250	0.79	-7.903089986991944
256762.831	250	0.795	-7.903089986991944
257648.171	250	0.8	-7.903089986991944
260223.514	250	0.805	-7.903089986991944
260958.673	250	0.81	-7.903089986991944
262468.443	250	0.815	-7.903089986991944
263804.166	250	0.82	-7.903089986991944
265308.164	250	0.825	-7.903089986991944
267012.0	250	0.83	-7.903089986991944
267833.614	250	0.835	-7.903089986991944
268874.629	250	0.84	-7.903089986991944
269854.525	250	0.845	-7.903089986991944
270626.029	250	0.85	-7.903089986991944
273057.522	250	0.855	-7.903089986991944
274574.166	250	0.86	-7.903089986991944
275948.886	250	0.865	-7.903089986991944
277105.0	250	0.87	-7.903089986991944
279535.607	250	0.875	-7.903089986991944
281675.886	250	0.88	-7.903089986991944
284845.514	250	0.885	-7.903089986991944
285903.114	250	0.89	-7.903089986991944
288174.244	250	0.895	-7.903089986991944
289717.086	250	0.9	-7.903089986991944
291953.953	250	0.905	-7.903089986991944
294991.201	250	0.91	-7.903089986991944
297593.857	250	0.915	-7.903089986991944
298538.051	250	0.92	-7.903089986991944
299654.157	250	0.925	-7.903089986991944
301212.68	250	0.93	-7.903089986991944
304817.943	250	0.935	-7.903089986991944
308135.657	250	0.94	-7.903089986991944
311079.8	250	0.945	-7.903089986991944
315118.714	250	0.95	-7.903089986991944
323689.622	250	0.955	-7.903089986991944
330467.891	250	0.96	-7.903089986991944
337015.257	250	0.965	-7.903089986991944
345240.857	250	0.97	-7.903089986991944
354727.429	250	0.975	-7.903089986991944
367847.84	250	0.98	-7.903089986991944
386908.4	250	0.985	-7.903089986991944
434821.571	250	0.99	-7.903089986991944
488477.014	250	0.995	-7.903089986991944
233926.179	275	0.5	-7.903089986991944
234693.679	275	0.505	-7.903089986991944
235133.601	275	0.51	-7.903089986991944
235638.32	275	0.515	-7.903089986991944
236252.469	275	0.52	-7.903089986991944
236603.002	275	0.525	-7.903089986991944
237055.32	275	0.53	-7.903089986991944
237614.581	275	0.535	-7.903089986991944
238006.639	275	0.54	-7.903089986991944
238217.929	275	0.545	-7.903089986991944
238326.786	275	0.55	-7.903089986991944
238633.915	275	0.555	-7.903089986991944
238990.971	275	0.56	-7.903089986991944
239623.457	275	0.565	-7.903089986991944
240201.306	275	0.57	-7.903089986991944
240708.893	275	0.575	-7.903089986991944
241093.599	275	0.58	-7.903089986991944
241413.928	275	0.585	-7.903089986991944
241976.271	275	0.59	-7.903089986991944
242666.716	275	0.595	-7.903089986991944
243438.0	275	0.6	-7.903089986991944
244054.8	275	0.605	-7.903089986991944
244509.73	275	0.61	-7.903089986991944
244701.192	275	0.615	-7.903089986991944
245871.13	275	0.62	-7.903089986991944
246753.527	275	0.625	-7.903089986991944
246917.051	275	0.63	-7.903089986991944
247081.448	275	0.635	-7.903089986991944
247341.2	275	0.64	-7.903089986991944
248203.986	275	0.645	-7.903089986991944
249075.454	275	0.65	-7.903089986991944
249454.906	275	0.655	-7.903089986991944
250077.483	275	0.66	-7.903089986991944
250170.1	275	0.665	-7.903089986991944
251253.8	275	0.67	-7.903089986991944
251589.059	275	0.675	-7.903089986991944
252762.523	275	0.68	-7.903089986991944
253663.234	275	0.685	-7.903089986991944
254462.524	275	0.69	-7.903089986991944
255143.137	275	0.695	-7.903089986991944
255559.955	275	0.7	-7.903089986991944
255976.292	275	0.705	-7.903089986991944
257151.781	275	0.71	-7.903089986991944
257849.358	275	0.715	-7.903089986991944
258185.137	275	0.72	-7.903089986991944
258597.339	275	0.725	-7.903089986991944
259288.179	275	0.73	-7.903089986991944
259896.798	275	0.735	-7.903089986991944
260500.22	275	0.74	-7.903089986991944
261732.726	275	0.745	-7.903089986991944
262248.732	275	0.75	-7.903089986991944
263401.693	275	0.755	-7.903089986991944
264063.974	275	0.76	-7.903089986991944
264832.686	275	0.765	-7.903089986991944
265241.945	275	0.77	-7.903089986991944
265689.896	275	0.775	-7.903089986991944
266398.886	275	0.78	-7.903089986991944
267546.075	275	0.785	-7.903089986991944
268516.471	275	0.79	-7.903089986991944
269778.843	275	0.795	-7.903089986991944
270617.429	275	0.8	-7.903089986991944
271329.631	275	0.805	-7.903089986991944
272549.929	275	0.81	-7.903089986991944
273965.503	275	0.815	-7.903089986991944
274555.937	275	0.82	-7.903089986991944
275842.695	275	0.825	-7.903089986991944
276361.484	275	0.83	-7.903089986991944
276914.24	275	0.835	-7.903089986991944
278014.103	275	0.84	-7.903089986991944
280809.964	275	0.845	-7.903089986991944
283739.5	275	0.85	-7.903089986991944
284180.897	275	0.855	-7.903089986991944
285146.141	275	0.86	-7.903089986991944
286322.429	275	0.865	-7.903089986991944
287195.804	275	0.87	-7.903089986991944
288175.009	275	0.875	-7.903089986991944
289746.554	275	0.88	-7.903089986991944
291229.4	275	0.885	-7.903089986991944
293296.492	275	0.89	-7.903089986991944
294843.65	275	0.895	-7.903089986991944
295337.221	275	0.9	-7.903089986991944
297807.507	275	0.905	-7.903089986991944
299890.736	275	0.91	-7.903089986991944
304200.89	275	0.915	-7.903089986991944
308906.134	275	0.92	-7.903089986991944
311226.827	275	0.925	-7.903089986991944
314255.557	275	0.93	-7.903089986991944
318403.363	275	0.935	-7.903089986991944
320765.233	275	0.94	-7.903089986991944
325990.393	275	0.945	-7.903089986991944
329701.214	275	0.95	-7.903089986991944
337900.7	275	0.955	-7.903089986991944
345259.909	275	0.96	-7.903089986991944
358453.225	275	0.965	-7.903089986991944
369383.971	275	0.97	-7.903089986991944
379613.286	275	0.975	-7.903089986991944
394110.029	275	0.98	-7.903089986991944
411134.15	275	0.985	-7.903089986991944
467340.977	275	0.99	-7.903089986991944
533509.186	275	0.995	-7.903089986991944
244435.679	300	0.5	-7.903089986991944
244706.357	300	0.505	-7.903089986991944
245115.722	300	0.51	-7.903089986991944
245777.621	300	0.515	-7.903089986991944
246047.874	300	0.52	-7.903089986991944
247048.514	300	0.525	-7.903089986991944
247773.748	300	0.53	-7.903089986991944
248305.147	300	0.535	-7.903089986991944
248583.963	300	0.54	-7.903089986991944
249054.707	300	0.545	-7.903089986991944
249622.214	300	0.55	-7.903089986991944
250128.643	300	0.555	-7.903089986991944
250586.343	300	0.56	-7.903089986991944
250842.902	300	0.565	-7.903089986991944
251376.955	300	0.57	-7.903089986991944
252263.816	300	0.575	-7.903089986991944
252653.816	300	0.58	-7.903089986991944
253153.037	300	0.585	-7.903089986991944
253987.555	300	0.59	-7.903089986991944
254570.285	300	0.595	-7.903089986991944
255186.9	300	0.6	-7.903089986991944
256074.368	300	0.605	-7.903089986991944
256226.212	300	0.61	-7.903089986991944
256793.886	300	0.615	-7.903089986991944
257416.651	300	0.62	-7.903089986991944
258036.964	300	0.625	-7.903089986991944
258375.654	300	0.63	-7.903089986991944
259000.496	300	0.635	-7.903089986991944
259312.0	300	0.64	-7.903089986991944
259823.328	300	0.645	-7.903089986991944
260578.143	300	0.65	-7.903089986991944
261041.093	300	0.655	-7.903089986991944
261491.2	300	0.66	-7.903089986991944
261918.392	300	0.665	-7.903089986991944
262676.943	300	0.67	-7.903089986991944
263022.25	300	0.675	-7.903089986991944
263687.583	300	0.68	-7.903089986991944
264110.058	300	0.685	-7.903089986991944
264658.678	300	0.69	-7.903089986991944
265130.099	300	0.695	-7.903089986991944
265556.214	300	0.7	-7.903089986991944
266441.048	300	0.705	-7.903089986991944
266718.582	300	0.71	-7.903089986991944
266986.009	300	0.715	-7.903089986991944
267790.066	300	0.72	-7.903089986991944
268504.523	300	0.725	-7.903089986991944
269074.886	300	0.73	-7.903089986991944
269655.99	300	0.735	-7.903089986991944
269880.714	300	0.74	-7.903089986991944
270234.853	300	0.745	-7.903089986991944
271051.179	300	0.75	-7.903089986991944
271651.105	300	0.755	-7.903089986991944
272112.057	300	0.76	-7.903089986991944
272838.902	300	0.765	-7.903089986991944
273847.145	300	0.77	-7.903089986991944
274852.448	300	0.775	-7.903089986991944
275722.597	300	0.78	-7.903089986991944
276676.387	300	0.785	-7.903089986991944
278120.671	300	0.79	-7.903089986991944
279098.236	300	0.795	-7.903089986991944
279520.0	300	0.8	-7.903089986991944
280153.2	300	0.805	-7.903089986991944
281236.587	300	0.81	-7.903089986991944
282282.463	300	0.815	-7.903089986991944
283698.743	300	0.82	-7.903089986991944
284750.654	300	0.825	-7.903089986991944
286821.038	300	0.83	-7.903089986991944
287472.38	300	0.835	-7.903089986991944
288904.297	300	0.84	-7.903089986991944
289907.708	300	0.845	-7.903089986991944
291667.618	300	0.85	-7.903089986991944
292951.95	300	0.855	-7.903089986991944
294731.89	300	0.86	-7.903089986991944
296215.086	300	0.865	-7.903089986991944
297821.1	300	0.87	-7.903089986991944
300084.366	300	0.875	-7.903089986991944
303415.657	300	0.88	-7.903089986991944
304996.611	300	0.885	-7.903089986991944
307548.657	300	0.89	-7.903089986991944
309260.315	300	0.895	-7.903089986991944
312549.193	300	0.9	-7.903089986991944
315304.95	300	0.905	-7.903089986991944
319667.487	300	0.91	-7.903089986991944
323144.257	300	0.915	-7.903089986991944
328861.343	300	0.92	-7.903089986991944
332058.857	300	0.925	-7.903089986991944
334224.866	300	0.93	-7.903089986991944
339155.576	300	0.935	-7.903089986991944
342003.119	300	0.94	-7.903089986991944
344822.107	300	0.945	-7.903089986991944
356499.071	300	0.95	-7.903089986991944
365614.15	300	0.955	-7.903089986991944
377926.857	300	0.96	-7.903089986991944
389673.843	300	0.965	-7.903089986991944
400365.157	300	0.97	-7.903089986991944
415252.538	300	0.975	-7.903089986991944
443333.677	300	0.98	-7.903089986991944
470855.7	300	0.985	-7.903089986991944
485763.971	300	0.99	-7.903089986991944
515651.329	300	0.995	-7.903089986991944
248868.679	325	0.5	-7.903089986991944
249394.366	325	0.505	-7.903089986991944
249864.265	325	0.51	-7.903089986991944
250435.234	325	0.515	-7.903089986991944
250597.911	325	0.52	-7.903089986991944
251297.4	325	0.525	-7.903089986991944
251899.219	325	0.53	-7.903089986991944
252182.977	325	0.535	-7.903089986991944
253095.747	325	0.54	-7.903089986991944
253553.325	325	0.545	-7.903089986991944
254168.321	325	0.55	-7.903089986991944
255043.031	325	0.555	-7.903089986991944
255926.697	325	0.56	-7.903089986991944
256297.417	325	0.565	-7.903089986991944
256548.067	325	0.57	-7.903089986991944
256953.991	325	0.575	-7.903089986991944
257455.514	325	0.58	-7.903089986991944
257651.868	325	0.585	-7.903089986991944
257990.66	325	0.59	-7.903089986991944
258799.135	325	0.595	-7.903089986991944
259180.0	325	0.6	-7.903089986991944
260158.45	325	0.605	-7.903089986991944
260568.685	325	0.61	-7.903089986991944
261727.986	325	0.615	-7.903089986991944
262752.297	325	0.62	-7.903089986991944
263520.045	325	0.625	-7.903089986991944
263796.661	325	0.63	-7.903089986991944
264524.867	325	0.635	-7.903089986991944
265283.331	325	0.64	-7.903089986991944
266186.191	325	0.645	-7.903089986991944
267016.957	325	0.65	-7.903089986991944
267390.675	325	0.655	-7.903089986991944
268156.673	325	0.66	-7.903089986991944
268650.719	325	0.665	-7.903089986991944
269082.597	325	0.67	-7.903089986991944
269517.561	325	0.675	-7.903089986991944
270530.354	325	0.68	-7.903089986991944
271077.018	325	0.685	-7.903089986991944
272628.666	325	0.69	-7.903089986991944
273122.557	325	0.695	-7.903089986991944
273899.357	325	0.7	-7.903089986991944
274192.407	325	0.705	-7.903089986991944
274322.554	325	0.71	-7.903089986991944
274832.762	325	0.715	-7.903089986991944
275947.214	325	0.72	-7.903089986991944
276637.052	325	0.725	-7.903089986991944
278037.671	325	0.73	-7.903089986991944
278466.707	325	0.735	-7.903089986991944
279919.143	325	0.74	-7.903089986991944
280419.001	325	0.745	-7.903089986991944
281528.214	325	0.75	-7.903089986991944
282662.783	325	0.755	-7.903089986991944
283570.971	325	0.76	-7.903089986991944
284030.083	325	0.765	-7.903089986991944
284987.034	325	0.77	-7.903089986991944
285877.929	325	0.775	-7.903089986991944
287194.79	325	0.78	-7.903089986991944
287918.242	325	0.785	-7.903089986991944
288575.257	325	0.79	-7.903089986991944
289681.072	325	0.795	-7.903089986991944
290719.657	325	0.8	-7.903089986991944
291727.079	325	0.805	-7.903089986991944
292752.942	325	0.81	-7.903089986991944
294857.1	325	0.815	-7.903089986991944
295962.573	325	0.82	-7.903089986991944
297522.179	325	0.825	-7.903089986991944
298974.626	325	0.83	-7.903089986991944
299943.3	325	0.835	-7.903089986991944
301043.826	325	0.84	-7.903089986991944
301911.278	325	0.845	-7.903089986991944
305083.489	325	0.85	-7.903089986991944
307019.843	325	0.855	-7.903089986991944
308798.41	325	0.86	-7.903089986991944
310767.045	325	0.865	-7.903089986991944
312235.371	325	0.87	-7.903089986991944
314194.821	325	0.875	-7.903089986991944
315806.043	325	0.88	-7.903089986991944
317493.88	325	0.885	-7.903089986991944
320221.471	325	0.89	-7.903089986991944
325196.472	325	0.895	-7.903089986991944
326401.321	325	0.9	-7.903089986991944
330841.957	325	0.905	-7.903089986991944
333186.849	325	0.91	-7.903089986991944
336535.835	325	0.915	-7.903089986991944
338817.166	325	0.92	-7.903089986991944
340791.352	325	0.925	-7.903089986991944
343161.876	325	0.93	-7.903089986991944
345977.217	325	0.935	-7.903089986991944
351143.676	325	0.94	-7.903089986991944
354466.971	325	0.945	-7.903089986991944
357262.646	325	0.95	-7.903089986991944
371591.88	325	0.955	-7.903089986991944
378487.783	325	0.96	-7.903089986991944
384866.121	325	0.965	-7.903089986991944
390719.471	325	0.97	-7.903089986991944
396017.536	325	0.975	-7.903089986991944
407997.343	325	0.98	-7.903089986991944
445518.491	325	0.985	-7.903089986991944
462599.514	325	0.99	-7.903089986991944
506088.514	325	0.995	-7.903089986991944
258739.286	350	0.5	-7.903089986991944
259458.193	350	0.505	-7.903089986991944
260068.257	350	0.51	-7.903089986991944
260527.884	350	0.515	-7.903089986991944
260794.311	350	0.52	-7.903089986991944
261835.859	350	0.525	-7.903089986991944
262691.109	350	0.53	-7.903089986991944
263049.0	350	0.535	-7.903089986991944
263488.227	350	0.54	-7.903089986991944
264297.843	350	0.545	-7.903089986991944
264602.014	350	0.55	-7.903089986991944
265105.475	350	0.555	-7.903089986991944
265561.143	350	0.56	-7.903089986991944
265954.994	350	0.565	-7.903089986991944
266372.086	350	0.57	-7.903089986991944
266631.429	350	0.575	-7.903089986991944
267135.657	350	0.58	-7.903089986991944
267522.799	350	0.585	-7.903089986991944
267796.856	350	0.59	-7.903089986991944
268549.514	350	0.595	-7.903089986991944
269512.9	350	0.6	-7.903089986991944
269860.914	350	0.605	-7.903089986991944
270168.93	350	0.61	-7.903089986991944
270957.489	350	0.615	-7.903089986991944
271654.669	350	0.62	-7.903089986991944
272421.875	350	0.625	-7.903089986991944
273134.671	350	0.63	-7.903089986991944
273759.219	350	0.635	-7.903089986991944
274096.56	350	0.64	-7.903089986991944
275013.786	350	0.645	-7.903089986991944
275431.929	350	0.65	-7.903089986991944
275739.464	350	0.655	-7.903089986991944
276292.479	350	0.66	-7.903089986991944
277153.429	350	0.665	-7.903089986991944
277699.257	350	0.67	-7.903089986991944
278144.964	350	0.675	-7.903089986991944
279299.903	350	0.68	-7.903089986991944
279865.535	350	0.685	-7.903089986991944
280499.735	350	0.69	-7.903089986991944
281140.528	350	0.695	-7.903089986991944
281870.629	350	0.7	-7.903089986991944
282725.286	350	0.705	-7.903089986991944
283289.106	350	0.71	-7.903089986991944
284536.663	350	0.715	-7.903089986991944
285562.26	350	0.72	-7.903089986991944
286723.679	350	0.725	-7.903089986991944
288390.519	350	0.73	-7.903089986991944
289545.843	350	0.735	-7.903089986991944
290455.829	350	0.74	-7.903089986991944
291424.918	350	0.745	-7.903089986991944
292280.661	350	0.75	-7.903089986991944
293745.811	350	0.755	-7.903089986991944
294116.169	350	0.76	-7.903089986991944
295447.535	350	0.765	-7.903089986991944
296578.943	350	0.77	-7.903089986991944
298366.055	350	0.775	-7.903089986991944
299624.47	350	0.78	-7.903089986991944
301477.294	350	0.785	-7.903089986991944
301861.771	350	0.79	-7.903089986991944
302503.094	350	0.795	-7.903089986991944
303782.557	350	0.8	-7.903089986991944
304700.0	350	0.805	-7.903089986991944
305390.714	350	0.81	-7.903089986991944
306239.37	350	0.815	-7.903089986991944
307406.343	350	0.82	-7.903089986991944
309168.248	350	0.825	-7.903089986991944
311256.016	350	0.83	-7.903089986991944
313623.893	350	0.835	-7.903089986991944
315394.346	350	0.84	-7.903089986991944
317715.082	350	0.845	-7.903089986991944
318908.357	350	0.85	-7.903089986991944
322985.668	350	0.855	-7.903089986991944
324977.486	350	0.86	-7.903089986991944
325902.579	350	0.865	-7.903089986991944
327549.491	350	0.87	-7.903089986991944
329756.411	350	0.875	-7.903089986991944
332898.109	350	0.88	-7.903089986991944
335250.274	350	0.885	-7.903089986991944
338521.249	350	0.89	-7.903089986991944
341135.245	350	0.895	-7.903089986991944
343562.571	350	0.9	-7.903089986991944
345926.314	350	0.905	-7.903089986991944
349094.07	350	0.91	-7.903089986991944
350957.029	350	0.915	-7.903089986991944
354656.094	350	0.92	-7.903089986991944
360610.995	350	0.925	-7.903089986991944
363701.129	350	0.93	-7.903089986991944
367999.243	350	0.935	-7.903089986991944
371687.084	350	0.94	-7.903089986991944
375646.183	350	0.945	-7.903089986991944
380346.736	350	0.95	-7.903089986991944
387289.445	350	0.955	-7.903089986991944
390841.783	350	0.96	-7.903089986991944
396935.179	350	0.965	-7.903089986991944
402263.786	350	0.97	-7.903089986991944
421072.429	350	0.975	-7.903089986991944
433507.857	350	0.98	-7.903089986991944
453656.909	350	0.985	-7.903089986991944
489243.719	350	0.99	-7.903089986991944
531518.171	350	0.995	-7.903089986991944
267947.929	375	0.5	-7.903089986991944
268248.635	375	0.505	-7.903089986991944
268895.671	375	0.51	-7.903089986991944
269874.261	375	0.515	-7.903089986991944
270281.714	375	0.52	-7.903089986991944
270715.716	375	0.525	-7.903089986991944
271509.391	375	0.53	-7.903089986991944
272546.424	375	0.535	-7.903089986991944
273371.476	375	0.54	-7.903089986991944
274362.629	375	0.545	-7.903089986991944
275102.461	375	0.55	-7.903089986991944
275366.051	375	0.555	-7.903089986991944
276006.4	375	0.56	-7.903089986991944
276645.481	375	0.565	-7.903089986991944
277378.671	375	0.57	-7.903089986991944
277847.066	375	0.575	-7.903089986991944
278417.171	375	0.58	-7.903089986991944
278618.525	375	0.585	-7.903089986991944
279107.244	375	0.59	-7.903089986991944
279956.714	375	0.595	-7.903089986991944
280596.629	375	0.6	-7.903089986991944
281340.879	375	0.605	-7.903089986991944
281599.229	375	0.61	-7.903089986991944
282615.629	375	0.615	-7.903089986991944
283533.129	375	0.62	-7.903089986991944
284531.786	375	0.625	-7.903089986991944
285302.743	375	0.63	-7.903089986991944
285903.9	375	0.635	-7.903089986991944
286307.969	375	0.64	-7.903089986991944
286465.307	375	0.645	-7.903089986991944
287447.786	375	0.65	-7.903089986991944
287769.308	375	0.655	-7.903089986991944
288708.347	375	0.66	-7.903089986991944
289343.171	375	0.665	-7.903089986991944
289833.534	375	0.67	-7.903089986991944
290449.857	375	0.675	-7.903089986991944
290875.551	375	0.68	-7.903089986991944
291893.521	375	0.685	-7.903089986991944
292879.778	375	0.69	-7.903089986991944
293384.573	375	0.695	-7.903089986991944
293956.336	375	0.7	-7.903089986991944
295430.536	375	0.705	-7.903089986991944
296401.957	375	0.71	-7.903089986991944
296702.007	375	0.715	-7.903089986991944
297568.457	375	0.72	-7.903089986991944
298426.873	375	0.725	-7.903089986991944
299081.376	375	0.73	-7.903089986991944
299996.593	375	0.735	-7.903089986991944
301458.82	375	0.74	-7.903089986991944
301748.768	375	0.745	-7.903089986991944
302874.946	375	0.75	-7.903089986991944
304640.201	375	0.755	-7.903089986991944
305328.111	375	0.76	-7.903089986991944
306083.774	375	0.765	-7.903089986991944
306816.331	375	0.77	-7.903089986991944
308745.62	375	0.775	-7.903089986991944
309203.143	375	0.78	-7.903089986991944
310717.268	375	0.785	-7.903089986991944
311612.127	375	0.79	-7.903089986991944
312340.986	375	0.795	-7.903089986991944
312999.7	375	0.8	-7.903089986991944
314493.086	375	0.805	-7.903089986991944
316547.871	375	0.81	-7.903089986991944
317364.957	375	0.815	-7.903089986991944
319761.723	375	0.82	-7.903089986991944
321092.557	375	0.825	-7.903089986991944
322171.229	375	0.83	-7.903089986991944
324558.8	375	0.835	-7.903089986991944
325870.151	375	0.84	-7.903089986991944
326763.744	375	0.845	-7.903089986991944
330496.704	375	0.85	-7.903089986991944
333657.914	375	0.855	-7.903089986991944
335114.381	375	0.86	-7.903089986991944
337097.995	375	0.865	-7.903089986991944
339994.733	375	0.87	-7.903089986991944
341835.402	375	0.875	-7.903089986991944
343341.609	375	0.88	-7.903089986991944
345904.656	375	0.885	-7.903089986991944
348153.521	375	0.89	-7.903089986991944
352190.779	375	0.895	-7.903089986991944
355729.143	375	0.9	-7.903089986991944
358399.721	375	0.905	-7.903089986991944
364560.251	375	0.91	-7.903089986991944
368583.033	375	0.915	-7.903089986991944
371552.286	375	0.92	-7.903089986991944
374553.673	375	0.925	-7.903089986991944
381129.038	375	0.93	-7.903089986991944
386579.26	375	0.935	-7.903089986991944
393309.043	375	0.94	-7.903089986991944
399530.99	375	0.945	-7.903089986991944
412246.143	375	0.95	-7.903089986991944
417686.918	375	0.955	-7.903089986991944
426610.62	375	0.96	-7.903089986991944
436248.582	375	0.965	-7.903089986991944
459287.171	375	0.97	-7.903089986991944
472098.857	375	0.975	-7.903089986991944
480256.543	375	0.98	-7.903089986991944
510254.807	375	0.985	-7.903089986991944
532888.601	375	0.99	-7.903089986991944
580648.779	375	0.995	-7.903089986991944
271976.571	400	0.5	-7.903089986991944
272176.672	400	0.505	-7.903089986991944
272784.214	400	0.51	-7.903089986991944
273109.192	400	0.515	-7.903089986991944
273442.077	400	0.52	-7.903089986991944
273722.184	400	0.525	-7.903089986991944
274037.768	400	0.53	-7.903089986991944
275286.107	400	0.535	-7.903089986991944
276120.571	400	0.54	-7.903089986991944
276719.136	400	0.545	-7.903089986991944
277355.921	400	0.55	-7.903089986991944
277771.671	400	0.555	-7.903089986991944
278497.943	400	0.56	-7.903089986991944
278913.378	400	0.565	-7.903089986991944
279341.455	400	0.57	-7.903089986991944
280121.016	400	0.575	-7.903089986991944
280707.954	400	0.58	-7.903089986991944
281430.0	400	0.585	-7.903089986991944
282438.799	400	0.59	-7.903089986991944
283098.487	400	0.595	-7.903089986991944
283983.429	400	0.6	-7.903089986991944
284427.936	400	0.605	-7.903089986991944
285873.311	400	0.61	-7.903089986991944
286756.679	400	0.615	-7.903089986991944
287502.599	400	0.62	-7.903089986991944
288256.161	400	0.625	-7.903089986991944
289060.074	400	0.63	-7.903089986991944
289880.005	400	0.635	-7.903089986991944
290300.537	400	0.64	-7.903089986991944
291359.049	400	0.645	-7.903089986991944
291993.382	400	0.65	-7.903089986991944
293256.661	400	0.655	-7.903089986991944
294271.867	400	0.66	-7.903089986991944
294878.74	400	0.665	-7.903089986991944
295420.034	400	0.67	-7.903089986991944
295751.095	400	0.675	-7.903089986991944
296546.114	400	0.68	-7.903089986991944
297440.859	400	0.685	-7.903089986991944
297851.757	400	0.69	-7.903089986991944
299148.335	400	0.695	-7.903089986991944
300779.1	400	0.7	-7.903089986991944
301280.351	400	0.705	-7.903089986991944
303183.379	400	0.71	-7.903089986991944
304475.468	400	0.715	-7.903089986991944
305051.149	400	0.72	-7.903089986991944
305908.636	400	0.725	-7.903089986991944
306653.714	400	0.73	-7.903089986991944
307312.409	400	0.735	-7.903089986991944
308573.686	400	0.74	-7.903089986991944
309958.118	400	0.745	-7.903089986991944
311614.857	400	0.75	-7.903089986991944
312324.42	400	0.755	-7.903089986991944
314098.16	400	0.76	-7.903089986991944
315521.693	400	0.765	-7.903089986991944
316598.359	400	0.77	-7.903089986991944
317959.254	400	0.775	-7.903089986991944
318863.117	400	0.78	-7.903089986991944
319545.597	400	0.785	-7.903089986991944
320996.622	400	0.79	-7.903089986991944
321855.043	400	0.795	-7.903089986991944
323122.571	400	0.8	-7.903089986991944
324178.243	400	0.805	-7.903089986991944
324990.257	400	0.81	-7.903089986991944
326421.021	400	0.815	-7.903089986991944
328357.426	400	0.82	-7.903089986991944
330043.12	400	0.825	-7.903089986991944
331312.619	400	0.83	-7.903089986991944
332867.812	400	0.835	-7.903089986991944
335350.914	400	0.84	-7.903089986991944
336689.821	400	0.845	-7.903089986991944
338438.786	400	0.85	-7.903089986991944
341646.149	400	0.855	-7.903089986991944
344230.309	400	0.86	-7.903089986991944
347219.293	400	0.865	-7.903089986991944
348166.262	400	0.87	-7.903089986991944
350919.17	400	0.875	-7.903089986991944
352926.629	400	0.88	-7.903089986991944
355073.13	400	0.885	-7.903089986991944
357053.476	400	0.89	-7.903089986991944
358819.41	400	0.895	-7.903089986991944
361599.329	400	0.9	-7.903089986991944
366157.65	400	0.905	-7.903089986991944
370332.094	400	0.91	-7.903089986991944
374015.25	400	0.915	-7.903089986991944
377175.886	400	0.92	-7.903089986991944
385385.72	400	0.925	-7.903089986991944
388148.057	400	0.93	-7.903089986991944
395221.0	400	0.935	-7.903089986991944
401223.971	400	0.94	-7.903089986991944
407445.713	400	0.945	-7.903089986991944
412826.507	400	0.95	-7.903089986991944
420643.007	400	0.955	-7.903089986991944
430311.543	400	0.96	-7.903089986991944
440268.039	400	0.965	-7.903089986991944
448185.379	400	0.97	-7.903089986991944
457804.054	400	0.975	-7.903089986991944
464869.123	400	0.98	-7.903089986991944
484274.728	400	0.985	-7.903089986991944
569488.086	400	0.99	-7.903089986991944
600942.271	400	0.995	-7.903089986991944
281267.179	425	0.5	-7.903089986991944
281805.807	425	0.505	-7.903089986991944
282548.771	425	0.51	-7.903089986991944
283350.636	425	0.515	-7.903089986991944
284108.4	425	0.52	-7.903089986991944
284654.5	425	0.525	-7.903089986991944
284903.863	425	0.53	-7.903089986991944
285266.333	425	0.535	-7.903089986991944
285571.697	425	0.54	-7.903089986991944
286279.224	425	0.545	-7.903089986991944
286958.571	425	0.55	-7.903089986991944
287776.204	425	0.555	-7.903089986991944
288085.297	425	0.56	-7.903089986991944
288433.512	425	0.565	-7.903089986991944
289255.9	425	0.57	-7.903089986991944
290377.071	425	0.575	-7.903089986991944
290847.574	425	0.58	-7.903089986991944
292000.778	425	0.585	-7.903089986991944
292751.343	425	0.59	-7.903089986991944
293460.247	425	0.595	-7.903089986991944
294441.471	425	0.6	-7.903089986991944
295149.736	425	0.605	-7.903089986991944
295549.658	425	0.61	-7.903089986991944
296185.659	425	0.615	-7.903089986991944
296807.327	425	0.62	-7.903089986991944
297220.723	425	0.625	-7.903089986991944
297552.929	425	0.63	-7.903089986991944
298146.056	425	0.635	-7.903089986991944
298938.654	425	0.64	-7.903089986991944
299948.479	425	0.645	-7.903089986991944
300667.336	425	0.65	-7.903089986991944
301028.829	425	0.655	-7.903089986991944
302262.506	425	0.66	-7.903089986991944
303395.281	425	0.665	-7.903089986991944
304482.029	425	0.67	-7.903089986991944
304974.393	425	0.675	-7.903089986991944
305893.271	425	0.68	-7.903089986991944
306369.507	425	0.685	-7.903089986991944
307125.684	425	0.69	-7.903089986991944
307896.065	425	0.695	-7.903089986991944
308972.857	425	0.7	-7.903089986991944
310065.414	425	0.705	-7.903089986991944
311536.156	425	0.71	-7.903089986991944
312276.609	425	0.715	-7.903089986991944
313023.657	425	0.72	-7.903089986991944
313294.659	425	0.725	-7.903089986991944
314281.119	425	0.73	-7.903089986991944
314713.75	425	0.735	-7.903089986991944
315957.75	425	0.74	-7.903089986991944
316718.432	425	0.745	-7.903089986991944
318631.018	425	0.75	-7.903089986991944
319771.929	425	0.755	-7.903089986991944
320698.286	425	0.76	-7.903089986991944
321470.12	425	0.765	-7.903089986991944
322742.643	425	0.77	-7.903089986991944
323986.857	425	0.775	-7.903089986991944
325701.213	425	0.78	-7.903089986991944
327622.286	425	0.785	-7.903089986991944
328423.201	425	0.79	-7.903089986991944
330361.74	425	0.795	-7.903089986991944
332476.286	425	0.8	-7.903089986991944
333430.917	425	0.805	-7.903089986991944
335192.134	425	0.81	-7.903089986991944
335840.405	425	0.815	-7.903089986991944
337340.243	425	0.82	-7.903089986991944
339540.382	425	0.825	-7.903089986991944
341388.404	425	0.83	-7.903089986991944
342447.803	425	0.835	-7.903089986991944
344064.343	425	0.84	-7.903089986991944
346242.379	425	0.845	-7.903089986991944
346597.857	425	0.85	-7.903089986991944
350998.8	425	0.855	-7.903089986991944
353044.694	425	0.86	-7.903089986991944
356662.571	425	0.865	-7.903089986991944
358458.444	425	0.87	-7.903089986991944
360473.214	425	0.875	-7.903089986991944
364226.554	425	0.88	-7.903089986991944
366314.007	425	0.885	-7.903089986991944
367898.049	425	0.89	-7.903089986991944
370407.8	425	0.895	-7.903089986991944
372360.857	425	0.9	-7.903089986991944
375038.027	425	0.905	-7.903089986991944
380396.157	425	0.91	-7.903089986991944
383395.506	425	0.915	-7.903089986991944
388498.166	425	0.92	-7.903089986991944
400060.596	425	0.925	-7.903089986991944
402344.834	425	0.93	-7.903089986991944
407111.186	425	0.935	-7.903089986991944
412129.376	425	0.94	-7.903089986991944
416612.886	425	0.945	-7.903089986991944
423143.718	425	0.95	-7.903089986991944
440089.85	425	0.955	-7.903089986991944
450919.657	425	0.96	-7.903089986991944
458442.886	425	0.965	-7.903089986991944
485908.237	425	0.97	-7.903089986991944
505179.643	425	0.975	-7.903089986991944
523253.659	425	0.98	-7.903089986991944
556114.921	425	0.985	-7.903089986991944
589791.629	425	0.99	-7.903089986991944
662625.633	425	0.995	-7.903089986991944
291702.179	450	0.5	-7.903089986991944
292157.394	450	0.505	-7.903089986991944
292842.311	450	0.51	-7.903089986991944
293350.142	450	0.515	-7.903089986991944
294640.454	450	0.52	-7.903089986991944
295134.645	450	0.525	-7.903089986991944
295476.286	450	0.53	-7.903089986991944
296031.913	450	0.535	-7.903089986991944
296366.214	450	0.54	-7.903089986991944
297381.564	450	0.545	-7.903089986991944
297654.271	450	0.55	-7.903089986991944
298497.825	450	0.555	-7.903089986991944
299218.971	450	0.56	-7.903089986991944
300206.502	450	0.565	-7.903089986991944
301113.3	450	0.57	-7.903089986991944
301847.027	450	0.575	-7.903089986991944
302713.571	450	0.58	-7.903089986991944
303364.964	450	0.585	-7.903089986991944
304292.973	450	0.59	-7.903089986991944
305097.771	450	0.595	-7.903089986991944
305774.829	450	0.6	-7.903089986991944
306285.208	450	0.605	-7.903089986991944
306632.259	450	0.61	-7.903089986991944
307464.214	450	0.615	-7.903089986991944
308068.727	450	0.62	-7.903089986991944
308836.429	450	0.625	-7.903089986991944
309526.482	450	0.63	-7.903089986991944
310188.458	450	0.635	-7.903089986991944
310986.686	450	0.64	-7.903089986991944
312223.539	450	0.645	-7.903089986991944
313254.189	450	0.65	-7.903089986991944
314868.039	450	0.655	-7.903089986991944
316006.4	450	0.66	-7.903089986991944
316996.886	450	0.665	-7.903089986991944
317791.676	450	0.67	-7.903089986991944
318416.095	450	0.675	-7.903089986991944
319104.826	450	0.68	-7.903089986991944
319230.665	450	0.685	-7.903089986991944
320391.571	450	0.69	-7.903089986991944
321054.907	450	0.695	-7.903089986991944
322136.907	450	0.7	-7.903089986991944
322962.556	450	0.705	-7.903089986991944
324662.529	450	0.71	-7.903089986991944
326078.927	450	0.715	-7.903089986991944
327743.654	450	0.72	-7.903089986991944
329120.607	450	0.725	-7.903089986991944
330190.216	450	0.73	-7.903089986991944
331054.413	450	0.735	-7.903089986991944
331836.827	450	0.74	-7.903089986991944
332979.671	450	0.745	-7.903089986991944
334200.036	450	0.75	-7.903089986991944
335315.61	450	0.755	-7.903089986991944
336117.486	450	0.76	-7.903089986991944
336644.449	450	0.765	-7.903089986991944
337622.245	450	0.77	-7.903089986991944
339781.834	450	0.775	-7.903089986991944
340903.487	450	0.78	-7.903089986991944
342468.331	450	0.785	-7.903089986991944
344644.567	450	0.79	-7.903089986991944
345599.011	450	0.795	-7.903089986991944
346902.914	450	0.8	-7.903089986991944
348054.642	450	0.805	-7.903089986991944
348881.744	450	0.81	-7.903089986991944
350197.393	450	0.815	-7.903089986991944
350734.886	450	0.82	-7.903089986991944
352595.788	450	0.825	-7.903089986991944
355552.341	450	0.83	-7.903089986991944
356355.169	450	0.835	-7.903089986991944
358871.366	450	0.84	-7.903089986991944
360083.658	450	0.845	-7.903089986991944
361599.214	450	0.85	-7.903089986991944
362806.299	450	0.855	-7.903089986991944
365388.257	450	0.86	-7.903089986991944
369823.155	450	0.865	-7.903089986991944
373499.057	450	0.87	-7.903089986991944
376473.295	450	0.875	-7.903089986991944
378902.726	450	0.88	-7.903089986991944
382414.343	450	0.885	-7.903089986991944
388716.779	450	0.89	-7.903089986991944
394345.886	450	0.895	-7.903089986991944
402652.771	450	0.9	-7.903089986991944
405271.051	450	0.905	-7.903089986991944
407660.702	450	0.91	-7.903089986991944
410800.711	450	0.915	-7.903089986991944
415419.869	450	0.92	-7.903089986991944
419635.545	450	0.925	-7.903089986991944
427739.414	450	0.93	-7.903089986991944
433170.908	450	0.935	-7.903089986991944
440440.447	450	0.94	-7.903089986991944
449612.443	450	0.945	-7.903089986991944
458330.0	450	0.95	-7.903089986991944
476417.393	450	0.955	-7.903089986991944
486585.817	450	0.96	-7.903089986991944
501176.969	450	0.965	-7.903089986991944
513426.643	450	0.97	-7.903089986991944
522275.002	450	0.975	-7.903089986991944
534575.387	450	0.98	-7.903089986991944
554155.721	450	0.985	-7.903089986991944
592475.414	450	0.99	-7.903089986991944
684712.779	450	0.995	-7.903089986991944
