S*_score	SNP_num	quantile	log(local_recomb_rate)
115080.0	25	0.5	-7.903089986991944
115148.6	25	0.505	-7.903089986991944
115289.0	25	0.51	-7.903089986991944
117254.8	25	0.515	-7.903089986991944
117613.6	25	0.52	-7.903089986991944
118452.136	25	0.525	-7.903089986991944
118722.78	25	0.53	-7.903089986991944
120892.55	25	0.535	-7.903089986991944
121225.3	25	0.54	-7.903089986991944
121912.575	25	0.545	-7.903089986991944
122352.65	25	0.55	-7.903089986991944
123030.468	25	0.555	-7.903089986991944
123221.6	25	0.56	-7.903089986991944
123667.11	25	0.565	-7.903089986991944
124326.58	25	0.57	-7.903089986991944
124654.0	25	0.575	-7.903089986991944
124825.6	25	0.58	-7.903089986991944
125479.019	25	0.585	-7.903089986991944
125747.474	25	0.59	-7.903089986991944
125831.9	25	0.595	-7.903089986991944
125896.0	25	0.6	-7.903089986991944
126045.289	25	0.605	-7.903089986991944
126792.4	25	0.61	-7.903089986991944
127834.0	25	0.615	-7.903089986991944
128322.4	25	0.62	-7.903089986991944
128815.0	25	0.625	-7.903089986991944
129909.91	25	0.63	-7.903089986991944
130114.895	25	0.635	-7.903089986991944
130851.2	25	0.64	-7.903089986991944
131664.233	25	0.645	-7.903089986991944
131739.667	25	0.65	-7.903089986991944
132283.397	25	0.655	-7.903089986991944
132839.413	25	0.66	-7.903089986991944
133063.586	25	0.665	-7.903089986991944
133622.0	25	0.67	-7.903089986991944
133882.621	25	0.675	-7.903089986991944
134047.571	25	0.68	-7.903089986991944
134324.908	25	0.685	-7.903089986991944
134958.714	25	0.69	-7.903089986991944
135158.6	25	0.695	-7.903089986991944
135768.4	25	0.7	-7.903089986991944
136712.8	25	0.705	-7.903089986991944
140949.6	25	0.71	-7.903089986991944
141109.8	25	0.715	-7.903089986991944
141120.92	25	0.72	-7.903089986991944
141764.475	25	0.725	-7.903089986991944
143381.09	25	0.73	-7.903089986991944
143945.99	25	0.735	-7.903089986991944
144101.44	25	0.74	-7.903089986991944
144632.836	25	0.745	-7.903089986991944
144720.0	25	0.75	-7.903089986991944
145263.13	25	0.755	-7.903089986991944
145633.2	25	0.76	-7.903089986991944
146387.5	25	0.765	-7.903089986991944
146893.2	25	0.77	-7.903089986991944
147076.5	25	0.775	-7.903089986991944
147431.644	25	0.78	-7.903089986991944
147636.9	25	0.785	-7.903089986991944
147981.987	25	0.79	-7.903089986991944
148355.2	25	0.795	-7.903089986991944
149632.0	25	0.8	-7.903089986991944
150145.3	25	0.805	-7.903089986991944
151457.938	25	0.81	-7.903089986991944
152001.6	25	0.815	-7.903089986991944
152355.2	25	0.82	-7.903089986991944
152803.0	25	0.825	-7.903089986991944
153888.4	25	0.83	-7.903089986991944
154503.01	25	0.835	-7.903089986991944
158078.88	25	0.84	-7.903089986991944
158727.2	25	0.845	-7.903089986991944
160516.05	25	0.85	-7.903089986991944
161581.435	25	0.855	-7.903089986991944
162579.2	25	0.86	-7.903089986991944
164612.6	25	0.865	-7.903089986991944
165689.2	25	0.87	-7.903089986991944
167715.0	25	0.875	-7.903089986991944
168145.333	25	0.88	-7.903089986991944
168553.0	25	0.885	-7.903089986991944
169090.0	25	0.89	-7.903089986991944
169552.8	25	0.895	-7.903089986991944
170401.9	25	0.9	-7.903089986991944
170930.608	25	0.905	-7.903089986991944
171579.486	25	0.91	-7.903089986991944
171824.2	25	0.915	-7.903089986991944
172364.0	25	0.92	-7.903089986991944
172573.0	25	0.925	-7.903089986991944
172678.4	25	0.93	-7.903089986991944
172775.709	25	0.935	-7.903089986991944
173251.692	25	0.94	-7.903089986991944
175687.197	25	0.945	-7.903089986991944
176396.0	25	0.95	-7.903089986991944
177285.938	25	0.955	-7.903089986991944
180584.8	25	0.96	-7.903089986991944
181394.4	25	0.965	-7.903089986991944
187084.8	25	0.97	-7.903089986991944
188547.0	25	0.975	-7.903089986991944
190700.0	25	0.98	-7.903089986991944
196742.164	25	0.985	-7.903089986991944
198691.2	25	0.99	-7.903089986991944
201387.0	25	0.995	-7.903089986991944
117162.727	50	0.5	-7.903089986991944
117579.758	50	0.505	-7.903089986991944
118455.527	50	0.51	-7.903089986991944
119543.429	50	0.515	-7.903089986991944
120329.067	50	0.52	-7.903089986991944
120505.205	50	0.525	-7.903089986991944
120962.511	50	0.53	-7.903089986991944
121339.819	50	0.535	-7.903089986991944
121811.48	50	0.54	-7.903089986991944
122241.029	50	0.545	-7.903089986991944
122638.4	50	0.55	-7.903089986991944
123093.175	50	0.555	-7.903089986991944
123972.6	50	0.56	-7.903089986991944
124390.23	50	0.565	-7.903089986991944
125208.3	50	0.57	-7.903089986991944
125504.921	50	0.575	-7.903089986991944
125785.644	50	0.58	-7.903089986991944
126875.215	50	0.585	-7.903089986991944
127711.486	50	0.59	-7.903089986991944
128287.6	50	0.595	-7.903089986991944
128648.571	50	0.6	-7.903089986991944
129354.3	50	0.605	-7.903089986991944
129844.266	50	0.61	-7.903089986991944
130894.091	50	0.615	-7.903089986991944
131357.267	50	0.62	-7.903089986991944
132030.125	50	0.625	-7.903089986991944
132733.25	50	0.63	-7.903089986991944
133449.121	50	0.635	-7.903089986991944
134291.938	50	0.64	-7.903089986991944
134661.138	50	0.645	-7.903089986991944
135545.0	50	0.65	-7.903089986991944
135820.0	50	0.655	-7.903089986991944
136141.691	50	0.66	-7.903089986991944
136744.379	50	0.665	-7.903089986991944
137401.4	50	0.67	-7.903089986991944
138013.686	50	0.675	-7.903089986991944
138284.212	50	0.68	-7.903089986991944
138688.278	50	0.685	-7.903089986991944
139608.36	50	0.69	-7.903089986991944
140006.327	50	0.695	-7.903089986991944
140558.909	50	0.7	-7.903089986991944
140906.587	50	0.705	-7.903089986991944
141362.294	50	0.71	-7.903089986991944
141725.733	50	0.715	-7.903089986991944
142398.133	50	0.72	-7.903089986991944
143121.3	50	0.725	-7.903089986991944
143645.597	50	0.73	-7.903089986991944
144008.871	50	0.735	-7.903089986991944
144796.3	50	0.74	-7.903089986991944
145026.35	50	0.745	-7.903089986991944
146537.886	50	0.75	-7.903089986991944
147573.861	50	0.755	-7.903089986991944
148556.667	50	0.76	-7.903089986991944
149099.04	50	0.765	-7.903089986991944
150196.467	50	0.77	-7.903089986991944
150992.425	50	0.775	-7.903089986991944
152231.333	50	0.78	-7.903089986991944
154404.429	50	0.785	-7.903089986991944
154857.1	50	0.79	-7.903089986991944
155045.9	50	0.795	-7.903089986991944
155577.933	50	0.8	-7.903089986991944
156552.932	50	0.805	-7.903089986991944
157587.614	50	0.81	-7.903089986991944
158538.9	50	0.815	-7.903089986991944
158874.8	50	0.82	-7.903089986991944
160130.5	50	0.825	-7.903089986991944
161273.75	50	0.83	-7.903089986991944
161628.43	50	0.835	-7.903089986991944
163004.8	50	0.84	-7.903089986991944
163275.671	50	0.845	-7.903089986991944
163618.357	50	0.85	-7.903089986991944
164483.472	50	0.855	-7.903089986991944
165114.4	50	0.86	-7.903089986991944
166059.952	50	0.865	-7.903089986991944
167305.4	50	0.87	-7.903089986991944
168185.357	50	0.875	-7.903089986991944
169256.88	50	0.88	-7.903089986991944
169783.864	50	0.885	-7.903089986991944
170468.41	50	0.89	-7.903089986991944
171617.173	50	0.895	-7.903089986991944
172876.0	50	0.9	-7.903089986991944
173644.5	50	0.905	-7.903089986991944
175179.037	50	0.91	-7.903089986991944
176323.7	50	0.915	-7.903089986991944
177343.709	50	0.92	-7.903089986991944
178659.5	50	0.925	-7.903089986991944
180117.2	50	0.93	-7.903089986991944
181680.595	50	0.935	-7.903089986991944
183584.0	50	0.94	-7.903089986991944
184497.8	50	0.945	-7.903089986991944
185380.667	50	0.95	-7.903089986991944
186150.083	50	0.955	-7.903089986991944
187275.04	50	0.96	-7.903089986991944
189357.35	50	0.965	-7.903089986991944
194416.897	50	0.97	-7.903089986991944
199007.389	50	0.975	-7.903089986991944
201675.85	50	0.98	-7.903089986991944
205439.667	50	0.985	-7.903089986991944
211108.604	50	0.99	-7.903089986991944
219282.2	50	0.995	-7.903089986991944
125701.538	75	0.5	-7.903089986991944
126193.533	75	0.505	-7.903089986991944
126542.935	75	0.51	-7.903089986991944
127018.45	75	0.515	-7.903089986991944
127705.64	75	0.52	-7.903089986991944
128428.0	75	0.525	-7.903089986991944
129027.2	75	0.53	-7.903089986991944
129377.664	75	0.535	-7.903089986991944
129732.0	75	0.54	-7.903089986991944
130194.134	75	0.545	-7.903089986991944
130616.46	75	0.55	-7.903089986991944
131019.463	75	0.555	-7.903089986991944
131934.4	75	0.56	-7.903089986991944
132367.138	75	0.565	-7.903089986991944
132894.114	75	0.57	-7.903089986991944
133378.564	75	0.575	-7.903089986991944
133893.091	75	0.58	-7.903089986991944
134118.2	75	0.585	-7.903089986991944
134316.228	75	0.59	-7.903089986991944
134605.9	75	0.595	-7.903089986991944
134927.556	75	0.6	-7.903089986991944
135127.85	75	0.605	-7.903089986991944
135951.349	75	0.61	-7.903089986991944
136448.36	75	0.615	-7.903089986991944
137463.714	75	0.62	-7.903089986991944
137963.75	75	0.625	-7.903089986991944
138804.395	75	0.63	-7.903089986991944
139650.46	75	0.635	-7.903089986991944
139833.442	75	0.64	-7.903089986991944
140129.614	75	0.645	-7.903089986991944
140642.174	75	0.65	-7.903089986991944
141022.787	75	0.655	-7.903089986991944
141937.347	75	0.66	-7.903089986991944
142141.409	75	0.665	-7.903089986991944
143205.6	75	0.67	-7.903089986991944
143541.308	75	0.675	-7.903089986991944
143914.572	75	0.68	-7.903089986991944
144339.118	75	0.685	-7.903089986991944
144858.828	75	0.69	-7.903089986991944
145522.265	75	0.695	-7.903089986991944
146032.895	75	0.7	-7.903089986991944
147028.533	75	0.705	-7.903089986991944
147252.412	75	0.71	-7.903089986991944
147971.7	75	0.715	-7.903089986991944
148490.725	75	0.72	-7.903089986991944
149644.61	75	0.725	-7.903089986991944
149976.0	75	0.73	-7.903089986991944
150245.278	75	0.735	-7.903089986991944
151084.036	75	0.74	-7.903089986991944
152273.8	75	0.745	-7.903089986991944
152804.286	75	0.75	-7.903089986991944
153281.785	75	0.755	-7.903089986991944
154079.581	75	0.76	-7.903089986991944
154723.32	75	0.765	-7.903089986991944
155249.34	75	0.77	-7.903089986991944
155540.0	75	0.775	-7.903089986991944
156138.808	75	0.78	-7.903089986991944
156564.595	75	0.785	-7.903089986991944
157553.12	75	0.79	-7.903089986991944
158005.905	75	0.795	-7.903089986991944
158699.143	75	0.8	-7.903089986991944
160126.56	75	0.805	-7.903089986991944
160790.857	75	0.81	-7.903089986991944
161126.938	75	0.815	-7.903089986991944
161831.92	75	0.82	-7.903089986991944
162683.697	75	0.825	-7.903089986991944
164439.2	75	0.83	-7.903089986991944
164937.604	75	0.835	-7.903089986991944
165304.28	75	0.84	-7.903089986991944
166379.103	75	0.845	-7.903089986991944
167158.471	75	0.85	-7.903089986991944
167768.95	75	0.855	-7.903089986991944
168225.6	75	0.86	-7.903089986991944
168681.187	75	0.865	-7.903089986991944
169262.691	75	0.87	-7.903089986991944
170481.273	75	0.875	-7.903089986991944
170977.6	75	0.88	-7.903089986991944
171513.707	75	0.885	-7.903089986991944
172785.211	75	0.89	-7.903089986991944
173538.854	75	0.895	-7.903089986991944
174849.781	75	0.9	-7.903089986991944
175341.416	75	0.905	-7.903089986991944
176556.4	75	0.91	-7.903089986991944
178396.78	75	0.915	-7.903089986991944
179771.394	75	0.92	-7.903089986991944
181174.733	75	0.925	-7.903089986991944
182681.6	75	0.93	-7.903089986991944
183877.067	75	0.935	-7.903089986991944
185069.061	75	0.94	-7.903089986991944
187697.4	75	0.945	-7.903089986991944
189487.394	75	0.95	-7.903089986991944
189941.982	75	0.955	-7.903089986991944
191271.255	75	0.96	-7.903089986991944
193268.324	75	0.965	-7.903089986991944
195077.6	75	0.97	-7.903089986991944
198721.6	75	0.975	-7.903089986991944
202004.0	75	0.98	-7.903089986991944
205859.514	75	0.985	-7.903089986991944
223418.773	75	0.99	-7.903089986991944
231780.854	75	0.995	-7.903089986991944
133014.692	100	0.5	-7.903089986991944
133728.085	100	0.505	-7.903089986991944
134061.416	100	0.51	-7.903089986991944
134512.032	100	0.515	-7.903089986991944
134891.966	100	0.52	-7.903089986991944
135207.067	100	0.525	-7.903089986991944
135777.917	100	0.53	-7.903089986991944
136248.963	100	0.535	-7.903089986991944
136736.785	100	0.54	-7.903089986991944
137169.933	100	0.545	-7.903089986991944
137773.524	100	0.55	-7.903089986991944
137923.867	100	0.555	-7.903089986991944
138361.867	100	0.56	-7.903089986991944
139059.582	100	0.565	-7.903089986991944
139479.714	100	0.57	-7.903089986991944
139862.693	100	0.575	-7.903089986991944
140092.753	100	0.58	-7.903089986991944
140460.093	100	0.585	-7.903089986991944
141027.24	100	0.59	-7.903089986991944
141455.012	100	0.595	-7.903089986991944
142449.273	100	0.6	-7.903089986991944
143239.769	100	0.605	-7.903089986991944
144184.0	100	0.61	-7.903089986991944
144323.82	100	0.615	-7.903089986991944
145002.697	100	0.62	-7.903089986991944
145760.0	100	0.625	-7.903089986991944
146260.6	100	0.63	-7.903089986991944
147014.923	100	0.635	-7.903089986991944
147220.933	100	0.64	-7.903089986991944
147595.657	100	0.645	-7.903089986991944
148021.231	100	0.65	-7.903089986991944
148522.743	100	0.655	-7.903089986991944
149278.326	100	0.66	-7.903089986991944
149707.771	100	0.665	-7.903089986991944
150119.94	100	0.67	-7.903089986991944
150347.486	100	0.675	-7.903089986991944
150726.77	100	0.68	-7.903089986991944
151290.431	100	0.685	-7.903089986991944
151631.174	100	0.69	-7.903089986991944
152171.624	100	0.695	-7.903089986991944
152276.667	100	0.7	-7.903089986991944
152458.945	100	0.705	-7.903089986991944
152747.527	100	0.71	-7.903089986991944
153235.634	100	0.715	-7.903089986991944
153583.627	100	0.72	-7.903089986991944
154673.524	100	0.725	-7.903089986991944
155474.901	100	0.73	-7.903089986991944
156075.04	100	0.735	-7.903089986991944
156294.805	100	0.74	-7.903089986991944
156595.018	100	0.745	-7.903089986991944
157390.909	100	0.75	-7.903089986991944
158207.248	100	0.755	-7.903089986991944
159016.373	100	0.76	-7.903089986991944
159757.877	100	0.765	-7.903089986991944
160565.54	100	0.77	-7.903089986991944
161361.143	100	0.775	-7.903089986991944
161849.735	100	0.78	-7.903089986991944
162347.086	100	0.785	-7.903089986991944
163098.59	100	0.79	-7.903089986991944
163808.234	100	0.795	-7.903089986991944
164142.562	100	0.8	-7.903089986991944
164424.267	100	0.805	-7.903089986991944
164830.886	100	0.81	-7.903089986991944
165181.6	100	0.815	-7.903089986991944
165550.88	100	0.82	-7.903089986991944
166226.5	100	0.825	-7.903089986991944
167386.229	100	0.83	-7.903089986991944
168055.8	100	0.835	-7.903089986991944
168333.24	100	0.84	-7.903089986991944
169336.738	100	0.845	-7.903089986991944
169755.517	100	0.85	-7.903089986991944
170286.88	100	0.855	-7.903089986991944
170973.309	100	0.86	-7.903089986991944
171389.244	100	0.865	-7.903089986991944
172370.4	100	0.87	-7.903089986991944
173622.214	100	0.875	-7.903089986991944
174647.467	100	0.88	-7.903089986991944
175432.087	100	0.885	-7.903089986991944
176445.418	100	0.89	-7.903089986991944
177390.68	100	0.895	-7.903089986991944
178073.245	100	0.9	-7.903089986991944
178883.815	100	0.905	-7.903089986991944
179718.11	100	0.91	-7.903089986991944
181171.086	100	0.915	-7.903089986991944
182077.6	100	0.92	-7.903089986991944
183472.743	100	0.925	-7.903089986991944
185438.462	100	0.93	-7.903089986991944
186247.919	100	0.935	-7.903089986991944
187740.769	100	0.94	-7.903089986991944
189982.861	100	0.945	-7.903089986991944
190448.571	100	0.95	-7.903089986991944
193793.543	100	0.955	-7.903089986991944
195147.829	100	0.96	-7.903089986991944
198524.217	100	0.965	-7.903089986991944
199656.171	100	0.97	-7.903089986991944
201367.429	100	0.975	-7.903089986991944
203494.743	100	0.98	-7.903089986991944
209984.386	100	0.985	-7.903089986991944
228493.829	100	0.99	-7.903089986991944
233240.629	100	0.995	-7.903089986991944
142895.333	125	0.5	-7.903089986991944
143206.038	125	0.505	-7.903089986991944
143432.857	125	0.51	-7.903089986991944
143706.0	125	0.515	-7.903089986991944
144053.231	125	0.52	-7.903089986991944
144495.245	125	0.525	-7.903089986991944
145436.0	125	0.53	-7.903089986991944
145982.444	125	0.535	-7.903089986991944
146286.088	125	0.54	-7.903089986991944
146733.143	125	0.545	-7.903089986991944
146955.556	125	0.55	-7.903089986991944
147588.231	125	0.555	-7.903089986991944
147796.768	125	0.56	-7.903089986991944
148077.056	125	0.565	-7.903089986991944
148476.756	125	0.57	-7.903089986991944
148890.0	125	0.575	-7.903089986991944
149359.077	125	0.58	-7.903089986991944
149988.833	125	0.585	-7.903089986991944
150618.157	125	0.59	-7.903089986991944
150936.457	125	0.595	-7.903089986991944
151433.846	125	0.6	-7.903089986991944
151543.314	125	0.605	-7.903089986991944
152322.318	125	0.61	-7.903089986991944
153092.333	125	0.615	-7.903089986991944
153772.538	125	0.62	-7.903089986991944
154407.143	125	0.625	-7.903089986991944
154645.29	125	0.63	-7.903089986991944
155108.802	125	0.635	-7.903089986991944
155571.897	125	0.64	-7.903089986991944
155898.829	125	0.645	-7.903089986991944
156265.0	125	0.65	-7.903089986991944
156533.031	125	0.655	-7.903089986991944
156848.857	125	0.66	-7.903089986991944
157291.031	125	0.665	-7.903089986991944
157755.0	125	0.67	-7.903089986991944
158102.024	125	0.675	-7.903089986991944
158711.769	125	0.68	-7.903089986991944
159046.562	125	0.685	-7.903089986991944
159757.351	125	0.69	-7.903089986991944
160865.818	125	0.695	-7.903089986991944
161720.667	125	0.7	-7.903089986991944
162358.165	125	0.705	-7.903089986991944
162979.457	125	0.71	-7.903089986991944
163960.286	125	0.715	-7.903089986991944
164556.964	125	0.72	-7.903089986991944
165090.24	125	0.725	-7.903089986991944
165505.957	125	0.73	-7.903089986991944
166582.762	125	0.735	-7.903089986991944
166887.795	125	0.74	-7.903089986991944
167140.857	125	0.745	-7.903089986991944
167508.0	125	0.75	-7.903089986991944
167704.466	125	0.755	-7.903089986991944
168501.143	125	0.76	-7.903089986991944
168757.9	125	0.765	-7.903089986991944
169186.667	125	0.77	-7.903089986991944
169589.405	125	0.775	-7.903089986991944
170089.619	125	0.78	-7.903089986991944
170532.868	125	0.785	-7.903089986991944
171045.538	125	0.79	-7.903089986991944
171208.021	125	0.795	-7.903089986991944
171447.692	125	0.8	-7.903089986991944
171909.446	125	0.805	-7.903089986991944
172722.945	125	0.81	-7.903089986991944
173272.473	125	0.815	-7.903089986991944
173950.901	125	0.82	-7.903089986991944
174554.164	125	0.825	-7.903089986991944
175600.583	125	0.83	-7.903089986991944
176582.746	125	0.835	-7.903089986991944
177289.947	125	0.84	-7.903089986991944
177658.747	125	0.845	-7.903089986991944
179068.571	125	0.85	-7.903089986991944
180350.267	125	0.855	-7.903089986991944
181441.846	125	0.86	-7.903089986991944
181721.0	125	0.865	-7.903089986991944
182547.429	125	0.87	-7.903089986991944
183268.571	125	0.875	-7.903089986991944
184233.143	125	0.88	-7.903089986991944
184949.363	125	0.885	-7.903089986991944
186078.667	125	0.89	-7.903089986991944
186744.893	125	0.895	-7.903089986991944
188080.0	125	0.9	-7.903089986991944
190227.66	125	0.905	-7.903089986991944
191668.871	125	0.91	-7.903089986991944
192422.05	125	0.915	-7.903089986991944
193275.974	125	0.92	-7.903089986991944
193823.53	125	0.925	-7.903089986991944
195422.814	125	0.93	-7.903089986991944
197239.833	125	0.935	-7.903089986991944
199378.0	125	0.94	-7.903089986991944
201648.429	125	0.945	-7.903089986991944
204050.769	125	0.95	-7.903089986991944
206707.165	125	0.955	-7.903089986991944
208133.867	125	0.96	-7.903089986991944
210508.857	125	0.965	-7.903089986991944
212521.714	125	0.97	-7.903089986991944
213928.0	125	0.975	-7.903089986991944
220353.714	125	0.98	-7.903089986991944
224369.015	125	0.985	-7.903089986991944
229211.729	125	0.99	-7.903089986991944
239647.086	125	0.995	-7.903089986991944
153201.429	150	0.5	-7.903089986991944
153368.492	150	0.505	-7.903089986991944
153656.843	150	0.51	-7.903089986991944
154206.882	150	0.515	-7.903089986991944
154452.743	150	0.52	-7.903089986991944
154754.554	150	0.525	-7.903089986991944
155200.189	150	0.53	-7.903089986991944
155397.349	150	0.535	-7.903089986991944
155780.457	150	0.54	-7.903089986991944
156049.055	150	0.545	-7.903089986991944
156773.857	150	0.55	-7.903089986991944
157398.344	150	0.555	-7.903089986991944
157639.306	150	0.56	-7.903089986991944
157852.091	150	0.565	-7.903089986991944
158220.0	150	0.57	-7.903089986991944
158871.729	150	0.575	-7.903089986991944
159474.743	150	0.58	-7.903089986991944
159974.28	150	0.585	-7.903089986991944
160944.48	150	0.59	-7.903089986991944
161582.878	150	0.595	-7.903089986991944
161691.844	150	0.6	-7.903089986991944
162656.639	150	0.605	-7.903089986991944
163182.212	150	0.61	-7.903089986991944
163614.892	150	0.615	-7.903089986991944
163967.96	150	0.62	-7.903089986991944
164627.917	150	0.625	-7.903089986991944
164823.494	150	0.63	-7.903089986991944
165093.486	150	0.635	-7.903089986991944
166136.098	150	0.64	-7.903089986991944
166621.983	150	0.645	-7.903089986991944
167001.143	150	0.65	-7.903089986991944
167306.523	150	0.655	-7.903089986991944
167851.143	150	0.66	-7.903089986991944
167981.111	150	0.665	-7.903089986991944
168878.798	150	0.67	-7.903089986991944
169179.667	150	0.675	-7.903089986991944
169630.467	150	0.68	-7.903089986991944
170490.594	150	0.685	-7.903089986991944
170957.09	150	0.69	-7.903089986991944
171528.857	150	0.695	-7.903089986991944
171878.314	150	0.7	-7.903089986991944
172182.074	150	0.705	-7.903089986991944
172570.748	150	0.71	-7.903089986991944
172866.807	150	0.715	-7.903089986991944
173396.594	150	0.72	-7.903089986991944
173695.692	150	0.725	-7.903089986991944
174314.182	150	0.73	-7.903089986991944
174709.727	150	0.735	-7.903089986991944
174944.374	150	0.74	-7.903089986991944
175359.069	150	0.745	-7.903089986991944
176130.0	150	0.75	-7.903089986991944
176849.666	150	0.755	-7.903089986991944
177687.823	150	0.76	-7.903089986991944
178637.037	150	0.765	-7.903089986991944
179243.526	150	0.77	-7.903089986991944
180067.971	150	0.775	-7.903089986991944
180415.886	150	0.78	-7.903089986991944
181457.103	150	0.785	-7.903089986991944
181799.131	150	0.79	-7.903089986991944
182066.454	150	0.795	-7.903089986991944
183270.952	150	0.8	-7.903089986991944
183936.48	150	0.805	-7.903089986991944
184365.278	150	0.81	-7.903089986991944
184934.473	150	0.815	-7.903089986991944
185415.131	150	0.82	-7.903089986991944
186054.092	150	0.825	-7.903089986991944
186851.903	150	0.83	-7.903089986991944
188045.892	150	0.835	-7.903089986991944
189494.916	150	0.84	-7.903089986991944
190171.036	150	0.845	-7.903089986991944
190836.352	150	0.85	-7.903089986991944
192438.8	150	0.855	-7.903089986991944
193470.823	150	0.86	-7.903089986991944
194601.447	150	0.865	-7.903089986991944
194760.686	150	0.87	-7.903089986991944
195338.0	150	0.875	-7.903089986991944
196197.943	150	0.88	-7.903089986991944
196870.377	150	0.885	-7.903089986991944
197670.8	150	0.89	-7.903089986991944
198715.643	150	0.895	-7.903089986991944
199489.143	150	0.9	-7.903089986991944
200965.397	150	0.905	-7.903089986991944
201540.6	150	0.91	-7.903089986991944
203939.781	150	0.915	-7.903089986991944
204397.473	150	0.92	-7.903089986991944
204824.624	150	0.925	-7.903089986991944
205921.589	150	0.93	-7.903089986991944
206824.914	150	0.935	-7.903089986991944
207995.89	150	0.94	-7.903089986991944
210040.133	150	0.945	-7.903089986991944
212326.857	150	0.95	-7.903089986991944
216450.751	150	0.955	-7.903089986991944
217200.8	150	0.96	-7.903089986991944
220401.294	150	0.965	-7.903089986991944
224319.497	150	0.97	-7.903089986991944
227170.25	150	0.975	-7.903089986991944
232716.229	150	0.98	-7.903089986991944
241274.037	150	0.985	-7.903089986991944
245806.092	150	0.99	-7.903089986991944
265108.354	150	0.995	-7.903089986991944
163776.5	175	0.5	-7.903089986991944
164068.353	175	0.505	-7.903089986991944
164366.015	175	0.51	-7.903089986991944
165104.193	175	0.515	-7.903089986991944
165307.386	175	0.52	-7.903089986991944
165764.96	175	0.525	-7.903089986991944
166101.112	175	0.53	-7.903089986991944
166375.324	175	0.535	-7.903089986991944
166788.857	175	0.54	-7.903089986991944
167829.392	175	0.545	-7.903089986991944
168318.211	175	0.55	-7.903089986991944
168540.479	175	0.555	-7.903089986991944
168902.756	175	0.56	-7.903089986991944
169254.08	175	0.565	-7.903089986991944
169416.669	175	0.57	-7.903089986991944
169677.059	175	0.575	-7.903089986991944
170387.816	175	0.58	-7.903089986991944
171275.628	175	0.585	-7.903089986991944
171547.003	175	0.59	-7.903089986991944
171766.346	175	0.595	-7.903089986991944
172127.771	175	0.6	-7.903089986991944
172558.707	175	0.605	-7.903089986991944
173256.227	175	0.61	-7.903089986991944
173682.096	175	0.615	-7.903089986991944
174332.677	175	0.62	-7.903089986991944
175490.714	175	0.625	-7.903089986991944
175739.001	175	0.63	-7.903089986991944
175980.537	175	0.635	-7.903089986991944
176460.988	175	0.64	-7.903089986991944
176913.301	175	0.645	-7.903089986991944
177101.636	175	0.65	-7.903089986991944
177621.593	175	0.655	-7.903089986991944
178251.543	175	0.66	-7.903089986991944
178810.104	175	0.665	-7.903089986991944
179210.179	175	0.67	-7.903089986991944
179475.111	175	0.675	-7.903089986991944
180038.276	175	0.68	-7.903089986991944
180325.093	175	0.685	-7.903089986991944
180994.33	175	0.69	-7.903089986991944
181220.978	175	0.695	-7.903089986991944
181900.077	175	0.7	-7.903089986991944
182444.743	175	0.705	-7.903089986991944
183279.214	175	0.71	-7.903089986991944
183590.505	175	0.715	-7.903089986991944
184067.354	175	0.72	-7.903089986991944
184318.044	175	0.725	-7.903089986991944
184710.752	175	0.73	-7.903089986991944
185359.236	175	0.735	-7.903089986991944
185825.12	175	0.74	-7.903089986991944
186475.332	175	0.745	-7.903089986991944
186871.071	175	0.75	-7.903089986991944
187316.8	175	0.755	-7.903089986991944
187799.921	175	0.76	-7.903089986991944
188228.468	175	0.765	-7.903089986991944
188844.638	175	0.77	-7.903089986991944
188977.164	175	0.775	-7.903089986991944
189678.317	175	0.78	-7.903089986991944
190315.27	175	0.785	-7.903089986991944
191048.207	175	0.79	-7.903089986991944
191687.451	175	0.795	-7.903089986991944
192550.0	175	0.8	-7.903089986991944
193475.298	175	0.805	-7.903089986991944
194747.536	175	0.81	-7.903089986991944
195458.345	175	0.815	-7.903089986991944
196113.792	175	0.82	-7.903089986991944
197171.714	175	0.825	-7.903089986991944
197855.875	175	0.83	-7.903089986991944
198384.077	175	0.835	-7.903089986991944
199045.133	175	0.84	-7.903089986991944
199759.771	175	0.845	-7.903089986991944
200702.929	175	0.85	-7.903089986991944
200903.489	175	0.855	-7.903089986991944
201634.429	175	0.86	-7.903089986991944
203141.96	175	0.865	-7.903089986991944
204289.21	175	0.87	-7.903089986991944
205780.0	175	0.875	-7.903089986991944
206645.271	175	0.88	-7.903089986991944
207726.865	175	0.885	-7.903089986991944
208340.115	175	0.89	-7.903089986991944
209362.578	175	0.895	-7.903089986991944
210175.44	175	0.9	-7.903089986991944
211103.168	175	0.905	-7.903089986991944
212548.259	175	0.91	-7.903089986991944
213635.3	175	0.915	-7.903089986991944
214708.706	175	0.92	-7.903089986991944
216733.911	175	0.925	-7.903089986991944
218125.174	175	0.93	-7.903089986991944
219769.929	175	0.935	-7.903089986991944
220820.17	175	0.94	-7.903089986991944
224033.864	175	0.945	-7.903089986991944
225941.357	175	0.95	-7.903089986991944
226979.114	175	0.955	-7.903089986991944
229098.883	175	0.96	-7.903089986991944
231071.611	175	0.965	-7.903089986991944
232059.043	175	0.97	-7.903089986991944
234566.5	175	0.975	-7.903089986991944
240460.952	175	0.98	-7.903089986991944
250740.714	175	0.985	-7.903089986991944
255252.543	175	0.99	-7.903089986991944
284102.868	175	0.995	-7.903089986991944
172561.429	200	0.5	-7.903089986991944
173145.552	200	0.505	-7.903089986991944
173716.3	200	0.51	-7.903089986991944
173988.364	200	0.515	-7.903089986991944
174391.272	200	0.52	-7.903089986991944
175328.486	200	0.525	-7.903089986991944
175731.706	200	0.53	-7.903089986991944
176260.626	200	0.535	-7.903089986991944
176575.21	200	0.54	-7.903089986991944
176989.575	200	0.545	-7.903089986991944
177343.875	200	0.55	-7.903089986991944
177882.808	200	0.555	-7.903089986991944
178046.463	200	0.56	-7.903089986991944
178370.104	200	0.565	-7.903089986991944
178679.829	200	0.57	-7.903089986991944
179125.214	200	0.575	-7.903089986991944
179475.292	200	0.58	-7.903089986991944
179673.45	200	0.585	-7.903089986991944
180069.225	200	0.59	-7.903089986991944
180567.336	200	0.595	-7.903089986991944
181036.033	200	0.6	-7.903089986991944
181897.784	200	0.605	-7.903089986991944
182147.229	200	0.61	-7.903089986991944
182884.314	200	0.615	-7.903089986991944
183151.829	200	0.62	-7.903089986991944
183572.384	200	0.625	-7.903089986991944
183962.114	200	0.63	-7.903089986991944
184154.798	200	0.635	-7.903089986991944
184612.267	200	0.64	-7.903089986991944
185096.614	200	0.645	-7.903089986991944
185648.571	200	0.65	-7.903089986991944
185958.798	200	0.655	-7.903089986991944
186649.086	200	0.66	-7.903089986991944
187119.674	200	0.665	-7.903089986991944
187722.977	200	0.67	-7.903089986991944
188285.679	200	0.675	-7.903089986991944
188521.128	200	0.68	-7.903089986991944
188827.791	200	0.685	-7.903089986991944
189635.336	200	0.69	-7.903089986991944
190029.232	200	0.695	-7.903089986991944
190705.143	200	0.7	-7.903089986991944
191495.151	200	0.705	-7.903089986991944
191994.441	200	0.71	-7.903089986991944
192319.279	200	0.715	-7.903089986991944
192544.457	200	0.72	-7.903089986991944
193034.5	200	0.725	-7.903089986991944
194047.158	200	0.73	-7.903089986991944
194462.459	200	0.735	-7.903089986991944
195196.429	200	0.74	-7.903089986991944
195898.689	200	0.745	-7.903089986991944
196545.065	200	0.75	-7.903089986991944
196929.054	200	0.755	-7.903089986991944
198375.771	200	0.76	-7.903089986991944
198810.457	200	0.765	-7.903089986991944
199467.859	200	0.77	-7.903089986991944
200038.773	200	0.775	-7.903089986991944
200335.001	200	0.78	-7.903089986991944
200931.628	200	0.785	-7.903089986991944
201207.744	200	0.79	-7.903089986991944
201609.354	200	0.795	-7.903089986991944
202402.557	200	0.8	-7.903089986991944
202753.75	200	0.805	-7.903089986991944
203628.114	200	0.81	-7.903089986991944
204769.471	200	0.815	-7.903089986991944
205538.407	200	0.82	-7.903089986991944
206164.789	200	0.825	-7.903089986991944
206598.563	200	0.83	-7.903089986991944
207183.363	200	0.835	-7.903089986991944
207402.854	200	0.84	-7.903089986991944
207843.2	200	0.845	-7.903089986991944
208434.254	200	0.85	-7.903089986991944
208972.593	200	0.855	-7.903089986991944
210466.583	200	0.86	-7.903089986991944
210845.614	200	0.865	-7.903089986991944
211283.457	200	0.87	-7.903089986991944
211723.027	200	0.875	-7.903089986991944
212506.229	200	0.88	-7.903089986991944
213257.558	200	0.885	-7.903089986991944
213699.014	200	0.89	-7.903089986991944
214224.479	200	0.895	-7.903089986991944
214805.529	200	0.9	-7.903089986991944
216204.958	200	0.905	-7.903089986991944
216647.257	200	0.91	-7.903089986991944
218919.857	200	0.915	-7.903089986991944
220994.097	200	0.92	-7.903089986991944
221821.5	200	0.925	-7.903089986991944
223127.724	200	0.93	-7.903089986991944
226015.174	200	0.935	-7.903089986991944
226452.033	200	0.94	-7.903089986991944
228003.559	200	0.945	-7.903089986991944
229698.792	200	0.95	-7.903089986991944
233735.35	200	0.955	-7.903089986991944
235132.695	200	0.96	-7.903089986991944
236505.836	200	0.965	-7.903089986991944
239319.171	200	0.97	-7.903089986991944
244940.832	200	0.975	-7.903089986991944
251868.215	200	0.98	-7.903089986991944
256609.778	200	0.985	-7.903089986991944
266890.74	200	0.99	-7.903089986991944
293949.736	200	0.995	-7.903089986991944
181346.209	225	0.5	-7.903089986991944
181603.899	225	0.505	-7.903089986991944
182068.165	225	0.51	-7.903089986991944
182413.115	225	0.515	-7.903089986991944
182814.126	225	0.52	-7.903089986991944
182977.441	225	0.525	-7.903089986991944
183346.003	225	0.53	-7.903089986991944
183806.62	225	0.535	-7.903089986991944
184171.087	225	0.54	-7.903089986991944
184907.224	225	0.545	-7.903089986991944
185375.468	225	0.55	-7.903089986991944
185639.179	225	0.555	-7.903089986991944
185984.418	225	0.56	-7.903089986991944
186410.472	225	0.565	-7.903089986991944
186877.684	225	0.57	-7.903089986991944
187196.623	225	0.575	-7.903089986991944
187616.786	225	0.58	-7.903089986991944
187908.158	225	0.585	-7.903089986991944
188110.025	225	0.59	-7.903089986991944
188302.219	225	0.595	-7.903089986991944
188765.586	225	0.6	-7.903089986991944
189340.875	225	0.605	-7.903089986991944
189799.586	225	0.61	-7.903089986991944
190039.85	225	0.615	-7.903089986991944
190428.14	225	0.62	-7.903089986991944
191086.304	225	0.625	-7.903089986991944
191341.995	225	0.63	-7.903089986991944
191542.244	225	0.635	-7.903089986991944
191985.654	225	0.64	-7.903089986991944
192098.219	225	0.645	-7.903089986991944
192382.404	225	0.65	-7.903089986991944
192764.336	225	0.655	-7.903089986991944
193550.581	225	0.66	-7.903089986991944
193844.31	225	0.665	-7.903089986991944
194121.729	225	0.67	-7.903089986991944
194683.857	225	0.675	-7.903089986991944
195327.829	225	0.68	-7.903089986991944
195603.87	225	0.685	-7.903089986991944
196082.84	225	0.69	-7.903089986991944
196354.957	225	0.695	-7.903089986991944
196929.664	225	0.7	-7.903089986991944
197504.079	225	0.705	-7.903089986991944
197681.807	225	0.71	-7.903089986991944
198003.243	225	0.715	-7.903089986991944
198417.283	225	0.72	-7.903089986991944
198791.225	225	0.725	-7.903089986991944
199171.41	225	0.73	-7.903089986991944
199582.635	225	0.735	-7.903089986991944
200105.51	225	0.74	-7.903089986991944
200396.415	225	0.745	-7.903089986991944
200925.917	225	0.75	-7.903089986991944
201094.518	225	0.755	-7.903089986991944
201543.257	225	0.76	-7.903089986991944
202412.741	225	0.765	-7.903089986991944
203945.41	225	0.77	-7.903089986991944
204517.488	225	0.775	-7.903089986991944
204912.916	225	0.78	-7.903089986991944
205235.19	225	0.785	-7.903089986991944
205645.764	225	0.79	-7.903089986991944
206289.27	225	0.795	-7.903089986991944
207096.057	225	0.8	-7.903089986991944
207683.736	225	0.805	-7.903089986991944
208160.312	225	0.81	-7.903089986991944
208580.078	225	0.815	-7.903089986991944
209173.511	225	0.82	-7.903089986991944
209803.584	225	0.825	-7.903089986991944
210240.092	225	0.83	-7.903089986991944
211200.785	225	0.835	-7.903089986991944
212010.446	225	0.84	-7.903089986991944
212565.446	225	0.845	-7.903089986991944
213975.861	225	0.85	-7.903089986991944
214696.486	225	0.855	-7.903089986991944
215430.914	225	0.86	-7.903089986991944
216351.678	225	0.865	-7.903089986991944
218156.443	225	0.87	-7.903089986991944
219431.786	225	0.875	-7.903089986991944
220181.861	225	0.88	-7.903089986991944
221314.436	225	0.885	-7.903089986991944
222042.378	225	0.89	-7.903089986991944
223380.049	225	0.895	-7.903089986991944
224859.321	225	0.9	-7.903089986991944
226069.305	225	0.905	-7.903089986991944
228207.771	225	0.91	-7.903089986991944
229512.943	225	0.915	-7.903089986991944
231380.343	225	0.92	-7.903089986991944
233393.53	225	0.925	-7.903089986991944
235874.146	225	0.93	-7.903089986991944
239560.521	225	0.935	-7.903089986991944
240972.114	225	0.94	-7.903089986991944
246409.735	225	0.945	-7.903089986991944
248859.0	225	0.95	-7.903089986991944
251667.313	225	0.955	-7.903089986991944
254701.657	225	0.96	-7.903089986991944
258088.759	225	0.965	-7.903089986991944
261536.177	225	0.97	-7.903089986991944
263603.571	225	0.975	-7.903089986991944
268263.834	225	0.98	-7.903089986991944
272933.015	225	0.985	-7.903089986991944
281283.857	225	0.99	-7.903089986991944
291104.635	225	0.995	-7.903089986991944
188682.976	250	0.5	-7.903089986991944
189135.487	250	0.505	-7.903089986991944
189479.486	250	0.51	-7.903089986991944
190009.041	250	0.515	-7.903089986991944
190224.471	250	0.52	-7.903089986991944
190468.362	250	0.525	-7.903089986991944
190585.666	250	0.53	-7.903089986991944
190989.438	250	0.535	-7.903089986991944
191178.746	250	0.54	-7.903089986991944
191659.524	250	0.545	-7.903089986991944
192124.354	250	0.55	-7.903089986991944
192629.847	250	0.555	-7.903089986991944
193039.714	250	0.56	-7.903089986991944
193492.388	250	0.565	-7.903089986991944
193884.972	250	0.57	-7.903089986991944
194351.393	250	0.575	-7.903089986991944
194659.88	250	0.58	-7.903089986991944
195155.767	250	0.585	-7.903089986991944
195515.963	250	0.59	-7.903089986991944
195781.193	250	0.595	-7.903089986991944
196131.4	250	0.6	-7.903089986991944
196637.821	250	0.605	-7.903089986991944
197262.329	250	0.61	-7.903089986991944
197980.336	250	0.615	-7.903089986991944
198763.974	250	0.62	-7.903089986991944
199075.0	250	0.625	-7.903089986991944
199464.186	250	0.63	-7.903089986991944
199831.879	250	0.635	-7.903089986991944
200210.386	250	0.64	-7.903089986991944
200577.447	250	0.645	-7.903089986991944
200740.275	250	0.65	-7.903089986991944
201738.279	250	0.655	-7.903089986991944
202105.591	250	0.66	-7.903089986991944
202930.064	250	0.665	-7.903089986991944
203590.819	250	0.67	-7.903089986991944
204038.496	250	0.675	-7.903089986991944
204358.189	250	0.68	-7.903089986991944
204868.08	250	0.685	-7.903089986991944
205328.801	250	0.69	-7.903089986991944
205937.919	250	0.695	-7.903089986991944
206459.658	250	0.7	-7.903089986991944
207057.715	250	0.705	-7.903089986991944
207395.221	250	0.71	-7.903089986991944
207696.736	250	0.715	-7.903089986991944
208221.069	250	0.72	-7.903089986991944
208814.847	250	0.725	-7.903089986991944
209851.54	250	0.73	-7.903089986991944
210121.183	250	0.735	-7.903089986991944
210425.389	250	0.74	-7.903089986991944
211282.943	250	0.745	-7.903089986991944
211784.741	250	0.75	-7.903089986991944
212655.279	250	0.755	-7.903089986991944
212956.074	250	0.76	-7.903089986991944
213764.808	250	0.765	-7.903089986991944
214051.369	250	0.77	-7.903089986991944
214327.25	250	0.775	-7.903089986991944
214765.4	250	0.78	-7.903089986991944
215300.687	250	0.785	-7.903089986991944
215734.942	250	0.79	-7.903089986991944
215956.044	250	0.795	-7.903089986991944
216854.014	250	0.8	-7.903089986991944
217493.214	250	0.805	-7.903089986991944
217794.514	250	0.81	-7.903089986991944
218562.22	250	0.815	-7.903089986991944
219092.257	250	0.82	-7.903089986991944
219955.264	250	0.825	-7.903089986991944
220663.214	250	0.83	-7.903089986991944
221620.857	250	0.835	-7.903089986991944
222249.07	250	0.84	-7.903089986991944
222803.677	250	0.845	-7.903089986991944
223381.214	250	0.85	-7.903089986991944
223616.364	250	0.855	-7.903089986991944
224449.4	250	0.86	-7.903089986991944
224614.993	250	0.865	-7.903089986991944
225822.624	250	0.87	-7.903089986991944
226541.902	250	0.875	-7.903089986991944
227121.429	250	0.88	-7.903089986991944
227679.721	250	0.885	-7.903089986991944
228307.614	250	0.89	-7.903089986991944
228722.954	250	0.895	-7.903089986991944
229832.857	250	0.9	-7.903089986991944
230315.873	250	0.905	-7.903089986991944
230724.859	250	0.91	-7.903089986991944
232095.165	250	0.915	-7.903089986991944
233194.446	250	0.92	-7.903089986991944
235998.179	250	0.925	-7.903089986991944
238723.986	250	0.93	-7.903089986991944
239694.435	250	0.935	-7.903089986991944
241132.804	250	0.94	-7.903089986991944
243904.112	250	0.945	-7.903089986991944
246256.071	250	0.95	-7.903089986991944
248561.038	250	0.955	-7.903089986991944
253485.143	250	0.96	-7.903089986991944
256370.672	250	0.965	-7.903089986991944
263434.457	250	0.97	-7.903089986991944
269566.427	250	0.975	-7.903089986991944
284430.203	250	0.98	-7.903089986991944
303258.793	250	0.985	-7.903089986991944
329013.743	250	0.99	-7.903089986991944
385507.671	250	0.995	-7.903089986991944
198946.226	275	0.5	-7.903089986991944
199192.354	275	0.505	-7.903089986991944
199614.394	275	0.51	-7.903089986991944
199864.824	275	0.515	-7.903089986991944
200302.56	275	0.52	-7.903089986991944
200555.47	275	0.525	-7.903089986991944
201056.068	275	0.53	-7.903089986991944
201457.473	275	0.535	-7.903089986991944
201726.439	275	0.54	-7.903089986991944
202331.186	275	0.545	-7.903089986991944
202669.896	275	0.55	-7.903089986991944
203014.409	275	0.555	-7.903089986991944
203298.4	275	0.56	-7.903089986991944
203500.277	275	0.565	-7.903089986991944
204038.217	275	0.57	-7.903089986991944
204519.288	275	0.575	-7.903089986991944
205169.257	275	0.58	-7.903089986991944
205545.421	275	0.585	-7.903089986991944
206010.757	275	0.59	-7.903089986991944
206211.326	275	0.595	-7.903089986991944
206370.857	275	0.6	-7.903089986991944
207232.719	275	0.605	-7.903089986991944
207509.841	275	0.61	-7.903089986991944
207873.809	275	0.615	-7.903089986991944
208128.2	275	0.62	-7.903089986991944
208324.83	275	0.625	-7.903089986991944
208659.186	275	0.63	-7.903089986991944
209124.273	275	0.635	-7.903089986991944
209512.643	275	0.64	-7.903089986991944
210166.913	275	0.645	-7.903089986991944
210440.679	275	0.65	-7.903089986991944
210843.071	275	0.655	-7.903089986991944
211126.379	275	0.66	-7.903089986991944
211539.09	275	0.665	-7.903089986991944
211992.843	275	0.67	-7.903089986991944
212426.618	275	0.675	-7.903089986991944
212577.24	275	0.68	-7.903089986991944
212734.579	275	0.685	-7.903089986991944
213347.814	275	0.69	-7.903089986991944
214186.097	275	0.695	-7.903089986991944
214633.571	275	0.7	-7.903089986991944
215118.893	275	0.705	-7.903089986991944
216218.804	275	0.71	-7.903089986991944
216575.106	275	0.715	-7.903089986991944
217041.889	275	0.72	-7.903089986991944
217385.286	275	0.725	-7.903089986991944
217682.257	275	0.73	-7.903089986991944
218258.695	275	0.735	-7.903089986991944
218768.181	275	0.74	-7.903089986991944
219446.186	275	0.745	-7.903089986991944
220166.821	275	0.75	-7.903089986991944
220457.764	275	0.755	-7.903089986991944
221205.2	275	0.76	-7.903089986991944
221729.816	275	0.765	-7.903089986991944
222401.671	275	0.77	-7.903089986991944
223235.179	275	0.775	-7.903089986991944
224164.514	275	0.78	-7.903089986991944
224566.171	275	0.785	-7.903089986991944
224892.999	275	0.79	-7.903089986991944
225277.507	275	0.795	-7.903089986991944
225740.747	275	0.8	-7.903089986991944
226081.004	275	0.805	-7.903089986991944
227251.043	275	0.81	-7.903089986991944
227824.767	275	0.815	-7.903089986991944
228813.714	275	0.82	-7.903089986991944
229529.464	275	0.825	-7.903089986991944
229933.0	275	0.83	-7.903089986991944
230964.036	275	0.835	-7.903089986991944
231235.697	275	0.84	-7.903089986991944
231651.103	275	0.845	-7.903089986991944
232156.291	275	0.85	-7.903089986991944
232694.605	275	0.855	-7.903089986991944
233207.119	275	0.86	-7.903089986991944
234027.346	275	0.865	-7.903089986991944
234982.311	275	0.87	-7.903089986991944
236217.5	275	0.875	-7.903089986991944
237164.286	275	0.88	-7.903089986991944
238145.548	275	0.885	-7.903089986991944
238632.973	275	0.89	-7.903089986991944
240113.343	275	0.895	-7.903089986991944
241005.429	275	0.9	-7.903089986991944
242180.036	275	0.905	-7.903089986991944
243318.457	275	0.91	-7.903089986991944
245226.132	275	0.915	-7.903089986991944
246917.829	275	0.92	-7.903089986991944
248385.573	275	0.925	-7.903089986991944
250556.714	275	0.93	-7.903089986991944
253124.621	275	0.935	-7.903089986991944
256182.109	275	0.94	-7.903089986991944
259514.443	275	0.945	-7.903089986991944
263029.324	275	0.95	-7.903089986991944
266015.729	275	0.955	-7.903089986991944
269398.44	275	0.96	-7.903089986991944
275619.293	275	0.965	-7.903089986991944
279705.971	275	0.97	-7.903089986991944
286538.519	275	0.975	-7.903089986991944
293195.4	275	0.98	-7.903089986991944
303612.171	275	0.985	-7.903089986991944
318169.865	275	0.99	-7.903089986991944
368310.386	275	0.995	-7.903089986991944
204046.071	300	0.5	-7.903089986991944
204638.992	300	0.505	-7.903089986991944
205110.344	300	0.51	-7.903089986991944
205504.28	300	0.515	-7.903089986991944
205690.971	300	0.52	-7.903089986991944
206030.284	300	0.525	-7.903089986991944
206414.886	300	0.53	-7.903089986991944
206747.171	300	0.535	-7.903089986991944
207301.6	300	0.54	-7.903089986991944
207625.208	300	0.545	-7.903089986991944
207978.864	300	0.55	-7.903089986991944
208539.394	300	0.555	-7.903089986991944
208915.455	300	0.56	-7.903089986991944
209349.443	300	0.565	-7.903089986991944
209672.609	300	0.57	-7.903089986991944
210022.919	300	0.575	-7.903089986991944
210326.296	300	0.58	-7.903089986991944
210587.496	300	0.585	-7.903089986991944
211150.0	300	0.59	-7.903089986991944
211361.307	300	0.595	-7.903089986991944
211755.714	300	0.6	-7.903089986991944
212184.155	300	0.605	-7.903089986991944
212509.4	300	0.61	-7.903089986991944
212890.532	300	0.615	-7.903089986991944
213195.321	300	0.62	-7.903089986991944
213415.893	300	0.625	-7.903089986991944
213820.284	300	0.63	-7.903089986991944
214456.0	300	0.635	-7.903089986991944
214744.291	300	0.64	-7.903089986991944
215240.6	300	0.645	-7.903089986991944
215643.786	300	0.65	-7.903089986991944
215777.608	300	0.655	-7.903089986991944
216013.914	300	0.66	-7.903089986991944
216398.779	300	0.665	-7.903089986991944
216655.624	300	0.67	-7.903089986991944
217150.75	300	0.675	-7.903089986991944
217445.6	300	0.68	-7.903089986991944
218195.006	300	0.685	-7.903089986991944
218411.443	300	0.69	-7.903089986991944
218744.737	300	0.695	-7.903089986991944
219299.571	300	0.7	-7.903089986991944
219905.087	300	0.705	-7.903089986991944
220388.383	300	0.71	-7.903089986991944
220877.729	300	0.715	-7.903089986991944
221413.703	300	0.72	-7.903089986991944
221936.945	300	0.725	-7.903089986991944
222598.966	300	0.73	-7.903089986991944
223095.886	300	0.735	-7.903089986991944
223597.004	300	0.74	-7.903089986991944
223794.128	300	0.745	-7.903089986991944
224773.214	300	0.75	-7.903089986991944
225194.23	300	0.755	-7.903089986991944
225466.143	300	0.76	-7.903089986991944
226216.81	300	0.765	-7.903089986991944
226980.688	300	0.77	-7.903089986991944
227944.584	300	0.775	-7.903089986991944
228586.6	300	0.78	-7.903089986991944
229301.111	300	0.785	-7.903089986991944
229886.629	300	0.79	-7.903089986991944
230582.9	300	0.795	-7.903089986991944
231047.157	300	0.8	-7.903089986991944
231572.81	300	0.805	-7.903089986991944
232636.786	300	0.81	-7.903089986991944
233697.293	300	0.815	-7.903089986991944
234552.229	300	0.82	-7.903089986991944
235099.714	300	0.825	-7.903089986991944
235297.371	300	0.83	-7.903089986991944
236102.757	300	0.835	-7.903089986991944
237017.6	300	0.84	-7.903089986991944
238795.079	300	0.845	-7.903089986991944
239071.396	300	0.85	-7.903089986991944
239814.293	300	0.855	-7.903089986991944
240602.543	300	0.86	-7.903089986991944
241371.83	300	0.865	-7.903089986991944
242416.257	300	0.87	-7.903089986991944
243021.25	300	0.875	-7.903089986991944
243793.56	300	0.88	-7.903089986991944
244677.463	300	0.885	-7.903089986991944
245274.206	300	0.89	-7.903089986991944
246269.45	300	0.895	-7.903089986991944
247163.029	300	0.9	-7.903089986991944
248338.536	300	0.905	-7.903089986991944
251447.986	300	0.91	-7.903089986991944
254161.25	300	0.915	-7.903089986991944
256401.646	300	0.92	-7.903089986991944
259367.75	300	0.925	-7.903089986991944
261368.547	300	0.93	-7.903089986991944
263196.293	300	0.935	-7.903089986991944
265888.134	300	0.94	-7.903089986991944
269201.6	300	0.945	-7.903089986991944
271447.707	300	0.95	-7.903089986991944
273306.221	300	0.955	-7.903089986991944
278467.497	300	0.96	-7.903089986991944
286141.667	300	0.965	-7.903089986991944
291193.486	300	0.97	-7.903089986991944
298595.929	300	0.975	-7.903089986991944
308146.316	300	0.98	-7.903089986991944
323676.673	300	0.985	-7.903089986991944
336966.457	300	0.99	-7.903089986991944
378024.911	300	0.995	-7.903089986991944
210425.786	325	0.5	-7.903089986991944
210548.578	325	0.505	-7.903089986991944
210766.284	325	0.51	-7.903089986991944
211009.403	325	0.515	-7.903089986991944
211500.457	325	0.52	-7.903089986991944
212106.777	325	0.525	-7.903089986991944
212700.652	325	0.53	-7.903089986991944
212991.078	325	0.535	-7.903089986991944
213538.591	325	0.54	-7.903089986991944
213980.054	325	0.545	-7.903089986991944
214276.039	325	0.55	-7.903089986991944
214931.387	325	0.555	-7.903089986991944
215125.426	325	0.56	-7.903089986991944
215458.703	325	0.565	-7.903089986991944
215961.886	325	0.57	-7.903089986991944
216338.179	325	0.575	-7.903089986991944
216678.696	325	0.58	-7.903089986991944
216915.741	325	0.585	-7.903089986991944
217369.3	325	0.59	-7.903089986991944
217728.571	325	0.595	-7.903089986991944
217825.343	325	0.6	-7.903089986991944
218285.354	325	0.605	-7.903089986991944
218974.104	325	0.61	-7.903089986991944
219355.868	325	0.615	-7.903089986991944
219980.823	325	0.62	-7.903089986991944
220257.214	325	0.625	-7.903089986991944
220809.557	325	0.63	-7.903089986991944
221235.003	325	0.635	-7.903089986991944
221520.837	325	0.64	-7.903089986991944
221840.89	325	0.645	-7.903089986991944
222428.354	325	0.65	-7.903089986991944
223200.943	325	0.655	-7.903089986991944
223679.29	325	0.66	-7.903089986991944
224006.185	325	0.665	-7.903089986991944
224685.571	325	0.67	-7.903089986991944
225156.073	325	0.675	-7.903089986991944
225401.623	325	0.68	-7.903089986991944
225904.024	325	0.685	-7.903089986991944
226896.886	325	0.69	-7.903089986991944
227215.077	325	0.695	-7.903089986991944
227729.436	325	0.7	-7.903089986991944
228321.286	325	0.705	-7.903089986991944
228748.921	325	0.71	-7.903089986991944
229040.546	325	0.715	-7.903089986991944
229353.371	325	0.72	-7.903089986991944
229847.073	325	0.725	-7.903089986991944
230363.452	325	0.73	-7.903089986991944
230907.9	325	0.735	-7.903089986991944
231930.521	325	0.74	-7.903089986991944
232735.307	325	0.745	-7.903089986991944
233531.911	325	0.75	-7.903089986991944
233809.202	325	0.755	-7.903089986991944
234512.914	325	0.76	-7.903089986991944
235117.307	325	0.765	-7.903089986991944
235363.759	325	0.77	-7.903089986991944
235877.02	325	0.775	-7.903089986991944
236601.03	325	0.78	-7.903089986991944
237132.071	325	0.785	-7.903089986991944
237523.699	325	0.79	-7.903089986991944
238755.414	325	0.795	-7.903089986991944
239241.143	325	0.8	-7.903089986991944
239702.929	325	0.805	-7.903089986991944
240369.1	325	0.81	-7.903089986991944
240885.271	325	0.815	-7.903089986991944
241521.82	325	0.82	-7.903089986991944
241953.607	325	0.825	-7.903089986991944
243125.382	325	0.83	-7.903089986991944
243794.507	325	0.835	-7.903089986991944
244662.777	325	0.84	-7.903089986991944
245012.679	325	0.845	-7.903089986991944
245821.714	325	0.85	-7.903089986991944
246325.155	325	0.855	-7.903089986991944
246765.759	325	0.86	-7.903089986991944
247608.281	325	0.865	-7.903089986991944
248227.52	325	0.87	-7.903089986991944
249208.351	325	0.875	-7.903089986991944
250443.097	325	0.88	-7.903089986991944
251191.301	325	0.885	-7.903089986991944
251932.357	325	0.89	-7.903089986991944
252778.614	325	0.895	-7.903089986991944
253788.429	325	0.9	-7.903089986991944
255273.429	325	0.905	-7.903089986991944
255904.5	325	0.91	-7.903089986991944
256402.58	325	0.915	-7.903089986991944
257812.477	325	0.92	-7.903089986991944
259149.286	325	0.925	-7.903089986991944
261529.958	325	0.93	-7.903089986991944
264583.621	325	0.935	-7.903089986991944
266535.984	325	0.94	-7.903089986991944
271046.943	325	0.945	-7.903089986991944
272756.975	325	0.95	-7.903089986991944
275346.236	325	0.955	-7.903089986991944
281894.286	325	0.96	-7.903089986991944
287176.965	325	0.965	-7.903089986991944
291167.569	325	0.97	-7.903089986991944
296138.321	325	0.975	-7.903089986991944
302720.429	325	0.98	-7.903089986991944
320620.293	325	0.985	-7.903089986991944
336286.929	325	0.99	-7.903089986991944
376677.519	325	0.995	-7.903089986991944
219374.286	350	0.5	-7.903089986991944
219549.829	350	0.505	-7.903089986991944
219796.329	350	0.51	-7.903089986991944
220346.885	350	0.515	-7.903089986991944
220666.8	350	0.52	-7.903089986991944
221067.723	350	0.525	-7.903089986991944
221387.429	350	0.53	-7.903089986991944
221804.746	350	0.535	-7.903089986991944
222035.947	350	0.54	-7.903089986991944
222154.358	350	0.545	-7.903089986991944
222781.896	350	0.55	-7.903089986991944
223143.993	350	0.555	-7.903089986991944
223546.457	350	0.56	-7.903089986991944
223737.24	350	0.565	-7.903089986991944
224278.305	350	0.57	-7.903089986991944
224517.648	350	0.575	-7.903089986991944
224837.43	350	0.58	-7.903089986991944
225057.679	350	0.585	-7.903089986991944
225251.765	350	0.59	-7.903089986991944
225802.005	350	0.595	-7.903089986991944
226478.486	350	0.6	-7.903089986991944
226655.221	350	0.605	-7.903089986991944
227233.157	350	0.61	-7.903089986991944
227519.172	350	0.615	-7.903089986991944
227794.629	350	0.62	-7.903089986991944
228213.393	350	0.625	-7.903089986991944
228488.576	350	0.63	-7.903089986991944
229361.865	350	0.635	-7.903089986991944
229775.797	350	0.64	-7.903089986991944
230110.875	350	0.645	-7.903089986991944
230703.689	350	0.65	-7.903089986991944
231504.53	350	0.655	-7.903089986991944
231750.567	350	0.66	-7.903089986991944
232318.705	350	0.665	-7.903089986991944
232924.295	350	0.67	-7.903089986991944
233591.811	350	0.675	-7.903089986991944
234037.829	350	0.68	-7.903089986991944
234356.614	350	0.685	-7.903089986991944
235283.3	350	0.69	-7.903089986991944
235761.742	350	0.695	-7.903089986991944
236085.493	350	0.7	-7.903089986991944
236979.083	350	0.705	-7.903089986991944
237487.614	350	0.71	-7.903089986991944
237892.014	350	0.715	-7.903089986991944
238482.523	350	0.72	-7.903089986991944
238938.107	350	0.725	-7.903089986991944
239273.691	350	0.73	-7.903089986991944
239785.281	350	0.735	-7.903089986991944
240243.371	350	0.74	-7.903089986991944
240860.733	350	0.745	-7.903089986991944
241376.159	350	0.75	-7.903089986991944
241767.421	350	0.755	-7.903089986991944
242302.569	350	0.76	-7.903089986991944
243194.131	350	0.765	-7.903089986991944
243575.564	350	0.77	-7.903089986991944
244050.714	350	0.775	-7.903089986991944
245003.47	350	0.78	-7.903089986991944
245217.536	350	0.785	-7.903089986991944
245925.2	350	0.79	-7.903089986991944
247202.77	350	0.795	-7.903089986991944
247917.657	350	0.8	-7.903089986991944
248453.842	350	0.805	-7.903089986991944
249023.439	350	0.81	-7.903089986991944
249734.621	350	0.815	-7.903089986991944
250077.971	350	0.82	-7.903089986991944
250866.439	350	0.825	-7.903089986991944
251435.429	350	0.83	-7.903089986991944
252145.829	350	0.835	-7.903089986991944
253402.171	350	0.84	-7.903089986991944
254289.475	350	0.845	-7.903089986991944
255085.929	350	0.85	-7.903089986991944
255454.742	350	0.855	-7.903089986991944
256349.571	350	0.86	-7.903089986991944
257057.286	350	0.865	-7.903089986991944
257993.593	350	0.87	-7.903089986991944
258660.357	350	0.875	-7.903089986991944
259474.291	350	0.88	-7.903089986991944
260400.209	350	0.885	-7.903089986991944
261923.343	350	0.89	-7.903089986991944
262613.49	350	0.895	-7.903089986991944
263349.557	350	0.9	-7.903089986991944
264964.649	350	0.905	-7.903089986991944
267200.2	350	0.91	-7.903089986991944
268237.706	350	0.915	-7.903089986991944
268947.959	350	0.92	-7.903089986991944
272153.2	350	0.925	-7.903089986991944
274815.114	350	0.93	-7.903089986991944
277524.732	350	0.935	-7.903089986991944
279851.857	350	0.94	-7.903089986991944
285001.75	350	0.945	-7.903089986991944
287625.143	350	0.95	-7.903089986991944
289854.226	350	0.955	-7.903089986991944
295323.851	350	0.96	-7.903089986991944
301903.948	350	0.965	-7.903089986991944
305856.557	350	0.97	-7.903089986991944
313711.75	350	0.975	-7.903089986991944
323073.87	350	0.98	-7.903089986991944
338216.307	350	0.985	-7.903089986991944
355634.686	350	0.99	-7.903089986991944
380334.371	350	0.995	-7.903089986991944
222870.714	375	0.5	-7.903089986991944
223396.979	375	0.505	-7.903089986991944
223961.629	375	0.51	-7.903089986991944
224659.135	375	0.515	-7.903089986991944
224838.229	375	0.52	-7.903089986991944
225412.143	375	0.525	-7.903089986991944
225722.843	375	0.53	-7.903089986991944
226013.981	375	0.535	-7.903089986991944
226406.38	375	0.54	-7.903089986991944
226943.554	375	0.545	-7.903089986991944
227449.707	375	0.55	-7.903089986991944
227772.893	375	0.555	-7.903089986991944
228016.369	375	0.56	-7.903089986991944
228444.754	375	0.565	-7.903089986991944
228793.821	375	0.57	-7.903089986991944
229218.786	375	0.575	-7.903089986991944
229533.883	375	0.58	-7.903089986991944
229985.35	375	0.585	-7.903089986991944
230563.334	375	0.59	-7.903089986991944
231098.969	375	0.595	-7.903089986991944
231500.286	375	0.6	-7.903089986991944
232066.014	375	0.605	-7.903089986991944
233139.414	375	0.61	-7.903089986991944
233498.641	375	0.615	-7.903089986991944
234243.371	375	0.62	-7.903089986991944
234522.705	375	0.625	-7.903089986991944
235041.108	375	0.63	-7.903089986991944
235250.248	375	0.635	-7.903089986991944
235808.438	375	0.64	-7.903089986991944
236058.145	375	0.645	-7.903089986991944
236415.761	375	0.65	-7.903089986991944
236895.747	375	0.655	-7.903089986991944
237486.053	375	0.66	-7.903089986991944
237748.184	375	0.665	-7.903089986991944
238107.543	375	0.67	-7.903089986991944
238695.63	375	0.675	-7.903089986991944
239057.811	375	0.68	-7.903089986991944
239369.852	375	0.685	-7.903089986991944
239999.091	375	0.69	-7.903089986991944
240688.579	375	0.695	-7.903089986991944
241295.857	375	0.7	-7.903089986991944
241679.872	375	0.705	-7.903089986991944
242036.257	375	0.71	-7.903089986991944
242422.5	375	0.715	-7.903089986991944
242709.594	375	0.72	-7.903089986991944
243741.964	375	0.725	-7.903089986991944
244081.671	375	0.73	-7.903089986991944
244747.821	375	0.735	-7.903089986991944
245277.504	375	0.74	-7.903089986991944
245468.239	375	0.745	-7.903089986991944
246244.375	375	0.75	-7.903089986991944
246417.436	375	0.755	-7.903089986991944
247140.971	375	0.76	-7.903089986991944
247867.886	375	0.765	-7.903089986991944
248143.553	375	0.77	-7.903089986991944
248711.052	375	0.775	-7.903089986991944
249016.816	375	0.78	-7.903089986991944
249747.22	375	0.785	-7.903089986991944
250476.286	375	0.79	-7.903089986991944
251223.706	375	0.795	-7.903089986991944
251624.0	375	0.8	-7.903089986991944
252449.6	375	0.805	-7.903089986991944
253064.486	375	0.81	-7.903089986991944
254052.856	375	0.815	-7.903089986991944
255075.484	375	0.82	-7.903089986991944
255777.641	375	0.825	-7.903089986991944
256893.761	375	0.83	-7.903089986991944
257944.405	375	0.835	-7.903089986991944
258365.946	375	0.84	-7.903089986991944
259472.443	375	0.845	-7.903089986991944
259817.577	375	0.85	-7.903089986991944
260601.461	375	0.855	-7.903089986991944
261107.277	375	0.86	-7.903089986991944
261622.7	375	0.865	-7.903089986991944
264015.357	375	0.87	-7.903089986991944
264590.0	375	0.875	-7.903089986991944
265546.414	375	0.88	-7.903089986991944
266621.443	375	0.885	-7.903089986991944
267235.722	375	0.89	-7.903089986991944
268307.127	375	0.895	-7.903089986991944
268632.571	375	0.9	-7.903089986991944
269371.636	375	0.905	-7.903089986991944
271115.183	375	0.91	-7.903089986991944
272008.348	375	0.915	-7.903089986991944
274890.903	375	0.92	-7.903089986991944
277411.827	375	0.925	-7.903089986991944
279295.759	375	0.93	-7.903089986991944
281514.306	375	0.935	-7.903089986991944
284032.401	375	0.94	-7.903089986991944
289067.578	375	0.945	-7.903089986991944
292316.657	375	0.95	-7.903089986991944
295723.664	375	0.955	-7.903089986991944
298922.914	375	0.96	-7.903089986991944
314834.291	375	0.965	-7.903089986991944
318936.484	375	0.97	-7.903089986991944
323682.68	375	0.975	-7.903089986991944
338347.4	375	0.98	-7.903089986991944
359088.893	375	0.985	-7.903089986991944
380195.329	375	0.99	-7.903089986991944
394561.879	375	0.995	-7.903089986991944
227422.357	400	0.5	-7.903089986991944
227789.125	400	0.505	-7.903089986991944
228289.243	400	0.51	-7.903089986991944
228808.809	400	0.515	-7.903089986991944
229200.92	400	0.52	-7.903089986991944
229545.821	400	0.525	-7.903089986991944
229873.638	400	0.53	-7.903089986991944
230217.6	400	0.535	-7.903089986991944
230534.45	400	0.54	-7.903089986991944
231246.559	400	0.545	-7.903089986991944
231579.286	400	0.55	-7.903089986991944
232314.194	400	0.555	-7.903089986991944
232795.543	400	0.56	-7.903089986991944
233106.25	400	0.565	-7.903089986991944
233737.043	400	0.57	-7.903089986991944
234048.354	400	0.575	-7.903089986991944
234260.029	400	0.58	-7.903089986991944
234516.488	400	0.585	-7.903089986991944
235233.526	400	0.59	-7.903089986991944
235499.499	400	0.595	-7.903089986991944
235930.571	400	0.6	-7.903089986991944
236445.853	400	0.605	-7.903089986991944
236574.771	400	0.61	-7.903089986991944
237237.895	400	0.615	-7.903089986991944
237631.907	400	0.62	-7.903089986991944
237929.214	400	0.625	-7.903089986991944
238204.755	400	0.63	-7.903089986991944
238816.012	400	0.635	-7.903089986991944
238999.429	400	0.64	-7.903089986991944
239522.475	400	0.645	-7.903089986991944
239683.232	400	0.65	-7.903089986991944
240748.373	400	0.655	-7.903089986991944
241384.91	400	0.66	-7.903089986991944
241567.776	400	0.665	-7.903089986991944
241849.957	400	0.67	-7.903089986991944
242484.286	400	0.675	-7.903089986991944
243086.286	400	0.68	-7.903089986991944
243649.042	400	0.685	-7.903089986991944
244290.519	400	0.69	-7.903089986991944
244544.771	400	0.695	-7.903089986991944
245023.664	400	0.7	-7.903089986991944
245544.707	400	0.705	-7.903089986991944
245935.934	400	0.71	-7.903089986991944
246237.646	400	0.715	-7.903089986991944
246801.397	400	0.72	-7.903089986991944
247142.802	400	0.725	-7.903089986991944
248398.001	400	0.73	-7.903089986991944
249743.95	400	0.735	-7.903089986991944
250706.989	400	0.74	-7.903089986991944
251070.125	400	0.745	-7.903089986991944
251849.304	400	0.75	-7.903089986991944
252346.271	400	0.755	-7.903089986991944
252874.917	400	0.76	-7.903089986991944
253197.324	400	0.765	-7.903089986991944
254038.229	400	0.77	-7.903089986991944
254493.464	400	0.775	-7.903089986991944
255555.099	400	0.78	-7.903089986991944
256217.429	400	0.785	-7.903089986991944
257417.299	400	0.79	-7.903089986991944
258684.336	400	0.795	-7.903089986991944
259278.786	400	0.8	-7.903089986991944
259622.871	400	0.805	-7.903089986991944
260006.243	400	0.81	-7.903089986991944
260822.585	400	0.815	-7.903089986991944
262242.92	400	0.82	-7.903089986991944
263109.5	400	0.825	-7.903089986991944
263394.4	400	0.83	-7.903089986991944
264149.845	400	0.835	-7.903089986991944
265178.183	400	0.84	-7.903089986991944
266468.018	400	0.845	-7.903089986991944
267382.664	400	0.85	-7.903089986991944
268000.325	400	0.855	-7.903089986991944
269735.589	400	0.86	-7.903089986991944
270598.214	400	0.865	-7.903089986991944
272378.171	400	0.87	-7.903089986991944
272971.259	400	0.875	-7.903089986991944
274113.831	400	0.88	-7.903089986991944
276112.857	400	0.885	-7.903089986991944
277647.9	400	0.89	-7.903089986991944
279390.966	400	0.895	-7.903089986991944
280801.843	400	0.9	-7.903089986991944
281683.8	400	0.905	-7.903089986991944
282901.671	400	0.91	-7.903089986991944
283733.901	400	0.915	-7.903089986991944
288115.029	400	0.92	-7.903089986991944
289843.929	400	0.925	-7.903089986991944
290642.88	400	0.93	-7.903089986991944
292935.726	400	0.935	-7.903089986991944
296766.603	400	0.94	-7.903089986991944
298671.887	400	0.945	-7.903089986991944
301339.486	400	0.95	-7.903089986991944
303752.694	400	0.955	-7.903089986991944
307105.163	400	0.96	-7.903089986991944
316322.288	400	0.965	-7.903089986991944
321011.184	400	0.97	-7.903089986991944
330486.959	400	0.975	-7.903089986991944
345432.069	400	0.98	-7.903089986991944
350525.414	400	0.985	-7.903089986991944
364956.399	400	0.99	-7.903089986991944
377812.107	400	0.995	-7.903089986991944
235607.143	425	0.5	-7.903089986991944
235795.968	425	0.505	-7.903089986991944
236441.343	425	0.51	-7.903089986991944
236692.146	425	0.515	-7.903089986991944
236863.311	425	0.52	-7.903089986991944
237103.201	425	0.525	-7.903089986991944
237750.887	425	0.53	-7.903089986991944
238275.976	425	0.535	-7.903089986991944
238433.14	425	0.54	-7.903089986991944
238873.882	425	0.545	-7.903089986991944
239653.507	425	0.55	-7.903089986991944
240160.36	425	0.555	-7.903089986991944
240364.834	425	0.56	-7.903089986991944
240562.955	425	0.565	-7.903089986991944
240772.255	425	0.57	-7.903089986991944
241071.366	425	0.575	-7.903089986991944
241741.297	425	0.58	-7.903089986991944
242366.979	425	0.585	-7.903089986991944
242646.956	425	0.59	-7.903089986991944
243059.75	425	0.595	-7.903089986991944
243400.571	425	0.6	-7.903089986991944
244103.857	425	0.605	-7.903089986991944
244549.846	425	0.61	-7.903089986991944
245614.17	425	0.615	-7.903089986991944
246346.774	425	0.62	-7.903089986991944
247164.643	425	0.625	-7.903089986991944
247779.857	425	0.63	-7.903089986991944
248753.684	425	0.635	-7.903089986991944
249772.94	425	0.64	-7.903089986991944
250359.321	425	0.645	-7.903089986991944
250985.357	425	0.65	-7.903089986991944
251342.914	425	0.655	-7.903089986991944
252059.343	425	0.66	-7.903089986991944
252933.45	425	0.665	-7.903089986991944
253686.374	425	0.67	-7.903089986991944
253943.834	425	0.675	-7.903089986991944
254436.089	425	0.68	-7.903089986991944
254758.808	425	0.685	-7.903089986991944
255250.192	425	0.69	-7.903089986991944
255791.351	425	0.695	-7.903089986991944
256349.529	425	0.7	-7.903089986991944
256934.721	425	0.705	-7.903089986991944
257534.243	425	0.71	-7.903089986991944
257805.064	425	0.715	-7.903089986991944
258310.094	425	0.72	-7.903089986991944
258575.964	425	0.725	-7.903089986991944
259376.971	425	0.73	-7.903089986991944
259952.25	425	0.735	-7.903089986991944
260749.514	425	0.74	-7.903089986991944
261155.883	425	0.745	-7.903089986991944
261666.429	425	0.75	-7.903089986991944
262545.225	425	0.755	-7.903089986991944
263436.566	425	0.76	-7.903089986991944
263694.7	425	0.765	-7.903089986991944
264238.668	425	0.77	-7.903089986991944
265038.38	425	0.775	-7.903089986991944
265584.886	425	0.78	-7.903089986991944
266233.885	425	0.785	-7.903089986991944
266779.6	425	0.79	-7.903089986991944
267072.393	425	0.795	-7.903089986991944
267443.757	425	0.8	-7.903089986991944
268156.536	425	0.805	-7.903089986991944
270188.229	425	0.81	-7.903089986991944
271088.624	425	0.815	-7.903089986991944
271914.241	425	0.82	-7.903089986991944
272763.988	425	0.825	-7.903089986991944
273463.793	425	0.83	-7.903089986991944
274553.048	425	0.835	-7.903089986991944
276013.66	425	0.84	-7.903089986991944
276762.714	425	0.845	-7.903089986991944
278661.039	425	0.85	-7.903089986991944
280219.399	425	0.855	-7.903089986991944
281540.793	425	0.86	-7.903089986991944
281987.836	425	0.865	-7.903089986991944
282574.03	425	0.87	-7.903089986991944
283995.777	425	0.875	-7.903089986991944
285998.711	425	0.88	-7.903089986991944
287745.215	425	0.885	-7.903089986991944
288710.471	425	0.89	-7.903089986991944
290644.5	425	0.895	-7.903089986991944
292556.857	425	0.9	-7.903089986991944
295906.043	425	0.905	-7.903089986991944
298406.157	425	0.91	-7.903089986991944
300025.566	425	0.915	-7.903089986991944
301609.143	425	0.92	-7.903089986991944
303630.755	425	0.925	-7.903089986991944
308493.775	425	0.93	-7.903089986991944
313113.292	425	0.935	-7.903089986991944
315342.087	425	0.94	-7.903089986991944
318963.171	425	0.945	-7.903089986991944
324242.714	425	0.95	-7.903089986991944
329536.354	425	0.955	-7.903089986991944
337557.9	425	0.96	-7.903089986991944
342031.436	425	0.965	-7.903089986991944
348757.571	425	0.97	-7.903089986991944
359432.75	425	0.975	-7.903089986991944
369189.37	425	0.98	-7.903089986991944
382255.273	425	0.985	-7.903089986991944
418489.152	425	0.99	-7.903089986991944
440784.614	425	0.995	-7.903089986991944
241582.464	450	0.5	-7.903089986991944
241847.8	450	0.505	-7.903089986991944
242056.421	450	0.51	-7.903089986991944
242793.537	450	0.515	-7.903089986991944
243461.029	450	0.52	-7.903089986991944
243900.716	450	0.525	-7.903089986991944
244272.452	450	0.53	-7.903089986991944
244770.745	450	0.535	-7.903089986991944
245677.296	450	0.54	-7.903089986991944
246106.364	450	0.545	-7.903089986991944
246269.753	450	0.55	-7.903089986991944
246709.75	450	0.555	-7.903089986991944
246978.343	450	0.56	-7.903089986991944
247195.198	450	0.565	-7.903089986991944
247728.057	450	0.57	-7.903089986991944
248193.505	450	0.575	-7.903089986991944
249038.857	450	0.58	-7.903089986991944
249390.896	450	0.585	-7.903089986991944
249794.702	450	0.59	-7.903089986991944
250277.439	450	0.595	-7.903089986991944
250682.886	450	0.6	-7.903089986991944
250961.393	450	0.605	-7.903089986991944
251323.243	450	0.61	-7.903089986991944
251806.249	450	0.615	-7.903089986991944
252409.486	450	0.62	-7.903089986991944
252836.563	450	0.625	-7.903089986991944
253422.467	450	0.63	-7.903089986991944
254188.857	450	0.635	-7.903089986991944
255088.686	450	0.64	-7.903089986991944
255815.633	450	0.645	-7.903089986991944
256460.486	450	0.65	-7.903089986991944
256766.946	450	0.655	-7.903089986991944
257122.143	450	0.66	-7.903089986991944
257397.8	450	0.665	-7.903089986991944
257770.811	450	0.67	-7.903089986991944
258235.868	450	0.675	-7.903089986991944
258910.571	450	0.68	-7.903089986991944
259166.987	450	0.685	-7.903089986991944
259566.851	450	0.69	-7.903089986991944
259877.395	450	0.695	-7.903089986991944
260443.771	450	0.7	-7.903089986991944
260864.821	450	0.705	-7.903089986991944
260944.665	450	0.71	-7.903089986991944
261442.4	450	0.715	-7.903089986991944
262269.52	450	0.72	-7.903089986991944
263052.266	450	0.725	-7.903089986991944
263811.743	450	0.73	-7.903089986991944
264361.657	450	0.735	-7.903089986991944
265081.586	450	0.74	-7.903089986991944
265502.639	450	0.745	-7.903089986991944
265880.357	450	0.75	-7.903089986991944
266376.753	450	0.755	-7.903089986991944
266915.549	450	0.76	-7.903089986991944
267523.396	450	0.765	-7.903089986991944
268403.461	450	0.77	-7.903089986991944
269600.893	450	0.775	-7.903089986991944
270895.286	450	0.78	-7.903089986991944
271587.83	450	0.785	-7.903089986991944
272163.256	450	0.79	-7.903089986991944
272727.072	450	0.795	-7.903089986991944
273516.571	450	0.8	-7.903089986991944
274343.0	450	0.805	-7.903089986991944
275144.167	450	0.81	-7.903089986991944
276678.621	450	0.815	-7.903089986991944
277103.143	450	0.82	-7.903089986991944
278958.011	450	0.825	-7.903089986991944
279695.188	450	0.83	-7.903089986991944
280598.762	450	0.835	-7.903089986991944
282084.834	450	0.84	-7.903089986991944
283095.479	450	0.845	-7.903089986991944
284730.204	450	0.85	-7.903089986991944
286051.01	450	0.855	-7.903089986991944
287329.004	450	0.86	-7.903089986991944
288231.714	450	0.865	-7.903089986991944
290300.748	450	0.87	-7.903089986991944
291603.563	450	0.875	-7.903089986991944
292521.886	450	0.88	-7.903089986991944
293766.883	450	0.885	-7.903089986991944
296211.824	450	0.89	-7.903089986991944
298053.757	450	0.895	-7.903089986991944
298608.557	450	0.9	-7.903089986991944
301193.121	450	0.905	-7.903089986991944
304094.773	450	0.91	-7.903089986991944
307273.52	450	0.915	-7.903089986991944
310846.349	450	0.92	-7.903089986991944
312635.888	450	0.925	-7.903089986991944
316705.476	450	0.93	-7.903089986991944
318116.293	450	0.935	-7.903089986991944
319396.313	450	0.94	-7.903089986991944
321914.971	450	0.945	-7.903089986991944
324856.0	450	0.95	-7.903089986991944
327150.443	450	0.955	-7.903089986991944
329771.617	450	0.96	-7.903089986991944
334013.19	450	0.965	-7.903089986991944
345475.083	450	0.97	-7.903089986991944
352294.296	450	0.975	-7.903089986991944
357989.807	450	0.98	-7.903089986991944
381567.043	450	0.985	-7.903089986991944
402081.314	450	0.99	-7.903089986991944
460429.086	450	0.995	-7.903089986991944
