S*_score	SNP_num	quantile	log(local_recomb_rate)
112430.0	25	0.5	-7.903089986991944
112793.825	25	0.505	-7.903089986991944
112991.185	25	0.51	-7.903089986991944
113440.64	25	0.515	-7.903089986991944
113820.4	25	0.52	-7.903089986991944
114563.565	25	0.525	-7.903089986991944
115535.99	25	0.53	-7.903089986991944
115949.385	25	0.535	-7.903089986991944
116174.78	25	0.54	-7.903089986991944
116851.25	25	0.545	-7.903089986991944
117542.183	25	0.55	-7.903089986991944
118543.042	25	0.555	-7.903089986991944
118780.0	25	0.56	-7.903089986991944
119627.95	25	0.565	-7.903089986991944
120135.667	25	0.57	-7.903089986991944
120577.917	25	0.575	-7.903089986991944
121228.9	25	0.58	-7.903089986991944
121870.693	25	0.585	-7.903089986991944
122262.08	25	0.59	-7.903089986991944
123087.2	25	0.595	-7.903089986991944
123571.2	25	0.6	-7.903089986991944
124041.35	25	0.605	-7.903089986991944
124598.037	25	0.61	-7.903089986991944
124965.95	25	0.615	-7.903089986991944
125749.2	25	0.62	-7.903089986991944
126239.375	25	0.625	-7.903089986991944
126707.4	25	0.63	-7.903089986991944
127574.608	25	0.635	-7.903089986991944
127891.733	25	0.64	-7.903089986991944
128361.267	25	0.645	-7.903089986991944
128620.75	25	0.65	-7.903089986991944
128899.227	25	0.655	-7.903089986991944
129645.4	25	0.66	-7.903089986991944
130127.25	25	0.665	-7.903089986991944
130498.51	25	0.67	-7.903089986991944
131091.786	25	0.675	-7.903089986991944
132178.88	25	0.68	-7.903089986991944
132556.3	25	0.685	-7.903089986991944
133112.088	25	0.69	-7.903089986991944
133451.767	25	0.695	-7.903089986991944
133709.714	25	0.7	-7.903089986991944
133962.672	25	0.705	-7.903089986991944
134622.01	25	0.71	-7.903089986991944
135380.6	25	0.715	-7.903089986991944
136508.8	25	0.72	-7.903089986991944
137290.679	25	0.725	-7.903089986991944
137863.062	25	0.73	-7.903089986991944
138570.85	25	0.735	-7.903089986991944
138797.629	25	0.74	-7.903089986991944
139459.75	25	0.745	-7.903089986991944
140652.0	25	0.75	-7.903089986991944
141144.504	25	0.755	-7.903089986991944
141969.783	25	0.76	-7.903089986991944
142768.8	25	0.765	-7.903089986991944
144193.933	25	0.77	-7.903089986991944
144564.5	25	0.775	-7.903089986991944
146050.16	25	0.78	-7.903089986991944
146542.113	25	0.785	-7.903089986991944
147184.144	25	0.79	-7.903089986991944
149745.933	25	0.795	-7.903089986991944
150436.2	25	0.8	-7.903089986991944
151088.2	25	0.805	-7.903089986991944
151423.737	25	0.81	-7.903089986991944
152001.383	25	0.815	-7.903089986991944
153642.667	25	0.82	-7.903089986991944
153801.5	25	0.825	-7.903089986991944
154226.3	25	0.83	-7.903089986991944
155227.4	25	0.835	-7.903089986991944
155669.6	25	0.84	-7.903089986991944
156684.9	25	0.845	-7.903089986991944
157266.667	25	0.85	-7.903089986991944
157720.04	25	0.855	-7.903089986991944
158289.0	25	0.86	-7.903089986991944
159186.43	25	0.865	-7.903089986991944
160170.9	25	0.87	-7.903089986991944
160857.5	25	0.875	-7.903089986991944
161653.511	25	0.88	-7.903089986991944
161948.405	25	0.885	-7.903089986991944
162597.213	25	0.89	-7.903089986991944
163570.7	25	0.895	-7.903089986991944
165300.0	25	0.9	-7.903089986991944
165702.405	25	0.905	-7.903089986991944
166451.0	25	0.91	-7.903089986991944
167908.333	25	0.915	-7.903089986991944
169251.403	25	0.92	-7.903089986991944
170357.1	25	0.925	-7.903089986991944
170826.46	25	0.93	-7.903089986991944
172975.13	25	0.935	-7.903089986991944
174356.4	25	0.94	-7.903089986991944
175816.405	25	0.945	-7.903089986991944
177822.0	25	0.95	-7.903089986991944
179224.0	25	0.955	-7.903089986991944
182061.893	25	0.96	-7.903089986991944
183138.143	25	0.965	-7.903089986991944
184823.0	25	0.97	-7.903089986991944
188063.5	25	0.975	-7.903089986991944
188520.4	25	0.98	-7.903089986991944
191504.1	25	0.985	-7.903089986991944
194532.92	25	0.99	-7.903089986991944
196342.095	25	0.995	-7.903089986991944
124834.0	50	0.5	-7.903089986991944
125091.924	50	0.505	-7.903089986991944
125416.376	50	0.51	-7.903089986991944
125599.4	50	0.515	-7.903089986991944
125957.987	50	0.52	-7.903089986991944
126202.408	50	0.525	-7.903089986991944
126685.19	50	0.53	-7.903089986991944
126920.166	50	0.535	-7.903089986991944
127604.067	50	0.54	-7.903089986991944
128096.826	50	0.545	-7.903089986991944
128298.476	50	0.55	-7.903089986991944
128780.622	50	0.555	-7.903089986991944
129089.643	50	0.56	-7.903089986991944
129615.803	50	0.565	-7.903089986991944
129953.98	50	0.57	-7.903089986991944
130357.38	50	0.575	-7.903089986991944
130617.504	50	0.58	-7.903089986991944
131146.187	50	0.585	-7.903089986991944
131505.333	50	0.59	-7.903089986991944
131754.357	50	0.595	-7.903089986991944
132188.114	50	0.6	-7.903089986991944
132704.308	50	0.605	-7.903089986991944
133215.2	50	0.61	-7.903089986991944
133780.291	50	0.615	-7.903089986991944
134003.43	50	0.62	-7.903089986991944
134308.889	50	0.625	-7.903089986991944
135143.171	50	0.63	-7.903089986991944
136012.981	50	0.635	-7.903089986991944
136434.0	50	0.64	-7.903089986991944
136886.52	50	0.645	-7.903089986991944
136988.574	50	0.65	-7.903089986991944
137289.406	50	0.655	-7.903089986991944
137556.092	50	0.66	-7.903089986991944
138032.342	50	0.665	-7.903089986991944
138638.467	50	0.67	-7.903089986991944
139158.58	50	0.675	-7.903089986991944
139631.771	50	0.68	-7.903089986991944
140238.838	50	0.685	-7.903089986991944
140824.56	50	0.69	-7.903089986991944
141811.24	50	0.695	-7.903089986991944
142272.5	50	0.7	-7.903089986991944
142764.571	50	0.705	-7.903089986991944
142985.28	50	0.71	-7.903089986991944
143476.667	50	0.715	-7.903089986991944
143868.401	50	0.72	-7.903089986991944
144739.3	50	0.725	-7.903089986991944
145154.622	50	0.73	-7.903089986991944
146573.607	50	0.735	-7.903089986991944
146825.604	50	0.74	-7.903089986991944
147466.52	50	0.745	-7.903089986991944
148253.333	50	0.75	-7.903089986991944
148701.231	50	0.755	-7.903089986991944
149014.057	50	0.76	-7.903089986991944
149436.616	50	0.765	-7.903089986991944
149769.949	50	0.77	-7.903089986991944
149935.154	50	0.775	-7.903089986991944
150317.886	50	0.78	-7.903089986991944
150601.1	50	0.785	-7.903089986991944
151187.543	50	0.79	-7.903089986991944
151712.35	50	0.795	-7.903089986991944
152185.714	50	0.8	-7.903089986991944
152930.738	50	0.805	-7.903089986991944
154195.409	50	0.81	-7.903089986991944
155119.638	50	0.815	-7.903089986991944
155772.0	50	0.82	-7.903089986991944
156432.303	50	0.825	-7.903089986991944
157108.627	50	0.83	-7.903089986991944
158530.95	50	0.835	-7.903089986991944
159311.782	50	0.84	-7.903089986991944
159709.257	50	0.845	-7.903089986991944
159922.857	50	0.85	-7.903089986991944
161145.479	50	0.855	-7.903089986991944
161569.48	50	0.86	-7.903089986991944
161908.618	50	0.865	-7.903089986991944
162765.156	50	0.87	-7.903089986991944
163493.033	50	0.875	-7.903089986991944
164737.183	50	0.88	-7.903089986991944
165715.815	50	0.885	-7.903089986991944
167310.048	50	0.89	-7.903089986991944
168154.14	50	0.895	-7.903089986991944
169096.333	50	0.9	-7.903089986991944
170530.411	50	0.905	-7.903089986991944
171763.333	50	0.91	-7.903089986991944
172727.13	50	0.915	-7.903089986991944
173254.124	50	0.92	-7.903089986991944
174262.654	50	0.925	-7.903089986991944
175895.2	50	0.93	-7.903089986991944
177140.2	50	0.935	-7.903089986991944
179884.457	50	0.94	-7.903089986991944
181706.47	50	0.945	-7.903089986991944
183770.857	50	0.95	-7.903089986991944
186044.073	50	0.955	-7.903089986991944
188097.939	50	0.96	-7.903089986991944
189398.492	50	0.965	-7.903089986991944
191422.434	50	0.97	-7.903089986991944
192933.623	50	0.975	-7.903089986991944
197330.154	50	0.98	-7.903089986991944
201450.8	50	0.985	-7.903089986991944
206231.83	50	0.99	-7.903089986991944
219285.2	50	0.995	-7.903089986991944
140405.083	75	0.5	-7.903089986991944
140563.382	75	0.505	-7.903089986991944
140787.143	75	0.51	-7.903089986991944
141247.2	75	0.515	-7.903089986991944
141788.09	75	0.52	-7.903089986991944
142338.538	75	0.525	-7.903089986991944
142788.114	75	0.53	-7.903089986991944
143268.197	75	0.535	-7.903089986991944
143479.35	75	0.54	-7.903089986991944
143718.571	75	0.545	-7.903089986991944
144260.383	75	0.55	-7.903089986991944
144727.36	75	0.555	-7.903089986991944
145103.126	75	0.56	-7.903089986991944
145945.774	75	0.565	-7.903089986991944
146266.153	75	0.57	-7.903089986991944
146632.425	75	0.575	-7.903089986991944
146989.571	75	0.58	-7.903089986991944
147381.647	75	0.585	-7.903089986991944
147891.31	75	0.59	-7.903089986991944
148318.86	75	0.595	-7.903089986991944
148606.19	75	0.6	-7.903089986991944
149159.104	75	0.605	-7.903089986991944
149329.713	75	0.61	-7.903089986991944
149749.689	75	0.615	-7.903089986991944
149930.2	75	0.62	-7.903089986991944
150491.857	75	0.625	-7.903089986991944
150963.655	75	0.63	-7.903089986991944
151267.738	75	0.635	-7.903089986991944
151727.564	75	0.64	-7.903089986991944
152049.424	75	0.645	-7.903089986991944
152366.13	75	0.65	-7.903089986991944
152779.271	75	0.655	-7.903089986991944
153069.787	75	0.66	-7.903089986991944
153950.3	75	0.665	-7.903089986991944
154723.245	75	0.67	-7.903089986991944
154870.444	75	0.675	-7.903089986991944
155379.217	75	0.68	-7.903089986991944
155914.11	75	0.685	-7.903089986991944
156439.05	75	0.69	-7.903089986991944
156679.514	75	0.695	-7.903089986991944
157591.438	75	0.7	-7.903089986991944
157790.592	75	0.705	-7.903089986991944
158160.185	75	0.71	-7.903089986991944
158355.448	75	0.715	-7.903089986991944
158548.923	75	0.72	-7.903089986991944
158790.167	75	0.725	-7.903089986991944
159294.394	75	0.73	-7.903089986991944
159620.485	75	0.735	-7.903089986991944
160204.978	75	0.74	-7.903089986991944
160528.389	75	0.745	-7.903089986991944
160972.899	75	0.75	-7.903089986991944
161272.818	75	0.755	-7.903089986991944
161442.6	75	0.76	-7.903089986991944
161724.433	75	0.765	-7.903089986991944
162272.54	75	0.77	-7.903089986991944
162725.57	75	0.775	-7.903089986991944
163113.474	75	0.78	-7.903089986991944
163628.683	75	0.785	-7.903089986991944
164214.405	75	0.79	-7.903089986991944
164610.942	75	0.795	-7.903089986991944
165585.451	75	0.8	-7.903089986991944
166105.867	75	0.805	-7.903089986991944
166378.89	75	0.81	-7.903089986991944
166900.726	75	0.815	-7.903089986991944
167498.333	75	0.82	-7.903089986991944
168064.925	75	0.825	-7.903089986991944
168458.04	75	0.83	-7.903089986991944
169332.402	75	0.835	-7.903089986991944
170236.724	75	0.84	-7.903089986991944
170928.92	75	0.845	-7.903089986991944
171809.169	75	0.85	-7.903089986991944
173231.418	75	0.855	-7.903089986991944
174197.502	75	0.86	-7.903089986991944
174916.77	75	0.865	-7.903089986991944
175789.653	75	0.87	-7.903089986991944
176622.843	75	0.875	-7.903089986991944
177029.176	75	0.88	-7.903089986991944
177927.481	75	0.885	-7.903089986991944
178726.029	75	0.89	-7.903089986991944
179266.396	75	0.895	-7.903089986991944
180053.0	75	0.9	-7.903089986991944
180705.99	75	0.905	-7.903089986991944
181753.4	75	0.91	-7.903089986991944
182820.546	75	0.915	-7.903089986991944
184141.818	75	0.92	-7.903089986991944
184863.127	75	0.925	-7.903089986991944
185898.312	75	0.93	-7.903089986991944
187091.502	75	0.935	-7.903089986991944
188309.538	75	0.94	-7.903089986991944
189622.5	75	0.945	-7.903089986991944
190718.807	75	0.95	-7.903089986991944
194750.519	75	0.955	-7.903089986991944
198830.734	75	0.96	-7.903089986991944
203883.9	75	0.965	-7.903089986991944
207919.6	75	0.97	-7.903089986991944
211212.627	75	0.975	-7.903089986991944
220407.314	75	0.98	-7.903089986991944
227966.014	75	0.985	-7.903089986991944
233578.828	75	0.99	-7.903089986991944
248211.909	75	0.995	-7.903089986991944
152710.769	100	0.5	-7.903089986991944
152825.623	100	0.505	-7.903089986991944
153341.268	100	0.51	-7.903089986991944
153724.861	100	0.515	-7.903089986991944
154066.804	100	0.52	-7.903089986991944
154765.179	100	0.525	-7.903089986991944
154999.743	100	0.53	-7.903089986991944
155219.922	100	0.535	-7.903089986991944
155393.834	100	0.54	-7.903089986991944
155830.771	100	0.545	-7.903089986991944
156004.543	100	0.55	-7.903089986991944
156406.051	100	0.555	-7.903089986991944
156726.966	100	0.56	-7.903089986991944
156927.375	100	0.565	-7.903089986991944
157151.667	100	0.57	-7.903089986991944
157536.773	100	0.575	-7.903089986991944
157831.878	100	0.58	-7.903089986991944
158083.472	100	0.585	-7.903089986991944
158597.785	100	0.59	-7.903089986991944
159017.731	100	0.595	-7.903089986991944
159312.329	100	0.6	-7.903089986991944
159470.533	100	0.605	-7.903089986991944
159916.225	100	0.61	-7.903089986991944
160506.241	100	0.615	-7.903089986991944
160758.556	100	0.62	-7.903089986991944
161066.0	100	0.625	-7.903089986991944
161808.079	100	0.63	-7.903089986991944
162414.741	100	0.635	-7.903089986991944
163144.248	100	0.64	-7.903089986991944
163805.146	100	0.645	-7.903089986991944
164072.05	100	0.65	-7.903089986991944
164348.333	100	0.655	-7.903089986991944
164723.12	100	0.66	-7.903089986991944
165129.093	100	0.665	-7.903089986991944
165323.544	100	0.67	-7.903089986991944
165714.193	100	0.675	-7.903089986991944
166406.762	100	0.68	-7.903089986991944
166804.355	100	0.685	-7.903089986991944
167396.048	100	0.69	-7.903089986991944
167968.444	100	0.695	-7.903089986991944
168192.943	100	0.7	-7.903089986991944
168435.4	100	0.705	-7.903089986991944
168658.318	100	0.71	-7.903089986991944
169191.251	100	0.715	-7.903089986991944
170227.052	100	0.72	-7.903089986991944
170739.6	100	0.725	-7.903089986991944
171349.05	100	0.73	-7.903089986991944
172129.757	100	0.735	-7.903089986991944
172434.44	100	0.74	-7.903089986991944
172734.98	100	0.745	-7.903089986991944
173676.883	100	0.75	-7.903089986991944
174051.084	100	0.755	-7.903089986991944
174651.049	100	0.76	-7.903089986991944
175129.219	100	0.765	-7.903089986991944
175489.695	100	0.77	-7.903089986991944
175919.696	100	0.775	-7.903089986991944
176165.17	100	0.78	-7.903089986991944
176510.057	100	0.785	-7.903089986991944
177057.412	100	0.79	-7.903089986991944
177913.674	100	0.795	-7.903089986991944
178107.367	100	0.8	-7.903089986991944
178496.133	100	0.805	-7.903089986991944
178851.255	100	0.81	-7.903089986991944
179588.141	100	0.815	-7.903089986991944
180120.297	100	0.82	-7.903089986991944
180532.535	100	0.825	-7.903089986991944
181586.259	100	0.83	-7.903089986991944
182081.986	100	0.835	-7.903089986991944
182599.868	100	0.84	-7.903089986991944
182943.022	100	0.845	-7.903089986991944
184572.365	100	0.85	-7.903089986991944
185624.848	100	0.855	-7.903089986991944
186851.921	100	0.86	-7.903089986991944
187575.652	100	0.865	-7.903089986991944
188230.554	100	0.87	-7.903089986991944
188841.058	100	0.875	-7.903089986991944
189623.143	100	0.88	-7.903089986991944
190326.137	100	0.885	-7.903089986991944
191101.481	100	0.89	-7.903089986991944
193314.102	100	0.895	-7.903089986991944
194359.333	100	0.9	-7.903089986991944
195265.516	100	0.905	-7.903089986991944
196008.514	100	0.91	-7.903089986991944
197011.771	100	0.915	-7.903089986991944
198092.806	100	0.92	-7.903089986991944
198933.138	100	0.925	-7.903089986991944
199567.371	100	0.93	-7.903089986991944
200827.908	100	0.935	-7.903089986991944
202434.083	100	0.94	-7.903089986991944
206853.902	100	0.945	-7.903089986991944
209764.192	100	0.95	-7.903089986991944
212688.05	100	0.955	-7.903089986991944
214733.829	100	0.96	-7.903089986991944
220673.025	100	0.965	-7.903089986991944
221429.677	100	0.97	-7.903089986991944
222917.271	100	0.975	-7.903089986991944
226190.174	100	0.98	-7.903089986991944
233417.141	100	0.985	-7.903089986991944
241602.686	100	0.99	-7.903089986991944
247975.822	100	0.995	-7.903089986991944
168616.091	125	0.5	-7.903089986991944
168843.652	125	0.505	-7.903089986991944
169195.246	125	0.51	-7.903089986991944
169765.157	125	0.515	-7.903089986991944
170308.686	125	0.52	-7.903089986991944
170810.43	125	0.525	-7.903089986991944
171304.37	125	0.53	-7.903089986991944
171490.703	125	0.535	-7.903089986991944
172226.084	125	0.54	-7.903089986991944
172656.25	125	0.545	-7.903089986991944
172854.364	125	0.55	-7.903089986991944
173031.91	125	0.555	-7.903089986991944
173244.413	125	0.56	-7.903089986991944
173384.543	125	0.565	-7.903089986991944
173890.717	125	0.57	-7.903089986991944
174269.774	125	0.575	-7.903089986991944
174682.244	125	0.58	-7.903089986991944
174962.441	125	0.585	-7.903089986991944
175345.155	125	0.59	-7.903089986991944
175483.719	125	0.595	-7.903089986991944
175727.486	125	0.6	-7.903089986991944
176056.37	125	0.605	-7.903089986991944
176353.403	125	0.61	-7.903089986991944
176700.131	125	0.615	-7.903089986991944
177166.311	125	0.62	-7.903089986991944
177547.324	125	0.625	-7.903089986991944
177990.402	125	0.63	-7.903089986991944
178844.754	125	0.635	-7.903089986991944
179350.946	125	0.64	-7.903089986991944
179693.699	125	0.645	-7.903089986991944
179935.096	125	0.65	-7.903089986991944
180234.738	125	0.655	-7.903089986991944
180895.02	125	0.66	-7.903089986991944
181496.015	125	0.665	-7.903089986991944
181933.001	125	0.67	-7.903089986991944
182303.321	125	0.675	-7.903089986991944
182998.602	125	0.68	-7.903089986991944
183188.464	125	0.685	-7.903089986991944
183767.711	125	0.69	-7.903089986991944
184376.331	125	0.695	-7.903089986991944
184830.015	125	0.7	-7.903089986991944
185321.57	125	0.705	-7.903089986991944
185715.433	125	0.71	-7.903089986991944
186058.029	125	0.715	-7.903089986991944
186781.429	125	0.72	-7.903089986991944
187267.821	125	0.725	-7.903089986991944
187887.955	125	0.73	-7.903089986991944
188389.178	125	0.735	-7.903089986991944
188736.4	125	0.74	-7.903089986991944
189548.732	125	0.745	-7.903089986991944
190131.768	125	0.75	-7.903089986991944
190615.443	125	0.755	-7.903089986991944
191233.649	125	0.76	-7.903089986991944
192009.06	125	0.765	-7.903089986991944
192326.402	125	0.77	-7.903089986991944
192726.729	125	0.775	-7.903089986991944
193015.031	125	0.78	-7.903089986991944
193472.812	125	0.785	-7.903089986991944
194280.451	125	0.79	-7.903089986991944
195589.331	125	0.795	-7.903089986991944
196221.096	125	0.8	-7.903089986991944
196776.65	125	0.805	-7.903089986991944
197289.65	125	0.81	-7.903089986991944
198219.079	125	0.815	-7.903089986991944
198867.799	125	0.82	-7.903089986991944
199396.393	125	0.825	-7.903089986991944
200108.552	125	0.83	-7.903089986991944
200582.515	125	0.835	-7.903089986991944
201117.169	125	0.84	-7.903089986991944
201553.862	125	0.845	-7.903089986991944
202079.161	125	0.85	-7.903089986991944
202793.707	125	0.855	-7.903089986991944
203404.567	125	0.86	-7.903089986991944
204162.178	125	0.865	-7.903089986991944
205118.443	125	0.87	-7.903089986991944
206495.137	125	0.875	-7.903089986991944
207694.817	125	0.88	-7.903089986991944
208699.898	125	0.885	-7.903089986991944
209956.193	125	0.89	-7.903089986991944
211649.343	125	0.895	-7.903089986991944
212431.343	125	0.9	-7.903089986991944
213859.274	125	0.905	-7.903089986991944
215020.657	125	0.91	-7.903089986991944
215915.855	125	0.915	-7.903089986991944
217642.16	125	0.92	-7.903089986991944
218942.5	125	0.925	-7.903089986991944
221800.915	125	0.93	-7.903089986991944
222517.361	125	0.935	-7.903089986991944
224809.119	125	0.94	-7.903089986991944
227835.065	125	0.945	-7.903089986991944
230133.211	125	0.95	-7.903089986991944
232684.948	125	0.955	-7.903089986991944
237315.28	125	0.96	-7.903089986991944
241429.612	125	0.965	-7.903089986991944
244065.371	125	0.97	-7.903089986991944
248826.812	125	0.975	-7.903089986991944
253112.001	125	0.98	-7.903089986991944
262515.713	125	0.985	-7.903089986991944
270802.521	125	0.99	-7.903089986991944
293815.458	125	0.995	-7.903089986991944
182186.905	150	0.5	-7.903089986991944
182538.586	150	0.505	-7.903089986991944
182887.829	150	0.51	-7.903089986991944
183141.753	150	0.515	-7.903089986991944
183342.174	150	0.52	-7.903089986991944
183727.212	150	0.525	-7.903089986991944
184041.458	150	0.53	-7.903089986991944
184560.334	150	0.535	-7.903089986991944
184835.749	150	0.54	-7.903089986991944
185601.587	150	0.545	-7.903089986991944
185899.325	150	0.55	-7.903089986991944
186468.392	150	0.555	-7.903089986991944
186805.756	150	0.56	-7.903089986991944
187444.019	150	0.565	-7.903089986991944
188356.196	150	0.57	-7.903089986991944
188777.904	150	0.575	-7.903089986991944
188997.784	150	0.58	-7.903089986991944
189362.14	150	0.585	-7.903089986991944
189925.506	150	0.59	-7.903089986991944
190440.338	150	0.595	-7.903089986991944
190984.0	150	0.6	-7.903089986991944
191235.327	150	0.605	-7.903089986991944
191465.843	150	0.61	-7.903089986991944
191878.031	150	0.615	-7.903089986991944
192262.457	150	0.62	-7.903089986991944
192463.448	150	0.625	-7.903089986991944
192864.964	150	0.63	-7.903089986991944
193267.011	150	0.635	-7.903089986991944
193481.04	150	0.64	-7.903089986991944
193681.85	150	0.645	-7.903089986991944
194076.879	150	0.65	-7.903089986991944
194352.158	150	0.655	-7.903089986991944
194599.057	150	0.66	-7.903089986991944
194871.626	150	0.665	-7.903089986991944
195110.858	150	0.67	-7.903089986991944
195485.607	150	0.675	-7.903089986991944
195957.703	150	0.68	-7.903089986991944
196511.691	150	0.685	-7.903089986991944
197271.129	150	0.69	-7.903089986991944
197524.871	150	0.695	-7.903089986991944
197761.075	150	0.7	-7.903089986991944
198257.364	150	0.705	-7.903089986991944
198583.914	150	0.71	-7.903089986991944
198920.82	150	0.715	-7.903089986991944
199091.76	150	0.72	-7.903089986991944
199590.179	150	0.725	-7.903089986991944
200049.352	150	0.73	-7.903089986991944
200595.408	150	0.735	-7.903089986991944
200788.486	150	0.74	-7.903089986991944
201743.159	150	0.745	-7.903089986991944
202122.125	150	0.75	-7.903089986991944
202515.675	150	0.755	-7.903089986991944
202947.823	150	0.76	-7.903089986991944
203562.569	150	0.765	-7.903089986991944
203950.177	150	0.77	-7.903089986991944
204332.296	150	0.775	-7.903089986991944
204593.029	150	0.78	-7.903089986991944
205159.898	150	0.785	-7.903089986991944
205778.328	150	0.79	-7.903089986991944
206262.321	150	0.795	-7.903089986991944
207021.429	150	0.8	-7.903089986991944
207312.958	150	0.805	-7.903089986991944
207651.969	150	0.81	-7.903089986991944
208387.685	150	0.815	-7.903089986991944
209155.943	150	0.82	-7.903089986991944
209656.357	150	0.825	-7.903089986991944
210042.736	150	0.83	-7.903089986991944
211128.332	150	0.835	-7.903089986991944
211324.286	150	0.84	-7.903089986991944
212387.143	150	0.845	-7.903089986991944
213145.143	150	0.85	-7.903089986991944
213987.996	150	0.855	-7.903089986991944
214630.075	150	0.86	-7.903089986991944
215539.921	150	0.865	-7.903089986991944
216230.9	150	0.87	-7.903089986991944
217249.023	150	0.875	-7.903089986991944
218269.814	150	0.88	-7.903089986991944
219013.282	150	0.885	-7.903089986991944
219670.238	150	0.89	-7.903089986991944
220063.75	150	0.895	-7.903089986991944
221550.721	150	0.9	-7.903089986991944
222567.66	150	0.905	-7.903089986991944
224359.921	150	0.91	-7.903089986991944
225578.225	150	0.915	-7.903089986991944
227489.824	150	0.92	-7.903089986991944
228926.25	150	0.925	-7.903089986991944
231161.571	150	0.93	-7.903089986991944
233880.636	150	0.935	-7.903089986991944
236927.6	150	0.94	-7.903089986991944
238357.95	150	0.945	-7.903089986991944
239742.733	150	0.95	-7.903089986991944
245974.494	150	0.955	-7.903089986991944
248134.514	150	0.96	-7.903089986991944
250829.093	150	0.965	-7.903089986991944
256538.474	150	0.97	-7.903089986991944
263228.017	150	0.975	-7.903089986991944
266618.187	150	0.98	-7.903089986991944
273026.429	150	0.985	-7.903089986991944
292057.316	150	0.99	-7.903089986991944
308017.107	150	0.995	-7.903089986991944
191954.25	175	0.5	-7.903089986991944
192069.629	175	0.505	-7.903089986991944
192517.055	175	0.51	-7.903089986991944
193136.72	175	0.515	-7.903089986991944
193787.154	175	0.52	-7.903089986991944
194079.621	175	0.525	-7.903089986991944
194722.757	175	0.53	-7.903089986991944
195033.46	175	0.535	-7.903089986991944
195322.377	175	0.54	-7.903089986991944
195548.659	175	0.545	-7.903089986991944
195930.875	175	0.55	-7.903089986991944
196323.006	175	0.555	-7.903089986991944
196723.486	175	0.56	-7.903089986991944
197023.202	175	0.565	-7.903089986991944
197392.726	175	0.57	-7.903089986991944
197897.786	175	0.575	-7.903089986991944
198287.071	175	0.58	-7.903089986991944
198671.644	175	0.585	-7.903089986991944
199002.2	175	0.59	-7.903089986991944
199329.937	175	0.595	-7.903089986991944
199574.286	175	0.6	-7.903089986991944
199988.785	175	0.605	-7.903089986991944
200187.216	175	0.61	-7.903089986991944
200583.555	175	0.615	-7.903089986991944
201144.343	175	0.62	-7.903089986991944
201441.25	175	0.625	-7.903089986991944
201916.014	175	0.63	-7.903089986991944
202229.034	175	0.635	-7.903089986991944
202565.573	175	0.64	-7.903089986991944
203145.295	175	0.645	-7.903089986991944
203439.857	175	0.65	-7.903089986991944
203708.579	175	0.655	-7.903089986991944
203991.943	175	0.66	-7.903089986991944
204166.593	175	0.665	-7.903089986991944
204579.488	175	0.67	-7.903089986991944
205069.28	175	0.675	-7.903089986991944
205711.009	175	0.68	-7.903089986991944
205949.371	175	0.685	-7.903089986991944
206571.592	175	0.69	-7.903089986991944
206802.974	175	0.695	-7.903089986991944
207489.279	175	0.7	-7.903089986991944
207898.358	175	0.705	-7.903089986991944
208418.057	175	0.71	-7.903089986991944
209142.908	175	0.715	-7.903089986991944
209397.62	175	0.72	-7.903089986991944
209925.143	175	0.725	-7.903089986991944
210393.048	175	0.73	-7.903089986991944
211242.222	175	0.735	-7.903089986991944
211913.59	175	0.74	-7.903089986991944
212716.044	175	0.745	-7.903089986991944
213022.804	175	0.75	-7.903089986991944
213459.721	175	0.755	-7.903089986991944
214047.314	175	0.76	-7.903089986991944
214693.288	175	0.765	-7.903089986991944
215021.516	175	0.77	-7.903089986991944
215457.166	175	0.775	-7.903089986991944
215762.456	175	0.78	-7.903089986991944
216204.601	175	0.785	-7.903089986991944
216700.342	175	0.79	-7.903089986991944
217186.121	175	0.795	-7.903089986991944
217907.771	175	0.8	-7.903089986991944
218701.2	175	0.805	-7.903089986991944
219282.115	175	0.81	-7.903089986991944
219936.792	175	0.815	-7.903089986991944
221178.314	175	0.82	-7.903089986991944
221654.179	175	0.825	-7.903089986991944
221790.967	175	0.83	-7.903089986991944
222396.171	175	0.835	-7.903089986991944
223057.157	175	0.84	-7.903089986991944
224001.457	175	0.845	-7.903089986991944
224772.505	175	0.85	-7.903089986991944
225690.771	175	0.855	-7.903089986991944
226055.119	175	0.86	-7.903089986991944
226368.469	175	0.865	-7.903089986991944
227226.185	175	0.87	-7.903089986991944
227785.823	175	0.875	-7.903089986991944
229096.874	175	0.88	-7.903089986991944
229861.22	175	0.885	-7.903089986991944
231299.571	175	0.89	-7.903089986991944
232421.062	175	0.895	-7.903089986991944
233552.429	175	0.9	-7.903089986991944
235270.508	175	0.905	-7.903089986991944
237751.762	175	0.91	-7.903089986991944
238978.121	175	0.915	-7.903089986991944
240084.495	175	0.92	-7.903089986991944
241402.286	175	0.925	-7.903089986991944
243130.043	175	0.93	-7.903089986991944
243731.776	175	0.935	-7.903089986991944
246783.896	175	0.94	-7.903089986991944
248615.143	175	0.945	-7.903089986991944
252595.725	175	0.95	-7.903089986991944
255171.7	175	0.955	-7.903089986991944
256789.665	175	0.96	-7.903089986991944
262869.2	175	0.965	-7.903089986991944
267133.057	175	0.97	-7.903089986991944
269902.682	175	0.975	-7.903089986991944
273465.257	175	0.98	-7.903089986991944
288185.314	175	0.985	-7.903089986991944
300250.336	175	0.99	-7.903089986991944
320678.564	175	0.995	-7.903089986991944
201998.607	200	0.5	-7.903089986991944
202420.2	200	0.505	-7.903089986991944
202778.891	200	0.51	-7.903089986991944
203148.197	200	0.515	-7.903089986991944
203632.746	200	0.52	-7.903089986991944
204004.207	200	0.525	-7.903089986991944
204416.186	200	0.53	-7.903089986991944
204770.995	200	0.535	-7.903089986991944
205090.758	200	0.54	-7.903089986991944
205225.521	200	0.545	-7.903089986991944
205460.771	200	0.55	-7.903089986991944
205880.196	200	0.555	-7.903089986991944
206158.766	200	0.56	-7.903089986991944
206330.284	200	0.565	-7.903089986991944
206659.771	200	0.57	-7.903089986991944
206833.186	200	0.575	-7.903089986991944
207020.442	200	0.58	-7.903089986991944
207557.199	200	0.585	-7.903089986991944
208082.841	200	0.59	-7.903089986991944
208510.552	200	0.595	-7.903089986991944
208717.714	200	0.6	-7.903089986991944
209015.858	200	0.605	-7.903089986991944
209560.129	200	0.61	-7.903089986991944
209880.638	200	0.615	-7.903089986991944
210083.359	200	0.62	-7.903089986991944
210531.25	200	0.625	-7.903089986991944
211116.667	200	0.63	-7.903089986991944
211283.4	200	0.635	-7.903089986991944
211551.6	200	0.64	-7.903089986991944
212169.364	200	0.645	-7.903089986991944
212575.543	200	0.65	-7.903089986991944
212883.657	200	0.655	-7.903089986991944
213369.057	200	0.66	-7.903089986991944
213642.526	200	0.665	-7.903089986991944
214409.721	200	0.67	-7.903089986991944
214678.262	200	0.675	-7.903089986991944
215097.329	200	0.68	-7.903089986991944
215609.661	200	0.685	-7.903089986991944
216019.629	200	0.69	-7.903089986991944
216975.943	200	0.695	-7.903089986991944
217254.385	200	0.7	-7.903089986991944
217722.794	200	0.705	-7.903089986991944
218123.271	200	0.71	-7.903089986991944
218593.627	200	0.715	-7.903089986991944
219302.717	200	0.72	-7.903089986991944
219603.516	200	0.725	-7.903089986991944
220081.371	200	0.73	-7.903089986991944
220513.56	200	0.735	-7.903089986991944
221467.323	200	0.74	-7.903089986991944
221981.541	200	0.745	-7.903089986991944
222390.865	200	0.75	-7.903089986991944
222948.332	200	0.755	-7.903089986991944
223540.571	200	0.76	-7.903089986991944
223903.866	200	0.765	-7.903089986991944
224193.612	200	0.77	-7.903089986991944
224608.111	200	0.775	-7.903089986991944
224956.886	200	0.78	-7.903089986991944
225183.115	200	0.785	-7.903089986991944
225680.958	200	0.79	-7.903089986991944
226320.443	200	0.795	-7.903089986991944
227238.914	200	0.8	-7.903089986991944
228923.586	200	0.805	-7.903089986991944
229613.491	200	0.81	-7.903089986991944
230562.358	200	0.815	-7.903089986991944
231284.636	200	0.82	-7.903089986991944
231878.502	200	0.825	-7.903089986991944
232875.929	200	0.83	-7.903089986991944
233843.493	200	0.835	-7.903089986991944
234346.003	200	0.84	-7.903089986991944
235114.309	200	0.845	-7.903089986991944
235533.325	200	0.85	-7.903089986991944
236111.026	200	0.855	-7.903089986991944
237377.8	200	0.86	-7.903089986991944
237944.171	200	0.865	-7.903089986991944
238506.181	200	0.87	-7.903089986991944
239619.183	200	0.875	-7.903089986991944
240146.669	200	0.88	-7.903089986991944
241221.263	200	0.885	-7.903089986991944
241618.363	200	0.89	-7.903089986991944
242887.565	200	0.895	-7.903089986991944
243536.571	200	0.9	-7.903089986991944
244592.336	200	0.905	-7.903089986991944
246636.671	200	0.91	-7.903089986991944
248918.301	200	0.915	-7.903089986991944
250627.6	200	0.92	-7.903089986991944
251995.577	200	0.925	-7.903089986991944
253464.638	200	0.93	-7.903089986991944
257421.907	200	0.935	-7.903089986991944
261025.667	200	0.94	-7.903089986991944
263455.747	200	0.945	-7.903089986991944
268036.361	200	0.95	-7.903089986991944
269929.665	200	0.955	-7.903089986991944
279426.96	200	0.96	-7.903089986991944
286370.853	200	0.965	-7.903089986991944
290771.713	200	0.97	-7.903089986991944
296462.855	200	0.975	-7.903089986991944
299971.286	200	0.98	-7.903089986991944
312897.567	200	0.985	-7.903089986991944
335266.916	200	0.99	-7.903089986991944
373644.9	200	0.995	-7.903089986991944
212187.964	225	0.5	-7.903089986991944
212400.507	225	0.505	-7.903089986991944
212890.192	225	0.51	-7.903089986991944
213490.58	225	0.515	-7.903089986991944
213941.254	225	0.52	-7.903089986991944
214564.927	225	0.525	-7.903089986991944
215001.143	225	0.53	-7.903089986991944
215395.314	225	0.535	-7.903089986991944
215706.947	225	0.54	-7.903089986991944
216159.585	225	0.545	-7.903089986991944
216812.064	225	0.55	-7.903089986991944
217093.707	225	0.555	-7.903089986991944
217491.824	225	0.56	-7.903089986991944
217845.698	225	0.565	-7.903089986991944
218058.353	225	0.57	-7.903089986991944
218466.594	225	0.575	-7.903089986991944
218919.857	225	0.58	-7.903089986991944
219439.805	225	0.585	-7.903089986991944
219920.859	225	0.59	-7.903089986991944
220278.514	225	0.595	-7.903089986991944
220714.971	225	0.6	-7.903089986991944
221091.121	225	0.605	-7.903089986991944
221402.186	225	0.61	-7.903089986991944
221652.526	225	0.615	-7.903089986991944
222065.853	225	0.62	-7.903089986991944
222378.571	225	0.625	-7.903089986991944
222814.77	225	0.63	-7.903089986991944
223032.357	225	0.635	-7.903089986991944
223651.771	225	0.64	-7.903089986991944
224124.607	225	0.645	-7.903089986991944
224706.365	225	0.65	-7.903089986991944
225260.923	225	0.655	-7.903089986991944
225565.861	225	0.66	-7.903089986991944
225864.814	225	0.665	-7.903089986991944
226213.939	225	0.67	-7.903089986991944
226621.036	225	0.675	-7.903089986991944
227238.353	225	0.68	-7.903089986991944
227566.907	225	0.685	-7.903089986991944
227884.727	225	0.69	-7.903089986991944
228643.093	225	0.695	-7.903089986991944
229116.143	225	0.7	-7.903089986991944
229506.429	225	0.705	-7.903089986991944
230382.671	225	0.71	-7.903089986991944
230895.958	225	0.715	-7.903089986991944
231315.446	225	0.72	-7.903089986991944
231584.234	225	0.725	-7.903089986991944
231968.048	225	0.73	-7.903089986991944
232422.546	225	0.735	-7.903089986991944
232581.351	225	0.74	-7.903089986991944
232815.393	225	0.745	-7.903089986991944
233603.214	225	0.75	-7.903089986991944
233901.671	225	0.755	-7.903089986991944
234409.389	225	0.76	-7.903089986991944
234685.698	225	0.765	-7.903089986991944
234924.319	225	0.77	-7.903089986991944
235415.588	225	0.775	-7.903089986991944
235997.514	225	0.78	-7.903089986991944
237111.23	225	0.785	-7.903089986991944
237724.343	225	0.79	-7.903089986991944
237983.477	225	0.795	-7.903089986991944
238496.643	225	0.8	-7.903089986991944
239110.57	225	0.805	-7.903089986991944
239628.384	225	0.81	-7.903089986991944
240610.599	225	0.815	-7.903089986991944
241281.68	225	0.82	-7.903089986991944
242034.129	225	0.825	-7.903089986991944
242572.957	225	0.83	-7.903089986991944
243063.364	225	0.835	-7.903089986991944
243851.029	225	0.84	-7.903089986991944
244415.343	225	0.845	-7.903089986991944
245487.444	225	0.85	-7.903089986991944
246117.139	225	0.855	-7.903089986991944
246696.896	225	0.86	-7.903089986991944
247084.54	225	0.865	-7.903089986991944
247979.892	225	0.87	-7.903089986991944
248906.661	225	0.875	-7.903089986991944
249506.434	225	0.88	-7.903089986991944
251111.914	225	0.885	-7.903089986991944
251639.357	225	0.89	-7.903089986991944
252872.857	225	0.895	-7.903089986991944
254037.286	225	0.9	-7.903089986991944
254870.25	225	0.905	-7.903089986991944
255295.845	225	0.91	-7.903089986991944
256201.908	225	0.915	-7.903089986991944
257417.378	225	0.92	-7.903089986991944
259219.648	225	0.925	-7.903089986991944
260283.729	225	0.93	-7.903089986991944
262319.315	225	0.935	-7.903089986991944
264051.171	225	0.94	-7.903089986991944
267183.993	225	0.945	-7.903089986991944
268889.639	225	0.95	-7.903089986991944
270603.353	225	0.955	-7.903089986991944
274292.171	225	0.96	-7.903089986991944
279893.186	225	0.965	-7.903089986991944
286454.86	225	0.97	-7.903089986991944
295901.534	225	0.975	-7.903089986991944
299190.2	225	0.98	-7.903089986991944
318773.766	225	0.985	-7.903089986991944
358314.475	225	0.99	-7.903089986991944
383064.15	225	0.995	-7.903089986991944
222344.286	250	0.5	-7.903089986991944
222785.935	250	0.505	-7.903089986991944
223254.565	250	0.51	-7.903089986991944
223490.715	250	0.515	-7.903089986991944
224048.071	250	0.52	-7.903089986991944
224172.962	250	0.525	-7.903089986991944
224444.476	250	0.53	-7.903089986991944
224648.328	250	0.535	-7.903089986991944
224894.307	250	0.54	-7.903089986991944
225321.686	250	0.545	-7.903089986991944
225737.5	250	0.55	-7.903089986991944
226094.821	250	0.555	-7.903089986991944
226440.571	250	0.56	-7.903089986991944
226772.55	250	0.565	-7.903089986991944
227145.802	250	0.57	-7.903089986991944
227304.47	250	0.575	-7.903089986991944
227681.01	250	0.58	-7.903089986991944
228060.451	250	0.585	-7.903089986991944
228457.286	250	0.59	-7.903089986991944
228990.9	250	0.595	-7.903089986991944
229470.029	250	0.6	-7.903089986991944
229920.257	250	0.605	-7.903089986991944
230245.83	250	0.61	-7.903089986991944
230695.098	250	0.615	-7.903089986991944
231086.491	250	0.62	-7.903089986991944
231561.25	250	0.625	-7.903089986991944
232036.129	250	0.63	-7.903089986991944
232393.15	250	0.635	-7.903089986991944
232714.686	250	0.64	-7.903089986991944
233081.665	250	0.645	-7.903089986991944
233600.525	250	0.65	-7.903089986991944
233831.08	250	0.655	-7.903089986991944
234373.063	250	0.66	-7.903089986991944
234702.486	250	0.665	-7.903089986991944
235143.771	250	0.67	-7.903089986991944
235667.75	250	0.675	-7.903089986991944
235961.543	250	0.68	-7.903089986991944
236337.9	250	0.685	-7.903089986991944
236682.571	250	0.69	-7.903089986991944
236943.643	250	0.695	-7.903089986991944
237236.321	250	0.7	-7.903089986991944
237691.441	250	0.705	-7.903089986991944
237910.001	250	0.71	-7.903089986991944
238398.205	250	0.715	-7.903089986991944
239008.149	250	0.72	-7.903089986991944
239624.679	250	0.725	-7.903089986991944
239892.891	250	0.73	-7.903089986991944
240319.72	250	0.735	-7.903089986991944
240814.713	250	0.74	-7.903089986991944
241285.801	250	0.745	-7.903089986991944
242143.214	250	0.75	-7.903089986991944
242625.029	250	0.755	-7.903089986991944
243344.24	250	0.76	-7.903089986991944
243988.429	250	0.765	-7.903089986991944
245017.064	250	0.77	-7.903089986991944
245900.504	250	0.775	-7.903089986991944
246057.534	250	0.78	-7.903089986991944
246336.649	250	0.785	-7.903089986991944
246966.3	250	0.79	-7.903089986991944
247420.272	250	0.795	-7.903089986991944
247984.7	250	0.8	-7.903089986991944
248573.186	250	0.805	-7.903089986991944
249503.145	250	0.81	-7.903089986991944
249859.93	250	0.815	-7.903089986991944
250832.079	250	0.82	-7.903089986991944
251120.62	250	0.825	-7.903089986991944
252528.521	250	0.83	-7.903089986991944
253563.655	250	0.835	-7.903089986991944
255136.4	250	0.84	-7.903089986991944
256447.918	250	0.845	-7.903089986991944
257523.346	250	0.85	-7.903089986991944
259301.643	250	0.855	-7.903089986991944
260801.557	250	0.86	-7.903089986991944
262593.284	250	0.865	-7.903089986991944
264409.157	250	0.87	-7.903089986991944
265820.5	250	0.875	-7.903089986991944
267744.523	250	0.88	-7.903089986991944
268836.479	250	0.885	-7.903089986991944
270479.686	250	0.89	-7.903089986991944
272646.302	250	0.895	-7.903089986991944
273648.714	250	0.9	-7.903089986991944
276086.55	250	0.905	-7.903089986991944
276482.199	250	0.91	-7.903089986991944
279106.985	250	0.915	-7.903089986991944
281912.063	250	0.92	-7.903089986991944
283896.354	250	0.925	-7.903089986991944
286811.309	250	0.93	-7.903089986991944
293246.254	250	0.935	-7.903089986991944
295883.066	250	0.94	-7.903089986991944
297394.647	250	0.945	-7.903089986991944
299943.571	250	0.95	-7.903089986991944
302307.7	250	0.955	-7.903089986991944
310614.731	250	0.96	-7.903089986991944
315159.412	250	0.965	-7.903089986991944
319963.988	250	0.97	-7.903089986991944
330094.78	250	0.975	-7.903089986991944
344317.301	250	0.98	-7.903089986991944
360952.143	250	0.985	-7.903089986991944
379384.614	250	0.99	-7.903089986991944
416087.204	250	0.995	-7.903089986991944
230502.143	275	0.5	-7.903089986991944
231224.164	275	0.505	-7.903089986991944
231424.329	275	0.51	-7.903089986991944
231542.668	275	0.515	-7.903089986991944
232372.171	275	0.52	-7.903089986991944
232663.18	275	0.525	-7.903089986991944
233140.105	275	0.53	-7.903089986991944
233341.021	275	0.535	-7.903089986991944
233791.167	275	0.54	-7.903089986991944
234248.807	275	0.545	-7.903089986991944
234524.957	275	0.55	-7.903089986991944
235009.981	275	0.555	-7.903089986991944
235274.594	275	0.56	-7.903089986991944
235771.021	275	0.565	-7.903089986991944
236464.029	275	0.57	-7.903089986991944
236792.571	275	0.575	-7.903089986991944
237206.464	275	0.58	-7.903089986991944
238207.507	275	0.585	-7.903089986991944
238804.314	275	0.59	-7.903089986991944
239489.543	275	0.595	-7.903089986991944
240135.557	275	0.6	-7.903089986991944
240414.288	275	0.605	-7.903089986991944
240684.743	275	0.61	-7.903089986991944
240990.457	275	0.615	-7.903089986991944
241286.976	275	0.62	-7.903089986991944
241723.036	275	0.625	-7.903089986991944
241903.338	275	0.63	-7.903089986991944
242361.702	275	0.635	-7.903089986991944
242783.583	275	0.64	-7.903089986991944
243058.434	275	0.645	-7.903089986991944
243599.0	275	0.65	-7.903089986991944
244263.653	275	0.655	-7.903089986991944
244477.514	275	0.66	-7.903089986991944
245151.798	275	0.665	-7.903089986991944
245582.686	275	0.67	-7.903089986991944
245842.571	275	0.675	-7.903089986991944
246053.349	275	0.68	-7.903089986991944
246419.587	275	0.685	-7.903089986991944
246820.23	275	0.69	-7.903089986991944
247449.158	275	0.695	-7.903089986991944
248449.907	275	0.7	-7.903089986991944
249074.514	275	0.705	-7.903089986991944
250040.179	275	0.71	-7.903089986991944
250399.41	275	0.715	-7.903089986991944
250835.931	275	0.72	-7.903089986991944
251130.198	275	0.725	-7.903089986991944
251802.48	275	0.73	-7.903089986991944
252075.109	275	0.735	-7.903089986991944
252412.809	275	0.74	-7.903089986991944
253205.775	275	0.745	-7.903089986991944
253414.643	275	0.75	-7.903089986991944
254260.829	275	0.755	-7.903089986991944
254442.566	275	0.76	-7.903089986991944
255051.329	275	0.765	-7.903089986991944
255322.729	275	0.77	-7.903089986991944
255794.19	275	0.775	-7.903089986991944
256802.429	275	0.78	-7.903089986991944
257683.821	275	0.785	-7.903089986991944
258047.571	275	0.79	-7.903089986991944
258616.325	275	0.795	-7.903089986991944
259361.986	275	0.8	-7.903089986991944
259849.756	275	0.805	-7.903089986991944
260396.385	275	0.81	-7.903089986991944
262025.014	275	0.815	-7.903089986991944
263316.329	275	0.82	-7.903089986991944
263986.109	275	0.825	-7.903089986991944
265401.447	275	0.83	-7.903089986991944
266850.371	275	0.835	-7.903089986991944
268530.0	275	0.84	-7.903089986991944
269083.21	275	0.845	-7.903089986991944
269717.525	275	0.85	-7.903089986991944
271794.24	275	0.855	-7.903089986991944
273520.899	275	0.86	-7.903089986991944
275192.855	275	0.865	-7.903089986991944
277643.914	275	0.87	-7.903089986991944
279941.321	275	0.875	-7.903089986991944
281093.257	275	0.88	-7.903089986991944
282862.139	275	0.885	-7.903089986991944
283567.443	275	0.89	-7.903089986991944
284701.507	275	0.895	-7.903089986991944
286814.936	275	0.9	-7.903089986991944
288127.893	275	0.905	-7.903089986991944
288966.029	275	0.91	-7.903089986991944
290666.587	275	0.915	-7.903089986991944
292856.14	275	0.92	-7.903089986991944
295266.071	275	0.925	-7.903089986991944
297242.548	275	0.93	-7.903089986991944
299286.303	275	0.935	-7.903089986991944
303348.743	275	0.94	-7.903089986991944
308934.107	275	0.945	-7.903089986991944
312864.857	275	0.95	-7.903089986991944
318262.206	275	0.955	-7.903089986991944
321368.171	275	0.96	-7.903089986991944
324266.7	275	0.965	-7.903089986991944
329887.274	275	0.97	-7.903089986991944
332163.225	275	0.975	-7.903089986991944
346094.629	275	0.98	-7.903089986991944
353316.176	275	0.985	-7.903089986991944
372268.83	275	0.99	-7.903089986991944
397993.92	275	0.995	-7.903089986991944
239802.143	300	0.5	-7.903089986991944
240266.657	300	0.505	-7.903089986991944
240603.004	300	0.51	-7.903089986991944
240902.575	300	0.515	-7.903089986991944
241194.814	300	0.52	-7.903089986991944
241489.643	300	0.525	-7.903089986991944
241987.509	300	0.53	-7.903089986991944
242380.526	300	0.535	-7.903089986991944
242669.124	300	0.54	-7.903089986991944
242990.69	300	0.545	-7.903089986991944
243553.007	300	0.55	-7.903089986991944
244111.342	300	0.555	-7.903089986991944
244364.84	300	0.56	-7.903089986991944
244626.712	300	0.565	-7.903089986991944
244952.016	300	0.57	-7.903089986991944
245500.577	300	0.575	-7.903089986991944
245815.429	300	0.58	-7.903089986991944
246005.022	300	0.585	-7.903089986991944
246147.744	300	0.59	-7.903089986991944
246775.745	300	0.595	-7.903089986991944
247035.429	300	0.6	-7.903089986991944
247465.643	300	0.605	-7.903089986991944
247707.243	300	0.61	-7.903089986991944
248413.864	300	0.615	-7.903089986991944
248821.914	300	0.62	-7.903089986991944
249019.67	300	0.625	-7.903089986991944
249494.612	300	0.63	-7.903089986991944
249937.391	300	0.635	-7.903089986991944
250446.831	300	0.64	-7.903089986991944
250870.936	300	0.645	-7.903089986991944
251370.407	300	0.65	-7.903089986991944
251968.945	300	0.655	-7.903089986991944
252354.647	300	0.66	-7.903089986991944
252691.867	300	0.665	-7.903089986991944
253451.214	300	0.67	-7.903089986991944
254206.905	300	0.675	-7.903089986991944
255232.834	300	0.68	-7.903089986991944
255495.672	300	0.685	-7.903089986991944
255794.621	300	0.69	-7.903089986991944
256010.706	300	0.695	-7.903089986991944
256250.164	300	0.7	-7.903089986991944
256953.608	300	0.705	-7.903089986991944
257337.705	300	0.71	-7.903089986991944
257600.728	300	0.715	-7.903089986991944
257832.463	300	0.72	-7.903089986991944
258591.329	300	0.725	-7.903089986991944
259075.234	300	0.73	-7.903089986991944
259444.414	300	0.735	-7.903089986991944
260269.981	300	0.74	-7.903089986991944
260794.303	300	0.745	-7.903089986991944
261643.696	300	0.75	-7.903089986991944
262340.739	300	0.755	-7.903089986991944
262799.934	300	0.76	-7.903089986991944
263699.076	300	0.765	-7.903089986991944
264272.157	300	0.77	-7.903089986991944
264839.362	300	0.775	-7.903089986991944
265861.806	300	0.78	-7.903089986991944
266152.1	300	0.785	-7.903089986991944
266643.229	300	0.79	-7.903089986991944
267635.95	300	0.795	-7.903089986991944
268741.843	300	0.8	-7.903089986991944
269513.487	300	0.805	-7.903089986991944
271191.329	300	0.81	-7.903089986991944
272885.832	300	0.815	-7.903089986991944
273859.737	300	0.82	-7.903089986991944
274977.321	300	0.825	-7.903089986991944
276026.076	300	0.83	-7.903089986991944
277378.316	300	0.835	-7.903089986991944
278529.523	300	0.84	-7.903089986991944
279616.064	300	0.845	-7.903089986991944
280411.286	300	0.85	-7.903089986991944
280909.165	300	0.855	-7.903089986991944
281949.086	300	0.86	-7.903089986991944
282456.712	300	0.865	-7.903089986991944
283943.081	300	0.87	-7.903089986991944
284874.464	300	0.875	-7.903089986991944
285652.58	300	0.88	-7.903089986991944
287506.598	300	0.885	-7.903089986991944
288307.801	300	0.89	-7.903089986991944
290082.95	300	0.895	-7.903089986991944
292210.014	300	0.9	-7.903089986991944
293480.031	300	0.905	-7.903089986991944
295273.122	300	0.91	-7.903089986991944
297172.5	300	0.915	-7.903089986991944
299011.293	300	0.92	-7.903089986991944
300468.473	300	0.925	-7.903089986991944
302208.739	300	0.93	-7.903089986991944
303849.779	300	0.935	-7.903089986991944
308129.114	300	0.94	-7.903089986991944
310741.1	300	0.945	-7.903089986991944
315617.45	300	0.95	-7.903089986991944
317135.493	300	0.955	-7.903089986991944
322327.943	300	0.96	-7.903089986991944
330610.855	300	0.965	-7.903089986991944
340369.759	300	0.97	-7.903089986991944
344729.57	300	0.975	-7.903089986991944
361642.601	300	0.98	-7.903089986991944
385543.563	300	0.985	-7.903089986991944
401545.571	300	0.99	-7.903089986991944
432630.407	300	0.995	-7.903089986991944
246237.286	325	0.5	-7.903089986991944
246530.593	325	0.505	-7.903089986991944
246831.314	325	0.51	-7.903089986991944
247248.636	325	0.515	-7.903089986991944
247666.197	325	0.52	-7.903089986991944
247903.321	325	0.525	-7.903089986991944
248153.799	325	0.53	-7.903089986991944
248387.01	325	0.535	-7.903089986991944
248764.347	325	0.54	-7.903089986991944
249150.479	325	0.545	-7.903089986991944
249716.293	325	0.55	-7.903089986991944
250062.575	325	0.555	-7.903089986991944
250492.629	325	0.56	-7.903089986991944
250998.394	325	0.565	-7.903089986991944
251561.186	325	0.57	-7.903089986991944
252316.813	325	0.575	-7.903089986991944
252869.029	325	0.58	-7.903089986991944
253198.921	325	0.585	-7.903089986991944
253525.929	325	0.59	-7.903089986991944
254140.419	325	0.595	-7.903089986991944
254403.686	325	0.6	-7.903089986991944
254669.9	325	0.605	-7.903089986991944
254831.456	325	0.61	-7.903089986991944
255141.93	325	0.615	-7.903089986991944
255772.939	325	0.62	-7.903089986991944
256385.0	325	0.625	-7.903089986991944
256668.919	325	0.63	-7.903089986991944
257193.893	325	0.635	-7.903089986991944
257536.3	325	0.64	-7.903089986991944
257807.078	325	0.645	-7.903089986991944
258061.714	325	0.65	-7.903089986991944
258448.021	325	0.655	-7.903089986991944
259011.314	325	0.66	-7.903089986991944
259792.95	325	0.665	-7.903089986991944
260717.986	325	0.67	-7.903089986991944
261450.977	325	0.675	-7.903089986991944
261854.077	325	0.68	-7.903089986991944
262531.972	325	0.685	-7.903089986991944
262796.949	325	0.69	-7.903089986991944
263062.713	325	0.695	-7.903089986991944
263642.379	325	0.7	-7.903089986991944
263993.429	325	0.705	-7.903089986991944
264224.799	325	0.71	-7.903089986991944
264987.606	325	0.715	-7.903089986991944
265593.594	325	0.72	-7.903089986991944
266183.925	325	0.725	-7.903089986991944
266976.948	325	0.73	-7.903089986991944
267703.029	325	0.735	-7.903089986991944
268123.81	325	0.74	-7.903089986991944
268674.318	325	0.745	-7.903089986991944
269380.429	325	0.75	-7.903089986991944
269742.629	325	0.755	-7.903089986991944
270504.34	325	0.76	-7.903089986991944
271580.998	325	0.765	-7.903089986991944
272247.753	325	0.77	-7.903089986991944
273755.02	325	0.775	-7.903089986991944
274592.873	325	0.78	-7.903089986991944
275743.378	325	0.785	-7.903089986991944
275983.286	325	0.79	-7.903089986991944
276737.686	325	0.795	-7.903089986991944
277643.014	325	0.8	-7.903089986991944
278608.65	325	0.805	-7.903089986991944
279077.916	325	0.81	-7.903089986991944
280402.34	325	0.815	-7.903089986991944
281657.987	325	0.82	-7.903089986991944
281928.929	325	0.825	-7.903089986991944
283234.851	325	0.83	-7.903089986991944
283932.757	325	0.835	-7.903089986991944
284578.763	325	0.84	-7.903089986991944
285186.814	325	0.845	-7.903089986991944
286149.493	325	0.85	-7.903089986991944
287433.932	325	0.855	-7.903089986991944
287864.471	325	0.86	-7.903089986991944
289390.853	325	0.865	-7.903089986991944
291398.8	325	0.87	-7.903089986991944
293735.865	325	0.875	-7.903089986991944
295119.38	325	0.88	-7.903089986991944
297688.918	325	0.885	-7.903089986991944
298852.411	325	0.89	-7.903089986991944
300104.422	325	0.895	-7.903089986991944
301017.429	325	0.9	-7.903089986991944
303123.515	325	0.905	-7.903089986991944
307489.034	325	0.91	-7.903089986991944
308654.35	325	0.915	-7.903089986991944
310255.706	325	0.92	-7.903089986991944
313184.396	325	0.925	-7.903089986991944
319414.029	325	0.93	-7.903089986991944
321527.6	325	0.935	-7.903089986991944
324624.057	325	0.94	-7.903089986991944
326543.321	325	0.945	-7.903089986991944
328998.714	325	0.95	-7.903089986991944
335472.224	325	0.955	-7.903089986991944
342186.631	325	0.96	-7.903089986991944
351935.407	325	0.965	-7.903089986991944
357936.086	325	0.97	-7.903089986991944
374459.082	325	0.975	-7.903089986991944
387135.897	325	0.98	-7.903089986991944
398863.921	325	0.985	-7.903089986991944
412149.814	325	0.99	-7.903089986991944
438013.771	325	0.995	-7.903089986991944
254461.536	350	0.5	-7.903089986991944
254720.506	350	0.505	-7.903089986991944
254898.444	350	0.51	-7.903089986991944
255084.07	350	0.515	-7.903089986991944
255367.511	350	0.52	-7.903089986991944
255782.857	350	0.525	-7.903089986991944
256315.157	350	0.53	-7.903089986991944
256714.858	350	0.535	-7.903089986991944
257531.214	350	0.54	-7.903089986991944
257841.289	350	0.545	-7.903089986991944
258291.064	350	0.55	-7.903089986991944
258575.775	350	0.555	-7.903089986991944
259173.231	350	0.56	-7.903089986991944
259555.802	350	0.565	-7.903089986991944
259844.602	350	0.57	-7.903089986991944
260004.541	350	0.575	-7.903089986991944
260541.571	350	0.58	-7.903089986991944
260839.347	350	0.585	-7.903089986991944
261207.412	350	0.59	-7.903089986991944
261832.521	350	0.595	-7.903089986991944
262662.857	350	0.6	-7.903089986991944
262967.771	350	0.605	-7.903089986991944
263558.685	350	0.61	-7.903089986991944
264251.979	350	0.615	-7.903089986991944
264415.459	350	0.62	-7.903089986991944
265071.473	350	0.625	-7.903089986991944
265872.769	350	0.63	-7.903089986991944
266289.206	350	0.635	-7.903089986991944
267014.114	350	0.64	-7.903089986991944
267153.291	350	0.645	-7.903089986991944
267865.239	350	0.65	-7.903089986991944
268509.118	350	0.655	-7.903089986991944
269268.667	350	0.66	-7.903089986991944
270091.79	350	0.665	-7.903089986991944
270344.976	350	0.67	-7.903089986991944
271480.141	350	0.675	-7.903089986991944
271929.94	350	0.68	-7.903089986991944
272373.539	350	0.685	-7.903089986991944
272755.439	350	0.69	-7.903089986991944
273427.136	350	0.695	-7.903089986991944
273704.764	350	0.7	-7.903089986991944
274172.293	350	0.705	-7.903089986991944
274534.073	350	0.71	-7.903089986991944
275152.914	350	0.715	-7.903089986991944
275996.18	350	0.72	-7.903089986991944
276799.341	350	0.725	-7.903089986991944
277549.414	350	0.73	-7.903089986991944
277955.279	350	0.735	-7.903089986991944
278512.553	350	0.74	-7.903089986991944
278962.75	350	0.745	-7.903089986991944
280825.911	350	0.75	-7.903089986991944
281338.646	350	0.755	-7.903089986991944
281856.443	350	0.76	-7.903089986991944
282366.579	350	0.765	-7.903089986991944
282925.343	350	0.77	-7.903089986991944
283545.268	350	0.775	-7.903089986991944
283849.286	350	0.78	-7.903089986991944
284968.634	350	0.785	-7.903089986991944
286008.914	350	0.79	-7.903089986991944
287082.176	350	0.795	-7.903089986991944
288372.571	350	0.8	-7.903089986991944
289775.121	350	0.805	-7.903089986991944
290788.515	350	0.81	-7.903089986991944
291704.286	350	0.815	-7.903089986991944
292509.857	350	0.82	-7.903089986991944
293430.321	350	0.825	-7.903089986991944
295051.967	350	0.83	-7.903089986991944
295631.607	350	0.835	-7.903089986991944
297313.943	350	0.84	-7.903089986991944
297929.91	350	0.845	-7.903089986991944
298719.071	350	0.85	-7.903089986991944
299190.385	350	0.855	-7.903089986991944
300342.261	350	0.86	-7.903089986991944
301120.719	350	0.865	-7.903089986991944
303009.8	350	0.87	-7.903089986991944
304620.598	350	0.875	-7.903089986991944
305969.297	350	0.88	-7.903089986991944
307256.492	350	0.885	-7.903089986991944
308784.858	350	0.89	-7.903089986991944
310192.757	350	0.895	-7.903089986991944
312537.221	350	0.9	-7.903089986991944
313266.914	350	0.905	-7.903089986991944
315828.16	350	0.91	-7.903089986991944
318437.463	350	0.915	-7.903089986991944
320677.149	350	0.92	-7.903089986991944
324512.107	350	0.925	-7.903089986991944
329915.859	350	0.93	-7.903089986991944
331153.6	350	0.935	-7.903089986991944
336111.886	350	0.94	-7.903089986991944
340832.341	350	0.945	-7.903089986991944
342992.929	350	0.95	-7.903089986991944
350744.693	350	0.955	-7.903089986991944
356464.32	350	0.96	-7.903089986991944
361529.074	350	0.965	-7.903089986991944
366291.7	350	0.97	-7.903089986991944
370980.957	350	0.975	-7.903089986991944
377589.543	350	0.98	-7.903089986991944
399730.149	350	0.985	-7.903089986991944
440132.0	350	0.99	-7.903089986991944
463737.615	350	0.995	-7.903089986991944
263400.714	375	0.5	-7.903089986991944
263945.792	375	0.505	-7.903089986991944
264663.457	375	0.51	-7.903089986991944
264963.809	375	0.515	-7.903089986991944
265508.911	375	0.52	-7.903089986991944
265884.5	375	0.525	-7.903089986991944
266431.414	375	0.53	-7.903089986991944
266960.886	375	0.535	-7.903089986991944
267318.876	375	0.54	-7.903089986991944
267907.949	375	0.545	-7.903089986991944
268155.714	375	0.55	-7.903089986991944
268578.61	375	0.555	-7.903089986991944
268820.971	375	0.56	-7.903089986991944
269376.212	375	0.565	-7.903089986991944
269692.516	375	0.57	-7.903089986991944
270266.607	375	0.575	-7.903089986991944
270630.6	375	0.58	-7.903089986991944
270896.862	375	0.585	-7.903089986991944
271409.428	375	0.59	-7.903089986991944
271743.879	375	0.595	-7.903089986991944
272142.486	375	0.6	-7.903089986991944
272474.014	375	0.605	-7.903089986991944
272803.485	375	0.61	-7.903089986991944
273541.543	375	0.615	-7.903089986991944
273774.987	375	0.62	-7.903089986991944
274468.804	375	0.625	-7.903089986991944
274831.659	375	0.63	-7.903089986991944
275831.642	375	0.635	-7.903089986991944
276338.291	375	0.64	-7.903089986991944
276705.786	375	0.645	-7.903089986991944
277245.5	375	0.65	-7.903089986991944
277966.821	375	0.655	-7.903089986991944
278465.29	375	0.66	-7.903089986991944
278889.776	375	0.665	-7.903089986991944
279442.057	375	0.67	-7.903089986991944
279672.764	375	0.675	-7.903089986991944
279928.297	375	0.68	-7.903089986991944
280341.421	375	0.685	-7.903089986991944
280971.436	375	0.69	-7.903089986991944
281546.425	375	0.695	-7.903089986991944
282046.85	375	0.7	-7.903089986991944
282369.135	375	0.705	-7.903089986991944
283302.734	375	0.71	-7.903089986991944
283769.936	375	0.715	-7.903089986991944
284389.983	375	0.72	-7.903089986991944
285403.052	375	0.725	-7.903089986991944
286139.071	375	0.73	-7.903089986991944
286572.96	375	0.735	-7.903089986991944
287094.956	375	0.74	-7.903089986991944
288207.475	375	0.745	-7.903089986991944
288571.804	375	0.75	-7.903089986991944
289565.652	375	0.755	-7.903089986991944
289924.751	375	0.76	-7.903089986991944
290299.852	375	0.765	-7.903089986991944
290972.414	375	0.77	-7.903089986991944
291741.302	375	0.775	-7.903089986991944
292412.217	375	0.78	-7.903089986991944
293085.712	375	0.785	-7.903089986991944
293477.357	375	0.79	-7.903089986991944
294717.835	375	0.795	-7.903089986991944
296495.429	375	0.8	-7.903089986991944
297441.393	375	0.805	-7.903089986991944
297804.387	375	0.81	-7.903089986991944
298442.874	375	0.815	-7.903089986991944
299457.943	375	0.82	-7.903089986991944
300450.382	375	0.825	-7.903089986991944
301421.426	375	0.83	-7.903089986991944
302574.524	375	0.835	-7.903089986991944
303622.231	375	0.84	-7.903089986991944
305050.782	375	0.845	-7.903089986991944
306271.357	375	0.85	-7.903089986991944
308262.055	375	0.855	-7.903089986991944
311180.429	375	0.86	-7.903089986991944
312574.651	375	0.865	-7.903089986991944
313924.462	375	0.87	-7.903089986991944
316266.661	375	0.875	-7.903089986991944
318115.403	375	0.88	-7.903089986991944
318818.804	375	0.885	-7.903089986991944
321420.805	375	0.89	-7.903089986991944
322852.078	375	0.895	-7.903089986991944
325419.021	375	0.9	-7.903089986991944
327265.537	375	0.905	-7.903089986991944
330555.292	375	0.91	-7.903089986991944
333552.289	375	0.915	-7.903089986991944
336760.8	375	0.92	-7.903089986991944
337825.398	375	0.925	-7.903089986991944
339500.341	375	0.93	-7.903089986991944
342338.671	375	0.935	-7.903089986991944
343953.047	375	0.94	-7.903089986991944
347129.045	375	0.945	-7.903089986991944
353636.857	375	0.95	-7.903089986991944
357188.186	375	0.955	-7.903089986991944
363573.029	375	0.96	-7.903089986991944
365840.403	375	0.965	-7.903089986991944
369495.829	375	0.97	-7.903089986991944
376183.355	375	0.975	-7.903089986991944
392539.869	375	0.98	-7.903089986991944
417053.84	375	0.985	-7.903089986991944
428450.914	375	0.99	-7.903089986991944
458152.357	375	0.995	-7.903089986991944
272727.214	400	0.5	-7.903089986991944
273038.05	400	0.505	-7.903089986991944
273729.694	400	0.51	-7.903089986991944
274088.927	400	0.515	-7.903089986991944
274550.331	400	0.52	-7.903089986991944
275371.391	400	0.525	-7.903089986991944
275571.209	400	0.53	-7.903089986991944
275987.468	400	0.535	-7.903089986991944
276306.683	400	0.54	-7.903089986991944
276690.674	400	0.545	-7.903089986991944
277427.921	400	0.55	-7.903089986991944
278261.497	400	0.555	-7.903089986991944
278633.034	400	0.56	-7.903089986991944
279199.421	400	0.565	-7.903089986991944
279584.219	400	0.57	-7.903089986991944
280369.118	400	0.575	-7.903089986991944
280686.847	400	0.58	-7.903089986991944
281162.857	400	0.585	-7.903089986991944
281417.536	400	0.59	-7.903089986991944
281949.986	400	0.595	-7.903089986991944
282600.414	400	0.6	-7.903089986991944
283273.473	400	0.605	-7.903089986991944
283922.971	400	0.61	-7.903089986991944
284576.867	400	0.615	-7.903089986991944
284736.26	400	0.62	-7.903089986991944
285325.027	400	0.625	-7.903089986991944
285890.745	400	0.63	-7.903089986991944
286198.584	400	0.635	-7.903089986991944
286627.131	400	0.64	-7.903089986991944
287052.493	400	0.645	-7.903089986991944
287385.714	400	0.65	-7.903089986991944
288154.504	400	0.655	-7.903089986991944
289517.747	400	0.66	-7.903089986991944
289844.779	400	0.665	-7.903089986991944
290283.109	400	0.67	-7.903089986991944
290552.309	400	0.675	-7.903089986991944
291438.711	400	0.68	-7.903089986991944
291790.571	400	0.685	-7.903089986991944
292446.597	400	0.69	-7.903089986991944
293275.73	400	0.695	-7.903089986991944
293979.443	400	0.7	-7.903089986991944
294510.136	400	0.705	-7.903089986991944
294959.339	400	0.71	-7.903089986991944
295705.693	400	0.715	-7.903089986991944
296076.971	400	0.72	-7.903089986991944
296497.163	400	0.725	-7.903089986991944
297121.033	400	0.73	-7.903089986991944
297806.0	400	0.735	-7.903089986991944
298403.143	400	0.74	-7.903089986991944
298889.925	400	0.745	-7.903089986991944
299685.839	400	0.75	-7.903089986991944
301290.723	400	0.755	-7.903089986991944
302097.334	400	0.76	-7.903089986991944
302864.302	400	0.765	-7.903089986991944
304709.688	400	0.77	-7.903089986991944
305477.802	400	0.775	-7.903089986991944
306419.441	400	0.78	-7.903089986991944
307501.95	400	0.785	-7.903089986991944
308997.214	400	0.79	-7.903089986991944
309922.357	400	0.795	-7.903089986991944
311308.671	400	0.8	-7.903089986991944
312139.519	400	0.805	-7.903089986991944
313549.615	400	0.81	-7.903089986991944
315856.269	400	0.815	-7.903089986991944
317467.38	400	0.82	-7.903089986991944
319604.679	400	0.825	-7.903089986991944
322249.1	400	0.83	-7.903089986991944
323393.49	400	0.835	-7.903089986991944
323949.429	400	0.84	-7.903089986991944
325247.579	400	0.845	-7.903089986991944
326736.286	400	0.85	-7.903089986991944
328940.121	400	0.855	-7.903089986991944
330138.519	400	0.86	-7.903089986991944
330952.136	400	0.865	-7.903089986991944
332351.529	400	0.87	-7.903089986991944
333639.17	400	0.875	-7.903089986991944
334488.663	400	0.88	-7.903089986991944
336445.386	400	0.885	-7.903089986991944
339828.886	400	0.89	-7.903089986991944
341805.764	400	0.895	-7.903089986991944
343085.921	400	0.9	-7.903089986991944
344605.907	400	0.905	-7.903089986991944
345820.441	400	0.91	-7.903089986991944
349088.108	400	0.915	-7.903089986991944
354418.64	400	0.92	-7.903089986991944
356387.959	400	0.925	-7.903089986991944
362542.909	400	0.93	-7.903089986991944
366574.091	400	0.935	-7.903089986991944
371966.229	400	0.94	-7.903089986991944
379783.805	400	0.945	-7.903089986991944
389366.857	400	0.95	-7.903089986991944
395118.786	400	0.955	-7.903089986991944
396857.154	400	0.96	-7.903089986991944
400597.214	400	0.965	-7.903089986991944
412668.19	400	0.97	-7.903089986991944
425673.873	400	0.975	-7.903089986991944
438807.953	400	0.98	-7.903089986991944
498126.964	400	0.985	-7.903089986991944
573551.002	400	0.99	-7.903089986991944
602720.842	400	0.995	-7.903089986991944
277168.679	425	0.5	-7.903089986991944
277903.978	425	0.505	-7.903089986991944
278762.999	425	0.51	-7.903089986991944
279843.918	425	0.515	-7.903089986991944
280289.123	425	0.52	-7.903089986991944
280538.139	425	0.525	-7.903089986991944
281243.153	425	0.53	-7.903089986991944
281651.993	425	0.535	-7.903089986991944
281915.4	425	0.54	-7.903089986991944
282310.464	425	0.545	-7.903089986991944
282618.857	425	0.55	-7.903089986991944
283277.314	425	0.555	-7.903089986991944
283972.211	425	0.56	-7.903089986991944
284531.624	425	0.565	-7.903089986991944
285190.284	425	0.57	-7.903089986991944
285735.262	425	0.575	-7.903089986991944
286379.39	425	0.58	-7.903089986991944
286957.166	425	0.585	-7.903089986991944
287284.946	425	0.59	-7.903089986991944
287796.014	425	0.595	-7.903089986991944
288268.029	425	0.6	-7.903089986991944
288726.279	425	0.605	-7.903089986991944
289205.642	425	0.61	-7.903089986991944
289629.559	425	0.615	-7.903089986991944
290372.027	425	0.62	-7.903089986991944
290886.098	425	0.625	-7.903089986991944
291390.778	425	0.63	-7.903089986991944
292416.583	425	0.635	-7.903089986991944
293083.314	425	0.64	-7.903089986991944
293895.699	425	0.645	-7.903089986991944
294583.379	425	0.65	-7.903089986991944
294884.929	425	0.655	-7.903089986991944
295379.647	425	0.66	-7.903089986991944
296963.953	425	0.665	-7.903089986991944
297735.366	425	0.67	-7.903089986991944
298602.498	425	0.675	-7.903089986991944
299041.257	425	0.68	-7.903089986991944
299367.752	425	0.685	-7.903089986991944
299910.557	425	0.69	-7.903089986991944
300303.436	425	0.695	-7.903089986991944
300780.029	425	0.7	-7.903089986991944
301252.904	425	0.705	-7.903089986991944
301536.978	425	0.71	-7.903089986991944
302429.129	425	0.715	-7.903089986991944
303402.894	425	0.72	-7.903089986991944
304267.786	425	0.725	-7.903089986991944
305098.215	425	0.73	-7.903089986991944
305720.817	425	0.735	-7.903089986991944
306617.509	425	0.74	-7.903089986991944
307389.989	425	0.745	-7.903089986991944
307533.357	425	0.75	-7.903089986991944
308366.364	425	0.755	-7.903089986991944
308719.583	425	0.76	-7.903089986991944
309532.097	425	0.765	-7.903089986991944
310859.084	425	0.77	-7.903089986991944
311867.0	425	0.775	-7.903089986991944
312092.414	425	0.78	-7.903089986991944
312931.73	425	0.785	-7.903089986991944
315400.286	425	0.79	-7.903089986991944
315893.65	425	0.795	-7.903089986991944
316674.3	425	0.8	-7.903089986991944
317849.421	425	0.805	-7.903089986991944
318894.769	425	0.81	-7.903089986991944
319774.956	425	0.815	-7.903089986991944
321156.656	425	0.82	-7.903089986991944
322178.261	425	0.825	-7.903089986991944
323892.912	425	0.83	-7.903089986991944
324523.354	425	0.835	-7.903089986991944
325223.26	425	0.84	-7.903089986991944
326345.875	425	0.845	-7.903089986991944
327277.132	425	0.85	-7.903089986991944
328988.146	425	0.855	-7.903089986991944
329933.49	425	0.86	-7.903089986991944
331758.588	425	0.865	-7.903089986991944
335174.666	425	0.87	-7.903089986991944
336388.241	425	0.875	-7.903089986991944
338694.009	425	0.88	-7.903089986991944
340523.586	425	0.885	-7.903089986991944
341978.357	425	0.89	-7.903089986991944
344287.397	425	0.895	-7.903089986991944
346278.443	425	0.9	-7.903089986991944
349182.041	425	0.905	-7.903089986991944
350779.922	425	0.91	-7.903089986991944
354565.482	425	0.915	-7.903089986991944
357585.257	425	0.92	-7.903089986991944
361115.5	425	0.925	-7.903089986991944
364024.4	425	0.93	-7.903089986991944
367488.918	425	0.935	-7.903089986991944
372090.347	425	0.94	-7.903089986991944
375356.357	425	0.945	-7.903089986991944
381069.564	425	0.95	-7.903089986991944
384966.933	425	0.955	-7.903089986991944
392388.743	425	0.96	-7.903089986991944
397313.481	425	0.965	-7.903089986991944
408501.686	425	0.97	-7.903089986991944
422224.652	425	0.975	-7.903089986991944
441232.71	425	0.98	-7.903089986991944
451663.071	425	0.985	-7.903089986991944
465974.971	425	0.99	-7.903089986991944
486886.503	425	0.995	-7.903089986991944
283832.179	450	0.5	-7.903089986991944
284337.664	450	0.505	-7.903089986991944
284887.373	450	0.51	-7.903089986991944
285288.535	450	0.515	-7.903089986991944
286189.406	450	0.52	-7.903089986991944
286737.821	450	0.525	-7.903089986991944
287028.324	450	0.53	-7.903089986991944
287223.421	450	0.535	-7.903089986991944
287411.043	450	0.54	-7.903089986991944
287920.436	450	0.545	-7.903089986991944
288483.814	450	0.55	-7.903089986991944
289588.318	450	0.555	-7.903089986991944
289959.689	450	0.56	-7.903089986991944
290129.29	450	0.565	-7.903089986991944
290656.641	450	0.57	-7.903089986991944
291213.566	450	0.575	-7.903089986991944
292559.229	450	0.58	-7.903089986991944
293309.621	450	0.585	-7.903089986991944
294192.599	450	0.59	-7.903089986991944
294631.629	450	0.595	-7.903089986991944
295418.143	450	0.6	-7.903089986991944
295763.164	450	0.605	-7.903089986991944
296665.343	450	0.61	-7.903089986991944
297212.257	450	0.615	-7.903089986991944
297749.486	450	0.62	-7.903089986991944
298339.536	450	0.625	-7.903089986991944
299061.143	450	0.63	-7.903089986991944
299866.851	450	0.635	-7.903089986991944
300091.277	450	0.64	-7.903089986991944
300548.671	450	0.645	-7.903089986991944
300965.243	450	0.65	-7.903089986991944
301327.131	450	0.655	-7.903089986991944
302135.343	450	0.66	-7.903089986991944
302591.993	450	0.665	-7.903089986991944
302773.729	450	0.67	-7.903089986991944
303425.084	450	0.675	-7.903089986991944
304507.657	450	0.68	-7.903089986991944
304959.454	450	0.685	-7.903089986991944
305835.574	450	0.69	-7.903089986991944
306527.814	450	0.695	-7.903089986991944
307595.843	450	0.7	-7.903089986991944
308257.329	450	0.705	-7.903089986991944
308905.7	450	0.71	-7.903089986991944
310162.87	450	0.715	-7.903089986991944
311129.569	450	0.72	-7.903089986991944
311857.802	450	0.725	-7.903089986991944
312371.394	450	0.73	-7.903089986991944
313150.179	450	0.735	-7.903089986991944
314825.44	450	0.74	-7.903089986991944
316043.604	450	0.745	-7.903089986991944
316952.107	450	0.75	-7.903089986991944
317513.807	450	0.755	-7.903089986991944
317967.1	450	0.76	-7.903089986991944
318456.343	450	0.765	-7.903089986991944
319848.524	450	0.77	-7.903089986991944
320245.841	450	0.775	-7.903089986991944
320804.764	450	0.78	-7.903089986991944
321955.293	450	0.785	-7.903089986991944
323065.213	450	0.79	-7.903089986991944
324611.936	450	0.795	-7.903089986991944
325010.871	450	0.8	-7.903089986991944
325718.951	450	0.805	-7.903089986991944
326579.299	450	0.81	-7.903089986991944
327697.862	450	0.815	-7.903089986991944
328912.493	450	0.82	-7.903089986991944
330389.891	450	0.825	-7.903089986991944
331224.937	450	0.83	-7.903089986991944
332443.604	450	0.835	-7.903089986991944
334334.871	450	0.84	-7.903089986991944
337572.001	450	0.845	-7.903089986991944
338540.693	450	0.85	-7.903089986991944
339951.699	450	0.855	-7.903089986991944
342686.794	450	0.86	-7.903089986991944
344708.896	450	0.865	-7.903089986991944
345993.024	450	0.87	-7.903089986991944
347942.848	450	0.875	-7.903089986991944
350475.766	450	0.88	-7.903089986991944
352042.407	450	0.885	-7.903089986991944
353334.208	450	0.89	-7.903089986991944
355957.842	450	0.895	-7.903089986991944
356538.35	450	0.9	-7.903089986991944
359257.356	450	0.905	-7.903089986991944
361133.764	450	0.91	-7.903089986991944
363589.129	450	0.915	-7.903089986991944
366255.849	450	0.92	-7.903089986991944
369206.352	450	0.925	-7.903089986991944
371460.366	450	0.93	-7.903089986991944
377787.396	450	0.935	-7.903089986991944
386247.371	450	0.94	-7.903089986991944
388858.161	450	0.945	-7.903089986991944
394933.864	450	0.95	-7.903089986991944
401098.882	450	0.955	-7.903089986991944
410358.429	450	0.96	-7.903089986991944
416808.035	450	0.965	-7.903089986991944
427273.971	450	0.97	-7.903089986991944
440195.525	450	0.975	-7.903089986991944
444854.0	450	0.98	-7.903089986991944
474399.101	450	0.985	-7.903089986991944
498303.643	450	0.99	-7.903089986991944
530125.736	450	0.995	-7.903089986991944
