S*_score	SNP_num	quantile	log(local_recomb_rate)
147179.936	25	0.5	-7.903089986991944
147552.5	25	0.505	-7.903089986991944
147746.786	25	0.51	-7.903089986991944
148725.312	25	0.515	-7.903089986991944
149576.667	25	0.52	-7.903089986991944
149991.786	25	0.525	-7.903089986991944
150362.143	25	0.53	-7.903089986991944
151141.384	25	0.535	-7.903089986991944
151604.929	25	0.54	-7.903089986991944
151911.429	25	0.545	-7.903089986991944
152327.0	25	0.55	-7.903089986991944
153096.111	25	0.555	-7.903089986991944
153335.714	25	0.56	-7.903089986991944
153980.714	25	0.565	-7.903089986991944
154397.995	25	0.57	-7.903089986991944
154802.848	25	0.575	-7.903089986991944
155219.956	25	0.58	-7.903089986991944
155433.75	25	0.585	-7.903089986991944
156076.071	25	0.59	-7.903089986991944
156578.317	25	0.595	-7.903089986991944
156987.214	25	0.6	-7.903089986991944
157376.538	25	0.605	-7.903089986991944
158717.44	25	0.61	-7.903089986991944
159443.179	25	0.615	-7.903089986991944
159867.403	25	0.62	-7.903089986991944
160102.143	25	0.625	-7.903089986991944
160431.696	25	0.63	-7.903089986991944
161003.214	25	0.635	-7.903089986991944
161520.0	25	0.64	-7.903089986991944
161967.268	25	0.645	-7.903089986991944
162682.435	25	0.65	-7.903089986991944
163665.0	25	0.655	-7.903089986991944
164053.571	25	0.66	-7.903089986991944
164578.125	25	0.665	-7.903089986991944
165396.857	25	0.67	-7.903089986991944
165889.125	25	0.675	-7.903089986991944
166752.857	25	0.68	-7.903089986991944
167317.917	25	0.685	-7.903089986991944
168155.11	25	0.69	-7.903089986991944
169046.429	25	0.695	-7.903089986991944
169480.549	25	0.7	-7.903089986991944
170231.5	25	0.705	-7.903089986991944
170700.696	25	0.71	-7.903089986991944
171311.786	25	0.715	-7.903089986991944
171635.385	25	0.72	-7.903089986991944
171778.384	25	0.725	-7.903089986991944
172277.5	25	0.73	-7.903089986991944
172831.071	25	0.735	-7.903089986991944
173704.231	25	0.74	-7.903089986991944
174502.5	25	0.745	-7.903089986991944
174806.071	25	0.75	-7.903089986991944
175199.295	25	0.755	-7.903089986991944
175921.0	25	0.76	-7.903089986991944
176612.143	25	0.765	-7.903089986991944
177295.357	25	0.77	-7.903089986991944
177581.538	25	0.775	-7.903089986991944
177793.885	25	0.78	-7.903089986991944
178374.478	25	0.785	-7.903089986991944
179115.0	25	0.79	-7.903089986991944
179667.75	25	0.795	-7.903089986991944
180424.286	25	0.8	-7.903089986991944
181706.25	25	0.805	-7.903089986991944
182707.893	25	0.81	-7.903089986991944
183260.575	25	0.815	-7.903089986991944
183812.143	25	0.82	-7.903089986991944
184716.429	25	0.825	-7.903089986991944
185521.107	25	0.83	-7.903089986991944
186221.795	25	0.835	-7.903089986991944
187514.286	25	0.84	-7.903089986991944
188368.036	25	0.845	-7.903089986991944
188810.393	25	0.85	-7.903089986991944
189340.0	25	0.855	-7.903089986991944
190233.536	25	0.86	-7.903089986991944
191364.302	25	0.865	-7.903089986991944
192084.643	25	0.87	-7.903089986991944
192657.857	25	0.875	-7.903089986991944
193080.0	25	0.88	-7.903089986991944
194171.786	25	0.885	-7.903089986991944
195790.446	25	0.89	-7.903089986991944
196385.92	25	0.895	-7.903089986991944
196829.75	25	0.9	-7.903089986991944
197264.286	25	0.905	-7.903089986991944
198507.5	25	0.91	-7.903089986991944
199344.286	25	0.915	-7.903089986991944
199725.714	25	0.92	-7.903089986991944
201478.75	25	0.925	-7.903089986991944
202752.857	25	0.93	-7.903089986991944
203416.786	25	0.935	-7.903089986991944
205840.0	25	0.94	-7.903089986991944
208143.929	25	0.945	-7.903089986991944
208640.714	25	0.95	-7.903089986991944
209668.929	25	0.955	-7.903089986991944
211165.714	25	0.96	-7.903089986991944
212307.679	25	0.965	-7.903089986991944
214804.286	25	0.97	-7.903089986991944
216418.929	25	0.975	-7.903089986991944
217571.429	25	0.98	-7.903089986991944
220150.179	25	0.985	-7.903089986991944
223461.152	25	0.99	-7.903089986991944
229858.214	25	0.995	-7.903089986991944
197318.571	50	0.5	-7.903089986991944
197671.494	50	0.505	-7.903089986991944
198033.363	50	0.51	-7.903089986991944
198642.343	50	0.515	-7.903089986991944
198779.257	50	0.52	-7.903089986991944
199381.293	50	0.525	-7.903089986991944
199894.857	50	0.53	-7.903089986991944
200539.276	50	0.535	-7.903089986991944
200942.971	50	0.54	-7.903089986991944
201355.486	50	0.545	-7.903089986991944
202026.857	50	0.55	-7.903089986991944
202954.17	50	0.555	-7.903089986991944
203595.6	50	0.56	-7.903089986991944
204353.024	50	0.565	-7.903089986991944
204732.16	50	0.57	-7.903089986991944
205132.143	50	0.575	-7.903089986991944
205560.286	50	0.58	-7.903089986991944
206389.914	50	0.585	-7.903089986991944
206858.171	50	0.59	-7.903089986991944
207411.457	50	0.595	-7.903089986991944
208056.371	50	0.6	-7.903089986991944
208346.714	50	0.605	-7.903089986991944
208661.714	50	0.61	-7.903089986991944
209369.819	50	0.615	-7.903089986991944
209891.943	50	0.62	-7.903089986991944
210025.429	50	0.625	-7.903089986991944
210467.806	50	0.63	-7.903089986991944
210985.799	50	0.635	-7.903089986991944
211328.4	50	0.64	-7.903089986991944
211848.233	50	0.645	-7.903089986991944
212411.429	50	0.65	-7.903089986991944
213003.029	50	0.655	-7.903089986991944
213649.029	50	0.66	-7.903089986991944
214113.523	50	0.665	-7.903089986991944
214383.306	50	0.67	-7.903089986991944
214594.429	50	0.675	-7.903089986991944
214871.314	50	0.68	-7.903089986991944
215367.686	50	0.685	-7.903089986991944
215770.629	50	0.69	-7.903089986991944
216259.173	50	0.695	-7.903089986991944
216661.429	50	0.7	-7.903089986991944
217159.0	50	0.705	-7.903089986991944
217555.657	50	0.71	-7.903089986991944
217870.237	50	0.715	-7.903089986991944
218788.171	50	0.72	-7.903089986991944
219043.857	50	0.725	-7.903089986991944
219607.486	50	0.73	-7.903089986991944
220124.571	50	0.735	-7.903089986991944
220515.886	50	0.74	-7.903089986991944
221133.886	50	0.745	-7.903089986991944
221544.286	50	0.75	-7.903089986991944
221922.523	50	0.755	-7.903089986991944
222102.743	50	0.76	-7.903089986991944
222682.8	50	0.765	-7.903089986991944
223072.8	50	0.77	-7.903089986991944
223451.857	50	0.775	-7.903089986991944
223724.8	50	0.78	-7.903089986991944
224341.59	50	0.785	-7.903089986991944
224703.943	50	0.79	-7.903089986991944
225223.286	50	0.795	-7.903089986991944
225759.429	50	0.8	-7.903089986991944
226219.313	50	0.805	-7.903089986991944
226592.229	50	0.81	-7.903089986991944
227108.914	50	0.815	-7.903089986991944
227426.971	50	0.82	-7.903089986991944
227587.429	50	0.825	-7.903089986991944
227996.229	50	0.83	-7.903089986991944
228669.249	50	0.835	-7.903089986991944
229454.571	50	0.84	-7.903089986991944
229827.741	50	0.845	-7.903089986991944
231105.714	50	0.85	-7.903089986991944
232128.71	50	0.855	-7.903089986991944
232614.971	50	0.86	-7.903089986991944
233366.197	50	0.865	-7.903089986991944
233769.6	50	0.87	-7.903089986991944
234237.143	50	0.875	-7.903089986991944
234949.279	50	0.88	-7.903089986991944
235542.776	50	0.885	-7.903089986991944
236234.457	50	0.89	-7.903089986991944
236900.171	50	0.895	-7.903089986991944
237628.0	50	0.9	-7.903089986991944
238676.094	50	0.905	-7.903089986991944
239326.171	50	0.91	-7.903089986991944
240142.714	50	0.915	-7.903089986991944
241491.771	50	0.92	-7.903089986991944
242299.571	50	0.925	-7.903089986991944
242957.6	50	0.93	-7.903089986991944
243415.829	50	0.935	-7.903089986991944
244789.971	50	0.94	-7.903089986991944
247610.666	50	0.945	-7.903089986991944
248712.571	50	0.95	-7.903089986991944
249744.771	50	0.955	-7.903089986991944
253354.931	50	0.96	-7.903089986991944
255836.086	50	0.965	-7.903089986991944
256968.229	50	0.97	-7.903089986991944
258451.143	50	0.975	-7.903089986991944
262697.486	50	0.98	-7.903089986991944
265873.63	50	0.985	-7.903089986991944
269525.257	50	0.99	-7.903089986991944
279063.465	50	0.995	-7.903089986991944
232894.286	75	0.5	-7.903089986991944
233248.14	75	0.505	-7.903089986991944
233615.626	75	0.51	-7.903089986991944
233775.514	75	0.515	-7.903089986991944
234016.457	75	0.52	-7.903089986991944
234679.0	75	0.525	-7.903089986991944
235148.29	75	0.53	-7.903089986991944
235453.0	75	0.535	-7.903089986991944
235953.171	75	0.54	-7.903089986991944
236399.878	75	0.545	-7.903089986991944
236675.429	75	0.55	-7.903089986991944
236984.543	75	0.555	-7.903089986991944
237263.771	75	0.56	-7.903089986991944
238135.229	75	0.565	-7.903089986991944
238461.486	75	0.57	-7.903089986991944
239151.743	75	0.575	-7.903089986991944
239455.406	75	0.58	-7.903089986991944
239887.222	75	0.585	-7.903089986991944
240210.169	75	0.59	-7.903089986991944
240864.66	75	0.595	-7.903089986991944
241288.429	75	0.6	-7.903089986991944
241725.6	75	0.605	-7.903089986991944
242112.894	75	0.61	-7.903089986991944
242421.656	75	0.615	-7.903089986991944
242744.0	75	0.62	-7.903089986991944
243225.714	75	0.625	-7.903089986991944
243417.716	75	0.63	-7.903089986991944
243610.648	75	0.635	-7.903089986991944
243920.106	75	0.64	-7.903089986991944
244257.343	75	0.645	-7.903089986991944
244839.386	75	0.65	-7.903089986991944
245225.914	75	0.655	-7.903089986991944
245481.543	75	0.66	-7.903089986991944
245609.93	75	0.665	-7.903089986991944
246176.029	75	0.67	-7.903089986991944
246460.929	75	0.675	-7.903089986991944
246964.857	75	0.68	-7.903089986991944
247642.645	75	0.685	-7.903089986991944
248724.829	75	0.69	-7.903089986991944
249116.4	75	0.695	-7.903089986991944
249639.4	75	0.7	-7.903089986991944
250592.443	75	0.705	-7.903089986991944
251373.486	75	0.71	-7.903089986991944
251965.418	75	0.715	-7.903089986991944
252716.229	75	0.72	-7.903089986991944
253230.643	75	0.725	-7.903089986991944
253554.371	75	0.73	-7.903089986991944
253793.88	75	0.735	-7.903089986991944
254059.349	75	0.74	-7.903089986991944
254493.857	75	0.745	-7.903089986991944
255635.464	75	0.75	-7.903089986991944
255962.714	75	0.755	-7.903089986991944
256120.551	75	0.76	-7.903089986991944
256421.673	75	0.765	-7.903089986991944
257008.571	75	0.77	-7.903089986991944
257276.643	75	0.775	-7.903089986991944
257877.771	75	0.78	-7.903089986991944
258037.214	75	0.785	-7.903089986991944
258629.2	75	0.79	-7.903089986991944
259004.9	75	0.795	-7.903089986991944
259294.314	75	0.8	-7.903089986991944
259683.014	75	0.805	-7.903089986991944
260230.657	75	0.81	-7.903089986991944
261049.516	75	0.815	-7.903089986991944
261601.383	75	0.82	-7.903089986991944
262080.214	75	0.825	-7.903089986991944
262453.591	75	0.83	-7.903089986991944
262967.257	75	0.835	-7.903089986991944
263591.649	75	0.84	-7.903089986991944
264193.286	75	0.845	-7.903089986991944
264975.143	75	0.85	-7.903089986991944
265509.943	75	0.855	-7.903089986991944
266688.229	75	0.86	-7.903089986991944
267393.109	75	0.865	-7.903089986991944
268380.971	75	0.87	-7.903089986991944
269606.429	75	0.875	-7.903089986991944
270498.857	75	0.88	-7.903089986991944
270594.349	75	0.885	-7.903089986991944
271390.343	75	0.89	-7.903089986991944
272594.271	75	0.895	-7.903089986991944
274174.0	75	0.9	-7.903089986991944
275187.857	75	0.905	-7.903089986991944
276784.057	75	0.91	-7.903089986991944
277544.83	75	0.915	-7.903089986991944
278664.114	75	0.92	-7.903089986991944
280469.571	75	0.925	-7.903089986991944
281314.289	75	0.93	-7.903089986991944
283098.119	75	0.935	-7.903089986991944
284444.114	75	0.94	-7.903089986991944
285373.371	75	0.945	-7.903089986991944
287383.714	75	0.95	-7.903089986991944
288381.943	75	0.955	-7.903089986991944
290322.743	75	0.96	-7.903089986991944
294669.057	75	0.965	-7.903089986991944
296109.314	75	0.97	-7.903089986991944
299206.386	75	0.975	-7.903089986991944
302636.343	75	0.98	-7.903089986991944
307043.814	75	0.985	-7.903089986991944
320976.171	75	0.99	-7.903089986991944
330155.6	75	0.995	-7.903089986991944
261755.714	100	0.5	-7.903089986991944
262208.441	100	0.505	-7.903089986991944
262639.386	100	0.51	-7.903089986991944
262953.4	100	0.515	-7.903089986991944
263405.943	100	0.52	-7.903089986991944
263548.65	100	0.525	-7.903089986991944
263880.157	100	0.53	-7.903089986991944
264161.857	100	0.535	-7.903089986991944
264596.051	100	0.54	-7.903089986991944
264904.05	100	0.545	-7.903089986991944
265315.896	100	0.55	-7.903089986991944
265647.292	100	0.555	-7.903089986991944
266594.743	100	0.56	-7.903089986991944
266917.15	100	0.565	-7.903089986991944
267259.029	100	0.57	-7.903089986991944
267925.143	100	0.575	-7.903089986991944
268319.057	100	0.58	-7.903089986991944
268507.329	100	0.585	-7.903089986991944
268729.387	100	0.59	-7.903089986991944
269306.193	100	0.595	-7.903089986991944
269662.571	100	0.6	-7.903089986991944
270202.864	100	0.605	-7.903089986991944
270464.9	100	0.61	-7.903089986991944
270981.886	100	0.615	-7.903089986991944
271137.146	100	0.62	-7.903089986991944
271506.786	100	0.625	-7.903089986991944
272320.129	100	0.63	-7.903089986991944
272845.214	100	0.635	-7.903089986991944
273262.64	100	0.64	-7.903089986991944
273552.536	100	0.645	-7.903089986991944
273704.857	100	0.65	-7.903089986991944
274054.836	100	0.655	-7.903089986991944
274568.257	100	0.66	-7.903089986991944
275013.806	100	0.665	-7.903089986991944
276155.191	100	0.67	-7.903089986991944
276844.88	100	0.675	-7.903089986991944
277028.914	100	0.68	-7.903089986991944
277195.486	100	0.685	-7.903089986991944
277570.4	100	0.69	-7.903089986991944
278323.136	100	0.695	-7.903089986991944
278992.479	100	0.7	-7.903089986991944
279856.907	100	0.705	-7.903089986991944
280266.399	100	0.71	-7.903089986991944
280476.179	100	0.715	-7.903089986991944
281164.674	100	0.72	-7.903089986991944
281888.357	100	0.725	-7.903089986991944
282366.187	100	0.73	-7.903089986991944
282718.972	100	0.735	-7.903089986991944
283303.723	100	0.74	-7.903089986991944
283798.657	100	0.745	-7.903089986991944
284542.536	100	0.75	-7.903089986991944
285644.843	100	0.755	-7.903089986991944
286410.666	100	0.76	-7.903089986991944
287254.929	100	0.765	-7.903089986991944
287961.561	100	0.77	-7.903089986991944
288842.734	100	0.775	-7.903089986991944
289619.629	100	0.78	-7.903089986991944
290064.821	100	0.785	-7.903089986991944
290404.743	100	0.79	-7.903089986991944
290856.436	100	0.795	-7.903089986991944
291683.714	100	0.8	-7.903089986991944
293332.679	100	0.805	-7.903089986991944
293939.614	100	0.81	-7.903089986991944
294625.9	100	0.815	-7.903089986991944
295128.833	100	0.82	-7.903089986991944
295609.323	100	0.825	-7.903089986991944
295915.144	100	0.83	-7.903089986991944
296608.944	100	0.835	-7.903089986991944
298027.843	100	0.84	-7.903089986991944
299066.962	100	0.845	-7.903089986991944
300107.429	100	0.85	-7.903089986991944
301190.879	100	0.855	-7.903089986991944
302143.596	100	0.86	-7.903089986991944
303397.829	100	0.865	-7.903089986991944
303593.9	100	0.87	-7.903089986991944
304633.402	100	0.875	-7.903089986991944
306839.029	100	0.88	-7.903089986991944
308696.65	100	0.885	-7.903089986991944
310439.414	100	0.89	-7.903089986991944
311639.357	100	0.895	-7.903089986991944
312458.571	100	0.9	-7.903089986991944
313216.8	100	0.905	-7.903089986991944
314426.894	100	0.91	-7.903089986991944
315653.436	100	0.915	-7.903089986991944
318314.057	100	0.92	-7.903089986991944
320396.575	100	0.925	-7.903089986991944
322149.671	100	0.93	-7.903089986991944
324524.395	100	0.935	-7.903089986991944
327165.529	100	0.94	-7.903089986991944
331534.393	100	0.945	-7.903089986991944
333724.429	100	0.95	-7.903089986991944
335705.112	100	0.955	-7.903089986991944
337336.057	100	0.96	-7.903089986991944
341616.222	100	0.965	-7.903089986991944
349276.599	100	0.97	-7.903089986991944
351351.0	100	0.975	-7.903089986991944
354322.656	100	0.98	-7.903089986991944
359446.2	100	0.985	-7.903089986991944
363005.571	100	0.99	-7.903089986991944
374646.111	100	0.995	-7.903089986991944
285307.964	125	0.5	-7.903089986991944
285870.793	125	0.505	-7.903089986991944
286150.764	125	0.51	-7.903089986991944
286427.886	125	0.515	-7.903089986991944
286902.743	125	0.52	-7.903089986991944
287242.286	125	0.525	-7.903089986991944
287625.684	125	0.53	-7.903089986991944
288246.224	125	0.535	-7.903089986991944
288766.033	125	0.54	-7.903089986991944
289361.107	125	0.545	-7.903089986991944
289699.143	125	0.55	-7.903089986991944
289977.63	125	0.555	-7.903089986991944
290609.891	125	0.56	-7.903089986991944
290862.586	125	0.565	-7.903089986991944
291214.533	125	0.57	-7.903089986991944
291704.852	125	0.575	-7.903089986991944
292403.114	125	0.58	-7.903089986991944
292758.72	125	0.585	-7.903089986991944
293022.529	125	0.59	-7.903089986991944
293654.099	125	0.595	-7.903089986991944
294232.571	125	0.6	-7.903089986991944
294358.5	125	0.605	-7.903089986991944
294547.116	125	0.61	-7.903089986991944
294906.345	125	0.615	-7.903089986991944
295685.371	125	0.62	-7.903089986991944
296022.098	125	0.625	-7.903089986991944
296407.7	125	0.63	-7.903089986991944
296919.769	125	0.635	-7.903089986991944
297598.114	125	0.64	-7.903089986991944
298214.85	125	0.645	-7.903089986991944
298655.014	125	0.65	-7.903089986991944
299076.702	125	0.655	-7.903089986991944
299494.629	125	0.66	-7.903089986991944
300805.958	125	0.665	-7.903089986991944
301605.986	125	0.67	-7.903089986991944
302326.679	125	0.675	-7.903089986991944
302895.714	125	0.68	-7.903089986991944
303556.32	125	0.685	-7.903089986991944
304109.644	125	0.69	-7.903089986991944
304661.548	125	0.695	-7.903089986991944
305120.429	125	0.7	-7.903089986991944
305740.269	125	0.705	-7.903089986991944
306014.971	125	0.71	-7.903089986991944
307021.435	125	0.715	-7.903089986991944
307763.617	125	0.72	-7.903089986991944
308274.571	125	0.725	-7.903089986991944
308915.014	125	0.73	-7.903089986991944
309883.764	125	0.735	-7.903089986991944
310881.286	125	0.74	-7.903089986991944
311923.465	125	0.745	-7.903089986991944
312481.071	125	0.75	-7.903089986991944
313251.072	125	0.755	-7.903089986991944
313645.2	125	0.76	-7.903089986991944
314023.526	125	0.765	-7.903089986991944
314612.7	125	0.77	-7.903089986991944
315379.361	125	0.775	-7.903089986991944
316186.343	125	0.78	-7.903089986991944
317259.657	125	0.785	-7.903089986991944
318655.143	125	0.79	-7.903089986991944
319752.25	125	0.795	-7.903089986991944
320876.229	125	0.8	-7.903089986991944
322065.25	125	0.805	-7.903089986991944
323264.371	125	0.81	-7.903089986991944
324730.821	125	0.815	-7.903089986991944
325799.427	125	0.82	-7.903089986991944
326845.5	125	0.825	-7.903089986991944
327562.8	125	0.83	-7.903089986991944
328513.593	125	0.835	-7.903089986991944
329297.943	125	0.84	-7.903089986991944
330144.957	125	0.845	-7.903089986991944
331362.814	125	0.85	-7.903089986991944
332187.451	125	0.855	-7.903089986991944
333348.514	125	0.86	-7.903089986991944
334575.957	125	0.865	-7.903089986991944
336673.7	125	0.87	-7.903089986991944
337518.75	125	0.875	-7.903089986991944
339054.371	125	0.88	-7.903089986991944
339920.929	125	0.885	-7.903089986991944
341704.486	125	0.89	-7.903089986991944
343235.786	125	0.895	-7.903089986991944
345352.171	125	0.9	-7.903089986991944
347226.857	125	0.905	-7.903089986991944
348191.418	125	0.91	-7.903089986991944
349449.136	125	0.915	-7.903089986991944
350579.771	125	0.92	-7.903089986991944
352159.021	125	0.925	-7.903089986991944
355402.92	125	0.93	-7.903089986991944
356658.652	125	0.935	-7.903089986991944
357898.0	125	0.94	-7.903089986991944
360576.914	125	0.945	-7.903089986991944
364620.693	125	0.95	-7.903089986991944
366161.3	125	0.955	-7.903089986991944
370940.209	125	0.96	-7.903089986991944
373044.586	125	0.965	-7.903089986991944
378772.114	125	0.97	-7.903089986991944
382721.964	125	0.975	-7.903089986991944
386740.8	125	0.98	-7.903089986991944
396405.229	125	0.985	-7.903089986991944
415110.386	125	0.99	-7.903089986991944
432046.914	125	0.995	-7.903089986991944
313862.821	150	0.5	-7.903089986991944
314397.007	150	0.505	-7.903089986991944
314936.411	150	0.51	-7.903089986991944
315758.143	150	0.515	-7.903089986991944
316371.794	150	0.52	-7.903089986991944
317229.179	150	0.525	-7.903089986991944
317563.271	150	0.53	-7.903089986991944
318734.703	150	0.535	-7.903089986991944
319174.021	150	0.54	-7.903089986991944
319630.929	150	0.545	-7.903089986991944
320159.207	150	0.55	-7.903089986991944
321310.975	150	0.555	-7.903089986991944
321686.834	150	0.56	-7.903089986991944
321922.96	150	0.565	-7.903089986991944
322450.402	150	0.57	-7.903089986991944
322997.143	150	0.575	-7.903089986991944
323400.099	150	0.58	-7.903089986991944
323704.42	150	0.585	-7.903089986991944
324354.6	150	0.59	-7.903089986991944
324849.136	150	0.595	-7.903089986991944
325153.2	150	0.6	-7.903089986991944
325970.122	150	0.605	-7.903089986991944
326396.5	150	0.61	-7.903089986991944
326764.219	150	0.615	-7.903089986991944
327273.171	150	0.62	-7.903089986991944
327585.089	150	0.625	-7.903089986991944
328212.09	150	0.63	-7.903089986991944
328580.657	150	0.635	-7.903089986991944
329083.154	150	0.64	-7.903089986991944
329727.314	150	0.645	-7.903089986991944
330891.682	150	0.65	-7.903089986991944
331399.621	150	0.655	-7.903089986991944
332086.943	150	0.66	-7.903089986991944
332496.879	150	0.665	-7.903089986991944
333255.195	150	0.67	-7.903089986991944
333959.966	150	0.675	-7.903089986991944
334498.106	150	0.68	-7.903089986991944
334780.779	150	0.685	-7.903089986991944
335344.243	150	0.69	-7.903089986991944
336254.313	150	0.695	-7.903089986991944
337092.55	150	0.7	-7.903089986991944
337494.122	150	0.705	-7.903089986991944
338168.439	150	0.71	-7.903089986991944
338714.457	150	0.715	-7.903089986991944
339313.657	150	0.72	-7.903089986991944
340683.134	150	0.725	-7.903089986991944
341536.306	150	0.73	-7.903089986991944
342813.676	150	0.735	-7.903089986991944
343354.539	150	0.74	-7.903089986991944
343783.216	150	0.745	-7.903089986991944
344244.964	150	0.75	-7.903089986991944
344539.064	150	0.755	-7.903089986991944
345447.429	150	0.76	-7.903089986991944
346491.064	150	0.765	-7.903089986991944
347358.457	150	0.77	-7.903089986991944
347585.838	150	0.775	-7.903089986991944
348398.197	150	0.78	-7.903089986991944
348916.971	150	0.785	-7.903089986991944
349651.157	150	0.79	-7.903089986991944
350763.286	150	0.795	-7.903089986991944
351849.971	150	0.8	-7.903089986991944
352555.45	150	0.805	-7.903089986991944
353585.133	150	0.81	-7.903089986991944
354636.201	150	0.815	-7.903089986991944
355340.229	150	0.82	-7.903089986991944
357397.271	150	0.825	-7.903089986991944
358528.7	150	0.83	-7.903089986991944
359740.205	150	0.835	-7.903089986991944
360991.206	150	0.84	-7.903089986991944
362627.989	150	0.845	-7.903089986991944
363285.418	150	0.85	-7.903089986991944
365479.471	150	0.855	-7.903089986991944
367942.373	150	0.86	-7.903089986991944
368408.676	150	0.865	-7.903089986991944
370630.781	150	0.87	-7.903089986991944
371417.08	150	0.875	-7.903089986991944
372245.143	150	0.88	-7.903089986991944
374001.364	150	0.885	-7.903089986991944
375597.306	150	0.89	-7.903089986991944
377724.921	150	0.895	-7.903089986991944
379062.714	150	0.9	-7.903089986991944
381810.186	150	0.905	-7.903089986991944
383924.596	150	0.91	-7.903089986991944
387424.658	150	0.915	-7.903089986991944
390292.229	150	0.92	-7.903089986991944
392585.216	150	0.925	-7.903089986991944
395083.043	150	0.93	-7.903089986991944
397724.45	150	0.935	-7.903089986991944
401061.629	150	0.94	-7.903089986991944
404177.586	150	0.945	-7.903089986991944
405663.596	150	0.95	-7.903089986991944
407569.386	150	0.955	-7.903089986991944
412400.929	150	0.96	-7.903089986991944
419908.057	150	0.965	-7.903089986991944
427275.871	150	0.97	-7.903089986991944
431624.143	150	0.975	-7.903089986991944
438080.343	150	0.98	-7.903089986991944
445359.135	150	0.985	-7.903089986991944
463331.6	150	0.99	-7.903089986991944
480981.65	150	0.995	-7.903089986991944
338501.429	175	0.5	-7.903089986991944
338755.108	175	0.505	-7.903089986991944
339742.286	175	0.51	-7.903089986991944
340125.092	175	0.515	-7.903089986991944
340878.92	175	0.52	-7.903089986991944
341507.25	175	0.525	-7.903089986991944
341924.343	175	0.53	-7.903089986991944
342719.793	175	0.535	-7.903089986991944
343118.801	175	0.54	-7.903089986991944
344166.839	175	0.545	-7.903089986991944
344664.786	175	0.55	-7.903089986991944
345501.399	175	0.555	-7.903089986991944
345742.417	175	0.56	-7.903089986991944
346655.626	175	0.565	-7.903089986991944
346936.804	175	0.57	-7.903089986991944
347560.02	175	0.575	-7.903089986991944
348117.71	175	0.58	-7.903089986991944
348549.534	175	0.585	-7.903089986991944
349411.914	175	0.59	-7.903089986991944
350074.664	175	0.595	-7.903089986991944
350345.429	175	0.6	-7.903089986991944
350906.049	175	0.605	-7.903089986991944
351378.686	175	0.61	-7.903089986991944
351696.421	175	0.615	-7.903089986991944
352106.483	175	0.62	-7.903089986991944
352834.893	175	0.625	-7.903089986991944
353151.521	175	0.63	-7.903089986991944
354768.864	175	0.635	-7.903089986991944
355503.683	175	0.64	-7.903089986991944
356975.071	175	0.645	-7.903089986991944
357299.429	175	0.65	-7.903089986991944
357781.243	175	0.655	-7.903089986991944
358362.631	175	0.66	-7.903089986991944
359017.64	175	0.665	-7.903089986991944
359233.209	175	0.67	-7.903089986991944
360057.121	175	0.675	-7.903089986991944
360729.591	175	0.68	-7.903089986991944
361462.143	175	0.685	-7.903089986991944
361801.586	175	0.69	-7.903089986991944
363201.019	175	0.695	-7.903089986991944
363868.121	175	0.7	-7.903089986991944
365178.357	175	0.705	-7.903089986991944
366072.943	175	0.71	-7.903089986991944
366509.257	175	0.715	-7.903089986991944
367917.429	175	0.72	-7.903089986991944
368967.695	175	0.725	-7.903089986991944
370202.93	175	0.73	-7.903089986991944
370721.852	175	0.735	-7.903089986991944
371691.753	175	0.74	-7.903089986991944
372712.365	175	0.745	-7.903089986991944
373206.429	175	0.75	-7.903089986991944
374088.371	175	0.755	-7.903089986991944
374976.0	175	0.76	-7.903089986991944
376068.093	175	0.765	-7.903089986991944
377303.51	175	0.77	-7.903089986991944
378172.771	175	0.775	-7.903089986991944
378706.627	175	0.78	-7.903089986991944
379445.93	175	0.785	-7.903089986991944
379889.786	175	0.79	-7.903089986991944
380198.971	175	0.795	-7.903089986991944
381282.857	175	0.8	-7.903089986991944
382102.328	175	0.805	-7.903089986991944
383247.771	175	0.81	-7.903089986991944
383925.663	175	0.815	-7.903089986991944
384844.02	175	0.82	-7.903089986991944
385576.25	175	0.825	-7.903089986991944
386169.957	175	0.83	-7.903089986991944
388593.626	175	0.835	-7.903089986991944
390971.429	175	0.84	-7.903089986991944
392696.344	175	0.845	-7.903089986991944
394593.5	175	0.85	-7.903089986991944
395957.422	175	0.855	-7.903089986991944
398750.029	175	0.86	-7.903089986991944
399560.288	175	0.865	-7.903089986991944
400408.557	175	0.87	-7.903089986991944
401696.562	175	0.875	-7.903089986991944
402975.829	175	0.88	-7.903089986991944
403887.862	175	0.885	-7.903089986991944
404467.557	175	0.89	-7.903089986991944
406803.279	175	0.895	-7.903089986991944
410564.429	175	0.9	-7.903089986991944
412034.964	175	0.905	-7.903089986991944
414513.743	175	0.91	-7.903089986991944
417372.645	175	0.915	-7.903089986991944
419145.2	175	0.92	-7.903089986991944
421579.47	175	0.925	-7.903089986991944
423342.114	175	0.93	-7.903089986991944
426064.673	175	0.935	-7.903089986991944
430391.971	175	0.94	-7.903089986991944
432072.35	175	0.945	-7.903089986991944
436087.643	175	0.95	-7.903089986991944
441977.35	175	0.955	-7.903089986991944
449304.754	175	0.96	-7.903089986991944
452647.214	175	0.965	-7.903089986991944
455039.631	175	0.97	-7.903089986991944
458175.341	175	0.975	-7.903089986991944
463077.857	175	0.98	-7.903089986991944
474176.379	175	0.985	-7.903089986991944
482815.2	175	0.99	-7.903089986991944
506927.379	175	0.995	-7.903089986991944
364945.143	200	0.5	-7.903089986991944
365300.706	200	0.505	-7.903089986991944
365484.095	200	0.51	-7.903089986991944
366034.918	200	0.515	-7.903089986991944
366918.92	200	0.52	-7.903089986991944
367533.498	200	0.525	-7.903089986991944
368541.429	200	0.53	-7.903089986991944
368972.526	200	0.535	-7.903089986991944
369289.429	200	0.54	-7.903089986991944
369581.258	200	0.545	-7.903089986991944
369982.418	200	0.55	-7.903089986991944
370510.339	200	0.555	-7.903089986991944
371155.843	200	0.56	-7.903089986991944
372089.781	200	0.565	-7.903089986991944
372469.543	200	0.57	-7.903089986991944
373654.436	200	0.575	-7.903089986991944
374639.93	200	0.58	-7.903089986991944
375478.232	200	0.585	-7.903089986991944
375792.641	200	0.59	-7.903089986991944
376490.343	200	0.595	-7.903089986991944
377266.0	200	0.6	-7.903089986991944
378182.243	200	0.605	-7.903089986991944
378615.476	200	0.61	-7.903089986991944
379443.716	200	0.615	-7.903089986991944
380488.426	200	0.62	-7.903089986991944
381135.25	200	0.625	-7.903089986991944
382105.181	200	0.63	-7.903089986991944
382319.364	200	0.635	-7.903089986991944
383494.411	200	0.64	-7.903089986991944
383867.302	200	0.645	-7.903089986991944
384645.864	200	0.65	-7.903089986991944
385686.529	200	0.655	-7.903089986991944
386501.471	200	0.66	-7.903089986991944
386956.886	200	0.665	-7.903089986991944
387300.09	200	0.67	-7.903089986991944
387540.339	200	0.675	-7.903089986991944
387823.806	200	0.68	-7.903089986991944
388731.336	200	0.685	-7.903089986991944
389710.129	200	0.69	-7.903089986991944
390370.245	200	0.695	-7.903089986991944
392044.3	200	0.7	-7.903089986991944
392764.186	200	0.705	-7.903089986991944
393817.36	200	0.71	-7.903089986991944
394819.55	200	0.715	-7.903089986991944
395759.886	200	0.72	-7.903089986991944
396308.821	200	0.725	-7.903089986991944
396935.338	200	0.73	-7.903089986991944
397449.393	200	0.735	-7.903089986991944
398335.514	200	0.74	-7.903089986991944
398986.754	200	0.745	-7.903089986991944
399850.768	200	0.75	-7.903089986991944
401299.743	200	0.755	-7.903089986991944
402079.271	200	0.76	-7.903089986991944
403607.264	200	0.765	-7.903089986991944
404626.86	200	0.77	-7.903089986991944
405360.802	200	0.775	-7.903089986991944
406937.184	200	0.78	-7.903089986991944
408776.873	200	0.785	-7.903089986991944
410247.584	200	0.79	-7.903089986991944
410879.522	200	0.795	-7.903089986991944
411898.286	200	0.8	-7.903089986991944
412477.313	200	0.805	-7.903089986991944
413812.647	200	0.81	-7.903089986991944
414643.629	200	0.815	-7.903089986991944
415861.743	200	0.82	-7.903089986991944
417534.5	200	0.825	-7.903089986991944
418498.0	200	0.83	-7.903089986991944
419409.943	200	0.835	-7.903089986991944
421372.671	200	0.84	-7.903089986991944
421992.479	200	0.845	-7.903089986991944
423825.093	200	0.85	-7.903089986991944
425598.764	200	0.855	-7.903089986991944
427405.193	200	0.86	-7.903089986991944
429598.291	200	0.865	-7.903089986991944
431298.734	200	0.87	-7.903089986991944
432505.598	200	0.875	-7.903089986991944
433416.0	200	0.88	-7.903089986991944
436712.74	200	0.885	-7.903089986991944
438569.343	200	0.89	-7.903089986991944
442291.158	200	0.895	-7.903089986991944
445279.286	200	0.9	-7.903089986991944
448023.353	200	0.905	-7.903089986991944
451736.943	200	0.91	-7.903089986991944
454362.143	200	0.915	-7.903089986991944
457482.966	200	0.92	-7.903089986991944
459493.046	200	0.925	-7.903089986991944
465337.518	200	0.93	-7.903089986991944
469513.194	200	0.935	-7.903089986991944
472472.257	200	0.94	-7.903089986991944
474635.654	200	0.945	-7.903089986991944
479172.7	200	0.95	-7.903089986991944
480466.039	200	0.955	-7.903089986991944
486718.731	200	0.96	-7.903089986991944
490789.456	200	0.965	-7.903089986991944
499517.229	200	0.97	-7.903089986991944
506606.47	200	0.975	-7.903089986991944
510027.28	200	0.98	-7.903089986991944
521387.372	200	0.985	-7.903089986991944
540463.343	200	0.99	-7.903089986991944
577098.021	200	0.995	-7.903089986991944
388524.5	225	0.5	-7.903089986991944
389316.821	225	0.505	-7.903089986991944
389854.643	225	0.51	-7.903089986991944
390347.179	225	0.515	-7.903089986991944
391111.477	225	0.52	-7.903089986991944
391630.893	225	0.525	-7.903089986991944
392111.857	225	0.53	-7.903089986991944
392852.745	225	0.535	-7.903089986991944
393352.236	225	0.54	-7.903089986991944
394068.526	225	0.545	-7.903089986991944
395217.896	225	0.55	-7.903089986991944
395636.554	225	0.555	-7.903089986991944
396144.997	225	0.56	-7.903089986991944
396860.957	225	0.565	-7.903089986991944
398023.729	225	0.57	-7.903089986991944
398507.693	225	0.575	-7.903089986991944
399043.567	225	0.58	-7.903089986991944
399389.379	225	0.585	-7.903089986991944
399637.886	225	0.59	-7.903089986991944
400682.943	225	0.595	-7.903089986991944
401046.371	225	0.6	-7.903089986991944
401424.227	225	0.605	-7.903089986991944
401964.859	225	0.61	-7.903089986991944
402843.307	225	0.615	-7.903089986991944
403808.11	225	0.62	-7.903089986991944
404785.0	225	0.625	-7.903089986991944
405907.474	225	0.63	-7.903089986991944
406835.119	225	0.635	-7.903089986991944
407589.36	225	0.64	-7.903089986991944
408148.693	225	0.645	-7.903089986991944
408525.786	225	0.65	-7.903089986991944
408717.443	225	0.655	-7.903089986991944
409318.171	225	0.66	-7.903089986991944
410953.0	225	0.665	-7.903089986991944
412427.401	225	0.67	-7.903089986991944
413087.204	225	0.675	-7.903089986991944
413856.194	225	0.68	-7.903089986991944
414648.04	225	0.685	-7.903089986991944
415072.408	225	0.69	-7.903089986991944
417160.338	225	0.695	-7.903089986991944
418089.571	225	0.7	-7.903089986991944
419564.767	225	0.705	-7.903089986991944
421356.1	225	0.71	-7.903089986991944
424068.707	225	0.715	-7.903089986991944
425930.803	225	0.72	-7.903089986991944
426797.73	225	0.725	-7.903089986991944
428801.205	225	0.73	-7.903089986991944
429924.806	225	0.735	-7.903089986991944
431223.303	225	0.74	-7.903089986991944
433244.56	225	0.745	-7.903089986991944
433910.786	225	0.75	-7.903089986991944
435729.536	225	0.755	-7.903089986991944
436459.486	225	0.76	-7.903089986991944
437630.565	225	0.765	-7.903089986991944
439021.371	225	0.77	-7.903089986991944
441637.291	225	0.775	-7.903089986991944
443657.543	225	0.78	-7.903089986991944
444772.893	225	0.785	-7.903089986991944
446110.889	225	0.79	-7.903089986991944
447920.728	225	0.795	-7.903089986991944
450798.0	225	0.8	-7.903089986991944
451448.407	225	0.805	-7.903089986991944
452539.057	225	0.81	-7.903089986991944
453621.279	225	0.815	-7.903089986991944
455017.037	225	0.82	-7.903089986991944
457337.543	225	0.825	-7.903089986991944
458390.282	225	0.83	-7.903089986991944
459719.329	225	0.835	-7.903089986991944
460252.234	225	0.84	-7.903089986991944
462507.543	225	0.845	-7.903089986991944
463767.786	225	0.85	-7.903089986991944
464745.91	225	0.855	-7.903089986991944
466386.089	225	0.86	-7.903089986991944
468342.336	225	0.865	-7.903089986991944
470236.648	225	0.87	-7.903089986991944
471274.839	225	0.875	-7.903089986991944
473475.931	225	0.88	-7.903089986991944
475659.223	225	0.885	-7.903089986991944
480270.304	225	0.89	-7.903089986991944
482486.107	225	0.895	-7.903089986991944
484192.164	225	0.9	-7.903089986991944
487046.871	225	0.905	-7.903089986991944
490761.496	225	0.91	-7.903089986991944
493772.581	225	0.915	-7.903089986991944
496168.2	225	0.92	-7.903089986991944
500762.393	225	0.925	-7.903089986991944
503218.357	225	0.93	-7.903089986991944
510798.264	225	0.935	-7.903089986991944
515967.996	225	0.94	-7.903089986991944
519223.836	225	0.945	-7.903089986991944
526255.286	225	0.95	-7.903089986991944
532830.507	225	0.955	-7.903089986991944
538119.143	225	0.96	-7.903089986991944
543335.279	225	0.965	-7.903089986991944
549096.272	225	0.97	-7.903089986991944
563884.857	225	0.975	-7.903089986991944
573655.677	225	0.98	-7.903089986991944
588527.779	225	0.985	-7.903089986991944
598879.686	225	0.99	-7.903089986991944
612784.893	225	0.995	-7.903089986991944
414292.714	250	0.5	-7.903089986991944
414616.886	250	0.505	-7.903089986991944
415581.843	250	0.51	-7.903089986991944
415996.214	250	0.515	-7.903089986991944
417146.377	250	0.52	-7.903089986991944
418528.327	250	0.525	-7.903089986991944
418942.366	250	0.53	-7.903089986991944
419533.738	250	0.535	-7.903089986991944
420113.439	250	0.54	-7.903089986991944
420924.6	250	0.545	-7.903089986991944
421305.818	250	0.55	-7.903089986991944
421967.842	250	0.555	-7.903089986991944
423127.409	250	0.56	-7.903089986991944
423585.696	250	0.565	-7.903089986991944
424530.674	250	0.57	-7.903089986991944
424891.607	250	0.575	-7.903089986991944
426024.283	250	0.58	-7.903089986991944
426703.271	250	0.585	-7.903089986991944
427608.856	250	0.59	-7.903089986991944
428031.656	250	0.595	-7.903089986991944
428362.4	250	0.6	-7.903089986991944
428778.278	250	0.605	-7.903089986991944
429522.559	250	0.61	-7.903089986991944
431270.868	250	0.615	-7.903089986991944
432119.931	250	0.62	-7.903089986991944
433057.679	250	0.625	-7.903089986991944
434044.26	250	0.63	-7.903089986991944
434972.25	250	0.635	-7.903089986991944
435833.943	250	0.64	-7.903089986991944
436408.419	250	0.645	-7.903089986991944
437002.286	250	0.65	-7.903089986991944
437973.321	250	0.655	-7.903089986991944
439570.59	250	0.66	-7.903089986991944
440433.319	250	0.665	-7.903089986991944
440946.052	250	0.67	-7.903089986991944
441913.239	250	0.675	-7.903089986991944
443920.457	250	0.68	-7.903089986991944
444854.351	250	0.685	-7.903089986991944
446009.399	250	0.69	-7.903089986991944
446860.408	250	0.695	-7.903089986991944
447479.471	250	0.7	-7.903089986991944
449048.307	250	0.705	-7.903089986991944
450386.346	250	0.71	-7.903089986991944
451255.035	250	0.715	-7.903089986991944
452437.714	250	0.72	-7.903089986991944
453275.732	250	0.725	-7.903089986991944
454425.171	250	0.73	-7.903089986991944
456388.764	250	0.735	-7.903089986991944
457613.629	250	0.74	-7.903089986991944
457967.379	250	0.745	-7.903089986991944
459768.929	250	0.75	-7.903089986991944
460696.577	250	0.755	-7.903089986991944
462157.634	250	0.76	-7.903089986991944
462923.831	250	0.765	-7.903089986991944
463717.271	250	0.77	-7.903089986991944
464162.582	250	0.775	-7.903089986991944
464825.867	250	0.78	-7.903089986991944
465946.079	250	0.785	-7.903089986991944
467842.456	250	0.79	-7.903089986991944
468572.635	250	0.795	-7.903089986991944
471807.543	250	0.8	-7.903089986991944
473318.712	250	0.805	-7.903089986991944
475656.114	250	0.81	-7.903089986991944
477929.258	250	0.815	-7.903089986991944
480087.057	250	0.82	-7.903089986991944
482754.496	250	0.825	-7.903089986991944
484914.905	250	0.83	-7.903089986991944
486563.636	250	0.835	-7.903089986991944
488232.874	250	0.84	-7.903089986991944
489284.421	250	0.845	-7.903089986991944
491188.857	250	0.85	-7.903089986991944
493641.271	250	0.855	-7.903089986991944
496251.8	250	0.86	-7.903089986991944
498334.816	250	0.865	-7.903089986991944
501450.4	250	0.87	-7.903089986991944
503424.107	250	0.875	-7.903089986991944
509168.034	250	0.88	-7.903089986991944
511010.874	250	0.885	-7.903089986991944
512622.971	250	0.89	-7.903089986991944
514717.793	250	0.895	-7.903089986991944
517027.714	250	0.9	-7.903089986991944
521301.85	250	0.905	-7.903089986991944
522806.971	250	0.91	-7.903089986991944
525801.573	250	0.915	-7.903089986991944
529119.543	250	0.92	-7.903089986991944
533828.971	250	0.925	-7.903089986991944
537098.716	250	0.93	-7.903089986991944
541151.0	250	0.935	-7.903089986991944
547409.886	250	0.94	-7.903089986991944
552445.614	250	0.945	-7.903089986991944
558425.929	250	0.95	-7.903089986991944
563853.437	250	0.955	-7.903089986991944
573379.717	250	0.96	-7.903089986991944
577790.743	250	0.965	-7.903089986991944
585350.069	250	0.97	-7.903089986991944
592771.214	250	0.975	-7.903089986991944
597168.08	250	0.98	-7.903089986991944
619552.893	250	0.985	-7.903089986991944
637706.6	250	0.99	-7.903089986991944
651881.186	250	0.995	-7.903089986991944
436953.714	275	0.5	-7.903089986991944
438200.685	275	0.505	-7.903089986991944
438877.834	275	0.51	-7.903089986991944
439543.662	275	0.515	-7.903089986991944
440187.306	275	0.52	-7.903089986991944
440973.179	275	0.525	-7.903089986991944
441804.781	275	0.53	-7.903089986991944
443148.812	275	0.535	-7.903089986991944
444409.463	275	0.54	-7.903089986991944
445141.336	275	0.545	-7.903089986991944
446035.164	275	0.55	-7.903089986991944
446874.925	275	0.555	-7.903089986991944
447856.269	275	0.56	-7.903089986991944
448665.305	275	0.565	-7.903089986991944
449357.614	275	0.57	-7.903089986991944
450254.038	275	0.575	-7.903089986991944
450982.85	275	0.58	-7.903089986991944
451748.499	275	0.585	-7.903089986991944
452381.671	275	0.59	-7.903089986991944
452802.436	275	0.595	-7.903089986991944
453510.943	275	0.6	-7.903089986991944
454353.856	275	0.605	-7.903089986991944
456284.442	275	0.61	-7.903089986991944
456601.552	275	0.615	-7.903089986991944
457339.371	275	0.62	-7.903089986991944
459136.964	275	0.625	-7.903089986991944
460353.508	275	0.63	-7.903089986991944
461515.11	275	0.635	-7.903089986991944
462627.003	275	0.64	-7.903089986991944
463476.607	275	0.645	-7.903089986991944
464166.0	275	0.65	-7.903089986991944
465316.4	275	0.655	-7.903089986991944
467427.61	275	0.66	-7.903089986991944
468729.91	275	0.665	-7.903089986991944
470564.561	275	0.67	-7.903089986991944
471455.691	275	0.675	-7.903089986991944
471883.063	275	0.68	-7.903089986991944
473759.547	275	0.685	-7.903089986991944
474186.831	275	0.69	-7.903089986991944
475309.891	275	0.695	-7.903089986991944
476085.8	275	0.7	-7.903089986991944
477187.757	275	0.705	-7.903089986991944
478053.086	275	0.71	-7.903089986991944
479069.337	275	0.715	-7.903089986991944
479778.286	275	0.72	-7.903089986991944
480643.714	275	0.725	-7.903089986991944
482905.051	275	0.73	-7.903089986991944
484174.707	275	0.735	-7.903089986991944
485405.914	275	0.74	-7.903089986991944
486445.701	275	0.745	-7.903089986991944
487628.232	275	0.75	-7.903089986991944
489280.956	275	0.755	-7.903089986991944
490053.934	275	0.76	-7.903089986991944
491113.555	275	0.765	-7.903089986991944
492460.755	275	0.77	-7.903089986991944
494472.83	275	0.775	-7.903089986991944
495970.464	275	0.78	-7.903089986991944
496844.622	275	0.785	-7.903089986991944
498483.214	275	0.79	-7.903089986991944
499185.257	275	0.795	-7.903089986991944
500996.0	275	0.8	-7.903089986991944
501986.078	275	0.805	-7.903089986991944
503979.113	275	0.81	-7.903089986991944
506483.837	275	0.815	-7.903089986991944
508758.776	275	0.82	-7.903089986991944
511038.62	275	0.825	-7.903089986991944
512681.989	275	0.83	-7.903089986991944
515413.793	275	0.835	-7.903089986991944
517408.274	275	0.84	-7.903089986991944
519082.013	275	0.845	-7.903089986991944
522323.718	275	0.85	-7.903089986991944
524500.096	275	0.855	-7.903089986991944
527383.229	275	0.86	-7.903089986991944
530342.198	275	0.865	-7.903089986991944
533423.143	275	0.87	-7.903089986991944
534140.214	275	0.875	-7.903089986991944
537874.846	275	0.88	-7.903089986991944
541680.993	275	0.885	-7.903089986991944
544098.721	275	0.89	-7.903089986991944
550603.521	275	0.895	-7.903089986991944
552750.957	275	0.9	-7.903089986991944
556770.4	275	0.905	-7.903089986991944
561572.31	275	0.91	-7.903089986991944
564923.614	275	0.915	-7.903089986991944
566634.509	275	0.92	-7.903089986991944
570441.179	275	0.925	-7.903089986991944
572582.514	275	0.93	-7.903089986991944
576031.35	275	0.935	-7.903089986991944
581361.657	275	0.94	-7.903089986991944
583821.136	275	0.945	-7.903089986991944
590177.643	275	0.95	-7.903089986991944
595922.895	275	0.955	-7.903089986991944
599722.514	275	0.96	-7.903089986991944
607516.479	275	0.965	-7.903089986991944
614469.743	275	0.97	-7.903089986991944
621697.536	275	0.975	-7.903089986991944
631892.059	275	0.98	-7.903089986991944
642182.78	275	0.985	-7.903089986991944
662338.914	275	0.99	-7.903089986991944
678449.129	275	0.995	-7.903089986991944
466787.036	300	0.5	-7.903089986991944
467218.616	300	0.505	-7.903089986991944
468227.073	300	0.51	-7.903089986991944
469033.275	300	0.515	-7.903089986991944
470081.646	300	0.52	-7.903089986991944
470618.566	300	0.525	-7.903089986991944
471621.724	300	0.53	-7.903089986991944
472458.338	300	0.535	-7.903089986991944
473074.409	300	0.54	-7.903089986991944
473633.347	300	0.545	-7.903089986991944
474710.239	300	0.55	-7.903089986991944
475409.515	300	0.555	-7.903089986991944
475959.369	300	0.56	-7.903089986991944
477007.586	300	0.565	-7.903089986991944
478670.618	300	0.57	-7.903089986991944
479208.143	300	0.575	-7.903089986991944
480258.374	300	0.58	-7.903089986991944
480750.913	300	0.585	-7.903089986991944
481612.286	300	0.59	-7.903089986991944
482383.721	300	0.595	-7.903089986991944
483026.414	300	0.6	-7.903089986991944
484384.33	300	0.605	-7.903089986991944
485819.356	300	0.61	-7.903089986991944
486730.145	300	0.615	-7.903089986991944
488018.563	300	0.62	-7.903089986991944
489163.214	300	0.625	-7.903089986991944
489578.79	300	0.63	-7.903089986991944
490969.298	300	0.635	-7.903089986991944
491865.257	300	0.64	-7.903089986991944
492365.616	300	0.645	-7.903089986991944
493283.207	300	0.65	-7.903089986991944
494038.379	300	0.655	-7.903089986991944
495428.629	300	0.66	-7.903089986991944
496194.988	300	0.665	-7.903089986991944
496772.476	300	0.67	-7.903089986991944
497328.439	300	0.675	-7.903089986991944
498750.64	300	0.68	-7.903089986991944
500426.849	300	0.685	-7.903089986991944
501675.654	300	0.69	-7.903089986991944
502684.529	300	0.695	-7.903089986991944
504183.657	300	0.7	-7.903089986991944
505722.358	300	0.705	-7.903089986991944
506347.482	300	0.71	-7.903089986991944
507198.619	300	0.715	-7.903089986991944
509210.057	300	0.72	-7.903089986991944
510170.046	300	0.725	-7.903089986991944
511003.686	300	0.73	-7.903089986991944
511898.773	300	0.735	-7.903089986991944
513266.981	300	0.74	-7.903089986991944
514379.411	300	0.745	-7.903089986991944
516577.143	300	0.75	-7.903089986991944
518419.683	300	0.755	-7.903089986991944
519873.257	300	0.76	-7.903089986991944
520761.015	300	0.765	-7.903089986991944
521821.241	300	0.77	-7.903089986991944
523974.116	300	0.775	-7.903089986991944
526027.12	300	0.78	-7.903089986991944
526838.479	300	0.785	-7.903089986991944
528555.871	300	0.79	-7.903089986991944
529626.564	300	0.795	-7.903089986991944
531946.286	300	0.8	-7.903089986991944
532327.885	300	0.805	-7.903089986991944
534155.386	300	0.81	-7.903089986991944
535298.657	300	0.815	-7.903089986991944
537739.856	300	0.82	-7.903089986991944
540918.13	300	0.825	-7.903089986991944
542495.671	300	0.83	-7.903089986991944
545261.515	300	0.835	-7.903089986991944
547533.057	300	0.84	-7.903089986991944
548449.068	300	0.845	-7.903089986991944
553076.204	300	0.85	-7.903089986991944
555203.483	300	0.855	-7.903089986991944
558401.49	300	0.86	-7.903089986991944
560598.679	300	0.865	-7.903089986991944
563137.306	300	0.87	-7.903089986991944
565760.589	300	0.875	-7.903089986991944
568716.386	300	0.88	-7.903089986991944
570523.061	300	0.885	-7.903089986991944
573425.761	300	0.89	-7.903089986991944
576325.097	300	0.895	-7.903089986991944
580152.714	300	0.9	-7.903089986991944
583724.4	300	0.905	-7.903089986991944
586355.741	300	0.91	-7.903089986991944
590276.306	300	0.915	-7.903089986991944
594958.286	300	0.92	-7.903089986991944
605136.539	300	0.925	-7.903089986991944
610264.746	300	0.93	-7.903089986991944
614072.526	300	0.935	-7.903089986991944
617698.95	300	0.94	-7.903089986991944
627798.729	300	0.945	-7.903089986991944
635643.004	300	0.95	-7.903089986991944
640986.208	300	0.955	-7.903089986991944
652268.069	300	0.96	-7.903089986991944
660165.871	300	0.965	-7.903089986991944
664992.477	300	0.97	-7.903089986991944
673235.291	300	0.975	-7.903089986991944
689553.629	300	0.98	-7.903089986991944
704390.143	300	0.985	-7.903089986991944
716077.3	300	0.99	-7.903089986991944
768572.443	300	0.995	-7.903089986991944
486897.893	325	0.5	-7.903089986991944
487753.312	325	0.505	-7.903089986991944
488651.329	325	0.51	-7.903089986991944
489809.508	325	0.515	-7.903089986991944
490289.626	325	0.52	-7.903089986991944
490829.534	325	0.525	-7.903089986991944
491496.148	325	0.53	-7.903089986991944
491958.082	325	0.535	-7.903089986991944
493014.596	325	0.54	-7.903089986991944
493622.326	325	0.545	-7.903089986991944
494771.521	325	0.55	-7.903089986991944
495572.532	325	0.555	-7.903089986991944
497219.257	325	0.56	-7.903089986991944
498446.174	325	0.565	-7.903089986991944
499359.739	325	0.57	-7.903089986991944
501163.75	325	0.575	-7.903089986991944
502249.904	325	0.58	-7.903089986991944
502983.664	325	0.585	-7.903089986991944
503452.371	325	0.59	-7.903089986991944
504220.392	325	0.595	-7.903089986991944
505320.571	325	0.6	-7.903089986991944
506498.144	325	0.605	-7.903089986991944
507192.471	325	0.61	-7.903089986991944
508234.564	325	0.615	-7.903089986991944
509225.316	325	0.62	-7.903089986991944
511258.661	325	0.625	-7.903089986991944
512392.271	325	0.63	-7.903089986991944
513431.729	325	0.635	-7.903089986991944
514620.106	325	0.64	-7.903089986991944
515540.285	325	0.645	-7.903089986991944
517210.596	325	0.65	-7.903089986991944
517824.458	325	0.655	-7.903089986991944
520611.003	325	0.66	-7.903089986991944
521206.276	325	0.665	-7.903089986991944
523358.053	325	0.67	-7.903089986991944
524270.564	325	0.675	-7.903089986991944
524687.103	325	0.68	-7.903089986991944
526110.448	325	0.685	-7.903089986991944
529170.096	325	0.69	-7.903089986991944
530521.98	325	0.695	-7.903089986991944
531640.707	325	0.7	-7.903089986991944
533026.857	325	0.705	-7.903089986991944
533519.346	325	0.71	-7.903089986991944
535484.709	325	0.715	-7.903089986991944
536298.717	325	0.72	-7.903089986991944
537784.643	325	0.725	-7.903089986991944
539974.296	325	0.73	-7.903089986991944
541255.704	325	0.735	-7.903089986991944
541986.926	325	0.74	-7.903089986991944
542520.361	325	0.745	-7.903089986991944
545243.625	325	0.75	-7.903089986991944
546451.8	325	0.755	-7.903089986991944
548768.457	325	0.76	-7.903089986991944
549873.864	325	0.765	-7.903089986991944
552475.773	325	0.77	-7.903089986991944
553398.339	325	0.775	-7.903089986991944
554497.257	325	0.78	-7.903089986991944
556368.411	325	0.785	-7.903089986991944
557818.121	325	0.79	-7.903089986991944
558886.525	325	0.795	-7.903089986991944
560488.286	325	0.8	-7.903089986991944
562403.962	325	0.805	-7.903089986991944
565576.088	325	0.81	-7.903089986991944
566552.999	325	0.815	-7.903089986991944
568802.731	325	0.82	-7.903089986991944
569983.802	325	0.825	-7.903089986991944
572719.631	325	0.83	-7.903089986991944
573658.975	325	0.835	-7.903089986991944
575717.143	325	0.84	-7.903089986991944
577818.957	325	0.845	-7.903089986991944
580619.968	325	0.85	-7.903089986991944
581876.926	325	0.855	-7.903089986991944
582623.51	325	0.86	-7.903089986991944
584191.924	325	0.865	-7.903089986991944
587003.766	325	0.87	-7.903089986991944
590421.268	325	0.875	-7.903089986991944
595510.114	325	0.88	-7.903089986991944
599100.479	325	0.885	-7.903089986991944
602330.129	325	0.89	-7.903089986991944
604512.389	325	0.895	-7.903089986991944
607566.143	325	0.9	-7.903089986991944
612130.579	325	0.905	-7.903089986991944
617679.703	325	0.91	-7.903089986991944
620421.679	325	0.915	-7.903089986991944
624699.343	325	0.92	-7.903089986991944
626725.036	325	0.925	-7.903089986991944
630555.752	325	0.93	-7.903089986991944
636638.055	325	0.935	-7.903089986991944
642756.029	325	0.94	-7.903089986991944
652452.068	325	0.945	-7.903089986991944
657046.286	325	0.95	-7.903089986991944
661596.557	325	0.955	-7.903089986991944
671168.629	325	0.96	-7.903089986991944
680056.449	325	0.965	-7.903089986991944
683257.8	325	0.97	-7.903089986991944
692849.179	325	0.975	-7.903089986991944
713842.909	325	0.98	-7.903089986991944
723192.593	325	0.985	-7.903089986991944
762579.986	325	0.99	-7.903089986991944
794234.643	325	0.995	-7.903089986991944
512215.0	350	0.5	-7.903089986991944
512932.444	350	0.505	-7.903089986991944
514368.599	350	0.51	-7.903089986991944
515378.629	350	0.515	-7.903089986991944
516109.677	350	0.52	-7.903089986991944
516777.014	350	0.525	-7.903089986991944
517745.08	350	0.53	-7.903089986991944
518680.159	350	0.535	-7.903089986991944
519367.909	350	0.54	-7.903089986991944
520449.715	350	0.545	-7.903089986991944
521455.811	350	0.55	-7.903089986991944
522683.085	350	0.555	-7.903089986991944
523185.029	350	0.56	-7.903089986991944
524193.09	350	0.565	-7.903089986991944
525238.437	350	0.57	-7.903089986991944
526826.032	350	0.575	-7.903089986991944
527856.787	350	0.58	-7.903089986991944
528890.171	350	0.585	-7.903089986991944
530234.313	350	0.59	-7.903089986991944
531333.05	350	0.595	-7.903089986991944
532654.0	350	0.6	-7.903089986991944
532945.329	350	0.605	-7.903089986991944
534009.396	350	0.61	-7.903089986991944
534898.249	350	0.615	-7.903089986991944
536032.666	350	0.62	-7.903089986991944
537011.429	350	0.625	-7.903089986991944
537788.043	350	0.63	-7.903089986991944
539339.771	350	0.635	-7.903089986991944
540398.297	350	0.64	-7.903089986991944
541281.453	350	0.645	-7.903089986991944
543103.429	350	0.65	-7.903089986991944
545091.908	350	0.655	-7.903089986991944
545725.771	350	0.66	-7.903089986991944
546592.679	350	0.665	-7.903089986991944
547495.196	350	0.67	-7.903089986991944
548791.85	350	0.675	-7.903089986991944
550029.48	350	0.68	-7.903089986991944
552368.643	350	0.685	-7.903089986991944
552880.451	350	0.69	-7.903089986991944
554408.152	350	0.695	-7.903089986991944
556114.771	350	0.7	-7.903089986991944
558135.343	350	0.705	-7.903089986991944
559615.689	350	0.71	-7.903089986991944
560645.639	350	0.715	-7.903089986991944
561616.286	350	0.72	-7.903089986991944
563372.07	350	0.725	-7.903089986991944
565657.652	350	0.73	-7.903089986991944
566467.321	350	0.735	-7.903089986991944
569905.653	350	0.74	-7.903089986991944
570989.042	350	0.745	-7.903089986991944
572616.839	350	0.75	-7.903089986991944
573635.179	350	0.755	-7.903089986991944
575298.297	350	0.76	-7.903089986991944
576154.33	350	0.765	-7.903089986991944
579392.824	350	0.77	-7.903089986991944
581559.134	350	0.775	-7.903089986991944
583968.174	350	0.78	-7.903089986991944
584678.771	350	0.785	-7.903089986991944
586875.066	350	0.79	-7.903089986991944
589883.34	350	0.795	-7.903089986991944
590868.614	350	0.8	-7.903089986991944
593149.822	350	0.805	-7.903089986991944
594067.686	350	0.81	-7.903089986991944
595166.706	350	0.815	-7.903089986991944
596787.2	350	0.82	-7.903089986991944
598665.518	350	0.825	-7.903089986991944
603403.524	350	0.83	-7.903089986991944
606325.715	350	0.835	-7.903089986991944
609379.623	350	0.84	-7.903089986991944
610987.11	350	0.845	-7.903089986991944
614215.068	350	0.85	-7.903089986991944
616549.273	350	0.855	-7.903089986991944
618654.4	350	0.86	-7.903089986991944
622677.521	350	0.865	-7.903089986991944
624844.995	350	0.87	-7.903089986991944
627829.643	350	0.875	-7.903089986991944
628962.517	350	0.88	-7.903089986991944
631608.929	350	0.885	-7.903089986991944
634617.778	350	0.89	-7.903089986991944
637827.586	350	0.895	-7.903089986991944
639418.371	350	0.9	-7.903089986991944
642343.331	350	0.905	-7.903089986991944
645983.244	350	0.91	-7.903089986991944
648797.389	350	0.915	-7.903089986991944
660069.303	350	0.92	-7.903089986991944
664589.607	350	0.925	-7.903089986991944
667744.737	350	0.93	-7.903089986991944
676204.55	350	0.935	-7.903089986991944
683878.657	350	0.94	-7.903089986991944
693259.557	350	0.945	-7.903089986991944
698977.286	350	0.95	-7.903089986991944
708359.839	350	0.955	-7.903089986991944
719687.131	350	0.96	-7.903089986991944
730156.412	350	0.965	-7.903089986991944
737873.257	350	0.97	-7.903089986991944
755379.052	350	0.975	-7.903089986991944
769982.8	350	0.98	-7.903089986991944
789076.534	350	0.985	-7.903089986991944
810806.543	350	0.99	-7.903089986991944
857639.664	350	0.995	-7.903089986991944
533467.143	375	0.5	-7.903089986991944
534740.623	375	0.505	-7.903089986991944
535842.871	375	0.51	-7.903089986991944
537137.25	375	0.515	-7.903089986991944
538074.954	375	0.52	-7.903089986991944
539421.036	375	0.525	-7.903089986991944
540922.181	375	0.53	-7.903089986991944
541828.608	375	0.535	-7.903089986991944
542704.531	375	0.54	-7.903089986991944
545231.875	375	0.545	-7.903089986991944
546002.779	375	0.55	-7.903089986991944
546996.425	375	0.555	-7.903089986991944
548383.271	375	0.56	-7.903089986991944
549217.665	375	0.565	-7.903089986991944
549725.19	375	0.57	-7.903089986991944
550995.53	375	0.575	-7.903089986991944
551764.523	375	0.58	-7.903089986991944
553766.73	375	0.585	-7.903089986991944
554439.744	375	0.59	-7.903089986991944
555658.298	375	0.595	-7.903089986991944
557164.371	375	0.6	-7.903089986991944
557995.509	375	0.605	-7.903089986991944
560807.587	375	0.61	-7.903089986991944
561806.523	375	0.615	-7.903089986991944
563680.629	375	0.62	-7.903089986991944
565032.161	375	0.625	-7.903089986991944
566437.99	375	0.63	-7.903089986991944
567321.481	375	0.635	-7.903089986991944
567720.343	375	0.64	-7.903089986991944
569395.744	375	0.645	-7.903089986991944
570715.629	375	0.65	-7.903089986991944
572039.91	375	0.655	-7.903089986991944
573850.34	375	0.66	-7.903089986991944
574898.076	375	0.665	-7.903089986991944
578727.436	375	0.67	-7.903089986991944
580633.798	375	0.675	-7.903089986991944
582114.069	375	0.68	-7.903089986991944
584526.368	375	0.685	-7.903089986991944
585399.016	375	0.69	-7.903089986991944
587092.129	375	0.695	-7.903089986991944
588421.071	375	0.7	-7.903089986991944
589398.593	375	0.705	-7.903089986991944
590256.286	375	0.71	-7.903089986991944
591320.15	375	0.715	-7.903089986991944
593319.709	375	0.72	-7.903089986991944
595106.627	375	0.725	-7.903089986991944
596431.306	375	0.73	-7.903089986991944
598464.257	375	0.735	-7.903089986991944
599661.566	375	0.74	-7.903089986991944
601918.175	375	0.745	-7.903089986991944
603651.375	375	0.75	-7.903089986991944
604149.243	375	0.755	-7.903089986991944
605013.6	375	0.76	-7.903089986991944
606870.705	375	0.765	-7.903089986991944
607943.756	375	0.77	-7.903089986991944
609441.377	375	0.775	-7.903089986991944
610477.229	375	0.78	-7.903089986991944
612206.622	375	0.785	-7.903089986991944
614453.613	375	0.79	-7.903089986991944
616714.413	375	0.795	-7.903089986991944
619527.543	375	0.8	-7.903089986991944
621325.229	375	0.805	-7.903089986991944
624892.071	375	0.81	-7.903089986991944
627140.136	375	0.815	-7.903089986991944
631246.401	375	0.82	-7.903089986991944
638476.286	375	0.825	-7.903089986991944
639205.543	375	0.83	-7.903089986991944
641438.75	375	0.835	-7.903089986991944
648080.229	375	0.84	-7.903089986991944
649945.836	375	0.845	-7.903089986991944
651103.204	375	0.85	-7.903089986991944
652699.369	375	0.855	-7.903089986991944
654518.351	375	0.86	-7.903089986991944
656033.943	375	0.865	-7.903089986991944
658806.437	375	0.87	-7.903089986991944
663517.089	375	0.875	-7.903089986991944
665954.594	375	0.88	-7.903089986991944
669578.264	375	0.885	-7.903089986991944
671732.209	375	0.89	-7.903089986991944
675354.879	375	0.895	-7.903089986991944
682463.314	375	0.9	-7.903089986991944
685734.626	375	0.905	-7.903089986991944
692896.429	375	0.91	-7.903089986991944
697239.732	375	0.915	-7.903089986991944
701791.54	375	0.92	-7.903089986991944
703578.643	375	0.925	-7.903089986991944
709179.874	375	0.93	-7.903089986991944
715701.779	375	0.935	-7.903089986991944
722496.657	375	0.94	-7.903089986991944
726919.557	375	0.945	-7.903089986991944
734835.55	375	0.95	-7.903089986991944
743056.068	375	0.955	-7.903089986991944
750000.057	375	0.96	-7.903089986991944
765959.099	375	0.965	-7.903089986991944
772958.441	375	0.97	-7.903089986991944
779834.036	375	0.975	-7.903089986991944
800212.429	375	0.98	-7.903089986991944
812072.629	375	0.985	-7.903089986991944
849084.557	375	0.99	-7.903089986991944
867974.036	375	0.995	-7.903089986991944
559778.321	400	0.5	-7.903089986991944
561327.554	400	0.505	-7.903089986991944
563010.554	400	0.51	-7.903089986991944
564283.136	400	0.515	-7.903089986991944
565307.251	400	0.52	-7.903089986991944
566263.5	400	0.525	-7.903089986991944
567039.724	400	0.53	-7.903089986991944
567756.198	400	0.535	-7.903089986991944
568635.564	400	0.54	-7.903089986991944
569023.455	400	0.545	-7.903089986991944
569851.343	400	0.55	-7.903089986991944
570331.443	400	0.555	-7.903089986991944
570966.171	400	0.56	-7.903089986991944
572637.057	400	0.565	-7.903089986991944
573985.802	400	0.57	-7.903089986991944
575000.764	400	0.575	-7.903089986991944
576757.669	400	0.58	-7.903089986991944
577503.074	400	0.585	-7.903089986991944
578630.639	400	0.59	-7.903089986991944
580027.87	400	0.595	-7.903089986991944
581289.5	400	0.6	-7.903089986991944
584337.728	400	0.605	-7.903089986991944
585063.098	400	0.61	-7.903089986991944
585841.203	400	0.615	-7.903089986991944
587059.029	400	0.62	-7.903089986991944
588115.527	400	0.625	-7.903089986991944
588934.599	400	0.63	-7.903089986991944
591397.325	400	0.635	-7.903089986991944
592492.629	400	0.64	-7.903089986991944
594729.206	400	0.645	-7.903089986991944
597322.893	400	0.65	-7.903089986991944
599169.117	400	0.655	-7.903089986991944
601738.439	400	0.66	-7.903089986991944
602418.163	400	0.665	-7.903089986991944
602858.371	400	0.67	-7.903089986991944
604284.612	400	0.675	-7.903089986991944
605367.011	400	0.68	-7.903089986991944
607054.753	400	0.685	-7.903089986991944
608056.606	400	0.69	-7.903089986991944
608942.093	400	0.695	-7.903089986991944
610932.0	400	0.7	-7.903089986991944
612522.529	400	0.705	-7.903089986991944
613740.943	400	0.71	-7.903089986991944
615548.229	400	0.715	-7.903089986991944
616306.177	400	0.72	-7.903089986991944
617784.913	400	0.725	-7.903089986991944
619378.526	400	0.73	-7.903089986991944
621400.281	400	0.735	-7.903089986991944
622496.724	400	0.74	-7.903089986991944
624322.914	400	0.745	-7.903089986991944
626113.429	400	0.75	-7.903089986991944
628784.775	400	0.755	-7.903089986991944
632211.48	400	0.76	-7.903089986991944
634074.95	400	0.765	-7.903089986991944
635644.171	400	0.77	-7.903089986991944
639026.298	400	0.775	-7.903089986991944
639957.054	400	0.78	-7.903089986991944
641349.509	400	0.785	-7.903089986991944
642709.491	400	0.79	-7.903089986991944
644466.364	400	0.795	-7.903089986991944
645295.571	400	0.8	-7.903089986991944
647011.409	400	0.805	-7.903089986991944
649435.399	400	0.81	-7.903089986991944
651643.193	400	0.815	-7.903089986991944
652855.563	400	0.82	-7.903089986991944
655729.729	400	0.825	-7.903089986991944
658236.408	400	0.83	-7.903089986991944
659882.274	400	0.835	-7.903089986991944
661625.666	400	0.84	-7.903089986991944
665354.589	400	0.845	-7.903089986991944
669681.754	400	0.85	-7.903089986991944
673473.835	400	0.855	-7.903089986991944
678496.36	400	0.86	-7.903089986991944
681905.436	400	0.865	-7.903089986991944
684451.634	400	0.87	-7.903089986991944
690201.42	400	0.875	-7.903089986991944
692948.457	400	0.88	-7.903089986991944
696880.014	400	0.885	-7.903089986991944
705232.641	400	0.89	-7.903089986991944
712166.694	400	0.895	-7.903089986991944
717418.686	400	0.9	-7.903089986991944
722380.9	400	0.905	-7.903089986991944
726357.529	400	0.91	-7.903089986991944
731230.436	400	0.915	-7.903089986991944
737674.0	400	0.92	-7.903089986991944
744835.689	400	0.925	-7.903089986991944
749096.371	400	0.93	-7.903089986991944
758939.057	400	0.935	-7.903089986991944
764588.229	400	0.94	-7.903089986991944
770876.5	400	0.945	-7.903089986991944
776875.214	400	0.95	-7.903089986991944
790685.243	400	0.955	-7.903089986991944
798237.714	400	0.96	-7.903089986991944
806418.981	400	0.965	-7.903089986991944
813957.786	400	0.97	-7.903089986991944
828476.929	400	0.975	-7.903089986991944
844907.029	400	0.98	-7.903089986991944
876687.386	400	0.985	-7.903089986991944
904821.086	400	0.99	-7.903089986991944
936321.916	400	0.995	-7.903089986991944
588149.143	425	0.5	-7.903089986991944
589103.929	425	0.505	-7.903089986991944
590641.186	425	0.51	-7.903089986991944
591792.996	425	0.515	-7.903089986991944
593218.0	425	0.52	-7.903089986991944
593756.918	425	0.525	-7.903089986991944
595242.806	425	0.53	-7.903089986991944
596506.572	425	0.535	-7.903089986991944
597155.486	425	0.54	-7.903089986991944
598985.895	425	0.545	-7.903089986991944
599563.907	425	0.55	-7.903089986991944
601775.584	425	0.555	-7.903089986991944
602309.294	425	0.56	-7.903089986991944
604027.596	425	0.565	-7.903089986991944
604466.479	425	0.57	-7.903089986991944
606370.302	425	0.575	-7.903089986991944
607337.873	425	0.58	-7.903089986991944
608526.569	425	0.585	-7.903089986991944
609449.097	425	0.59	-7.903089986991944
610337.642	425	0.595	-7.903089986991944
611533.286	425	0.6	-7.903089986991944
612634.369	425	0.605	-7.903089986991944
615037.814	425	0.61	-7.903089986991944
616480.648	425	0.615	-7.903089986991944
617826.116	425	0.62	-7.903089986991944
618548.884	425	0.625	-7.903089986991944
619043.243	425	0.63	-7.903089986991944
621002.65	425	0.635	-7.903089986991944
622578.114	425	0.64	-7.903089986991944
624104.253	425	0.645	-7.903089986991944
626539.089	425	0.65	-7.903089986991944
628658.227	425	0.655	-7.903089986991944
629829.63	425	0.66	-7.903089986991944
631943.681	425	0.665	-7.903089986991944
632334.362	425	0.67	-7.903089986991944
633548.041	425	0.675	-7.903089986991944
634608.16	425	0.68	-7.903089986991944
638615.859	425	0.685	-7.903089986991944
639181.629	425	0.69	-7.903089986991944
640669.056	425	0.695	-7.903089986991944
642239.314	425	0.7	-7.903089986991944
643463.029	425	0.705	-7.903089986991944
644955.341	425	0.71	-7.903089986991944
645899.257	425	0.715	-7.903089986991944
646421.271	425	0.72	-7.903089986991944
647781.323	425	0.725	-7.903089986991944
649791.2	425	0.73	-7.903089986991944
650945.702	425	0.735	-7.903089986991944
654670.6	425	0.74	-7.903089986991944
656072.966	425	0.745	-7.903089986991944
657999.732	425	0.75	-7.903089986991944
661932.262	425	0.755	-7.903089986991944
662906.549	425	0.76	-7.903089986991944
665334.386	425	0.765	-7.903089986991944
667426.401	425	0.77	-7.903089986991944
668946.689	425	0.775	-7.903089986991944
671093.143	425	0.78	-7.903089986991944
673343.385	425	0.785	-7.903089986991944
675682.001	425	0.79	-7.903089986991944
677817.006	425	0.795	-7.903089986991944
678808.743	425	0.8	-7.903089986991944
681058.388	425	0.805	-7.903089986991944
684625.614	425	0.81	-7.903089986991944
689160.148	425	0.815	-7.903089986991944
692089.534	425	0.82	-7.903089986991944
693642.363	425	0.825	-7.903089986991944
695515.541	425	0.83	-7.903089986991944
699003.838	425	0.835	-7.903089986991944
705407.417	425	0.84	-7.903089986991944
707883.748	425	0.845	-7.903089986991944
710274.243	425	0.85	-7.903089986991944
711570.699	425	0.855	-7.903089986991944
714179.59	425	0.86	-7.903089986991944
719917.707	425	0.865	-7.903089986991944
722171.918	425	0.87	-7.903089986991944
723958.571	425	0.875	-7.903089986991944
727246.469	425	0.88	-7.903089986991944
731656.885	425	0.885	-7.903089986991944
735022.8	425	0.89	-7.903089986991944
737781.5	425	0.895	-7.903089986991944
742014.286	425	0.9	-7.903089986991944
746576.4	425	0.905	-7.903089986991944
750394.414	425	0.91	-7.903089986991944
752209.219	425	0.915	-7.903089986991944
758718.963	425	0.92	-7.903089986991944
763305.796	425	0.925	-7.903089986991944
771910.186	425	0.93	-7.903089986991944
778273.686	425	0.935	-7.903089986991944
787555.829	425	0.94	-7.903089986991944
791041.364	425	0.945	-7.903089986991944
804045.404	425	0.95	-7.903089986991944
812193.518	425	0.955	-7.903089986991944
826037.497	425	0.96	-7.903089986991944
832286.407	425	0.965	-7.903089986991944
836179.886	425	0.97	-7.903089986991944
860859.107	425	0.975	-7.903089986991944
875833.359	425	0.98	-7.903089986991944
903904.943	425	0.985	-7.903089986991944
934939.643	425	0.99	-7.903089986991944
986811.391	425	0.995	-7.903089986991944
610162.964	450	0.5	-7.903089986991944
611239.421	450	0.505	-7.903089986991944
611947.514	450	0.51	-7.903089986991944
612625.441	450	0.515	-7.903089986991944
613643.966	450	0.52	-7.903089986991944
615023.177	450	0.525	-7.903089986991944
616109.819	450	0.53	-7.903089986991944
618109.074	450	0.535	-7.903089986991944
618909.7	450	0.54	-7.903089986991944
621028.607	450	0.545	-7.903089986991944
622152.286	450	0.55	-7.903089986991944
624335.11	450	0.555	-7.903089986991944
625033.726	450	0.56	-7.903089986991944
626168.795	450	0.565	-7.903089986991944
627814.065	450	0.57	-7.903089986991944
629611.654	450	0.575	-7.903089986991944
631292.879	450	0.58	-7.903089986991944
632475.181	450	0.585	-7.903089986991944
633863.5	450	0.59	-7.903089986991944
634741.017	450	0.595	-7.903089986991944
636640.571	450	0.6	-7.903089986991944
638206.538	450	0.605	-7.903089986991944
639981.914	450	0.61	-7.903089986991944
641348.865	450	0.615	-7.903089986991944
643936.926	450	0.62	-7.903089986991944
644755.107	450	0.625	-7.903089986991944
646339.331	450	0.63	-7.903089986991944
647520.138	450	0.635	-7.903089986991944
649794.4	450	0.64	-7.903089986991944
650912.046	450	0.645	-7.903089986991944
652176.096	450	0.65	-7.903089986991944
654079.446	450	0.655	-7.903089986991944
655110.229	450	0.66	-7.903089986991944
657515.2	450	0.665	-7.903089986991944
658892.557	450	0.67	-7.903089986991944
661904.511	450	0.675	-7.903089986991944
663721.634	450	0.68	-7.903089986991944
667035.994	450	0.685	-7.903089986991944
668578.501	450	0.69	-7.903089986991944
669624.174	450	0.695	-7.903089986991944
670547.15	450	0.7	-7.903089986991944
671889.081	450	0.705	-7.903089986991944
674677.164	450	0.71	-7.903089986991944
676616.993	450	0.715	-7.903089986991944
678609.694	450	0.72	-7.903089986991944
679858.643	450	0.725	-7.903089986991944
681325.314	450	0.73	-7.903089986991944
682776.532	450	0.735	-7.903089986991944
683955.033	450	0.74	-7.903089986991944
685834.896	450	0.745	-7.903089986991944
687367.929	450	0.75	-7.903089986991944
689699.282	450	0.755	-7.903089986991944
690949.169	450	0.76	-7.903089986991944
691968.465	450	0.765	-7.903089986991944
692470.535	450	0.77	-7.903089986991944
694097.834	450	0.775	-7.903089986991944
696283.721	450	0.78	-7.903089986991944
697846.109	450	0.785	-7.903089986991944
700317.857	450	0.79	-7.903089986991944
702050.977	450	0.795	-7.903089986991944
703817.143	450	0.8	-7.903089986991944
706237.864	450	0.805	-7.903089986991944
708446.429	450	0.81	-7.903089986991944
713128.63	450	0.815	-7.903089986991944
717562.696	450	0.82	-7.903089986991944
720466.834	450	0.825	-7.903089986991944
722543.89	450	0.83	-7.903089986991944
725160.573	450	0.835	-7.903089986991944
726570.574	450	0.84	-7.903089986991944
729357.101	450	0.845	-7.903089986991944
732910.807	450	0.85	-7.903089986991944
740066.883	450	0.855	-7.903089986991944
744929.793	450	0.86	-7.903089986991944
747897.774	450	0.865	-7.903089986991944
750907.414	450	0.87	-7.903089986991944
753738.866	450	0.875	-7.903089986991944
756418.34	450	0.88	-7.903089986991944
759923.428	450	0.885	-7.903089986991944
766934.265	450	0.89	-7.903089986991944
771321.381	450	0.895	-7.903089986991944
776040.014	450	0.9	-7.903089986991944
778647.2	450	0.905	-7.903089986991944
782894.614	450	0.91	-7.903089986991944
786814.445	450	0.915	-7.903089986991944
792823.029	450	0.92	-7.903089986991944
798181.0	450	0.925	-7.903089986991944
801334.505	450	0.93	-7.903089986991944
803052.307	450	0.935	-7.903089986991944
807332.339	450	0.94	-7.903089986991944
816307.054	450	0.945	-7.903089986991944
829152.429	450	0.95	-7.903089986991944
842113.012	450	0.955	-7.903089986991944
860489.486	450	0.96	-7.903089986991944
865027.6	450	0.965	-7.903089986991944
867692.836	450	0.97	-7.903089986991944
891687.286	450	0.975	-7.903089986991944
912155.086	450	0.98	-7.903089986991944
921536.257	450	0.985	-7.903089986991944
939900.648	450	0.99	-7.903089986991944
957424.514	450	0.995	-7.903089986991944
