S*_score	SNP_num	quantile	log(local_recomb_rate)
121200.0	25	0.5	-7.903089986991944
121366.252	25	0.505	-7.903089986991944
121622.72	25	0.51	-7.903089986991944
121879.759	25	0.515	-7.903089986991944
122376.052	25	0.52	-7.903089986991944
122687.917	25	0.525	-7.903089986991944
123178.884	25	0.53	-7.903089986991944
123714.861	25	0.535	-7.903089986991944
124478.286	25	0.54	-7.903089986991944
124753.767	25	0.545	-7.903089986991944
125336.0	25	0.55	-7.903089986991944
125852.64	25	0.555	-7.903089986991944
126177.327	25	0.56	-7.903089986991944
126280.0	25	0.565	-7.903089986991944
126594.618	25	0.57	-7.903089986991944
127001.75	25	0.575	-7.903089986991944
127561.422	25	0.58	-7.903089986991944
128578.98	25	0.585	-7.903089986991944
128784.971	25	0.59	-7.903089986991944
128976.713	25	0.595	-7.903089986991944
129121.489	25	0.6	-7.903089986991944
129474.27	25	0.605	-7.903089986991944
130010.533	25	0.61	-7.903089986991944
130580.2	25	0.615	-7.903089986991944
130832.286	25	0.62	-7.903089986991944
131425.0	25	0.625	-7.903089986991944
131922.24	25	0.63	-7.903089986991944
132259.217	25	0.635	-7.903089986991944
132687.2	25	0.64	-7.903089986991944
132852.348	25	0.645	-7.903089986991944
133217.0	25	0.65	-7.903089986991944
133607.133	25	0.655	-7.903089986991944
134076.0	25	0.66	-7.903089986991944
134581.8	25	0.665	-7.903089986991944
134719.486	25	0.67	-7.903089986991944
135088.0	25	0.675	-7.903089986991944
135691.877	25	0.68	-7.903089986991944
136160.408	25	0.685	-7.903089986991944
136666.715	25	0.69	-7.903089986991944
137149.9	25	0.695	-7.903089986991944
137420.814	25	0.7	-7.903089986991944
138060.172	25	0.705	-7.903089986991944
139013.6	25	0.71	-7.903089986991944
140907.867	25	0.715	-7.903089986991944
141313.198	25	0.72	-7.903089986991944
142173.583	25	0.725	-7.903089986991944
142349.56	25	0.73	-7.903089986991944
142681.6	25	0.735	-7.903089986991944
143221.309	25	0.74	-7.903089986991944
144340.771	25	0.745	-7.903089986991944
144787.143	25	0.75	-7.903089986991944
145500.98	25	0.755	-7.903089986991944
145911.01	25	0.76	-7.903089986991944
146744.667	25	0.765	-7.903089986991944
147384.3	25	0.77	-7.903089986991944
147649.384	25	0.775	-7.903089986991944
147998.031	25	0.78	-7.903089986991944
149048.5	25	0.785	-7.903089986991944
149858.254	25	0.79	-7.903089986991944
150528.4	25	0.795	-7.903089986991944
151117.143	25	0.8	-7.903089986991944
152280.64	25	0.805	-7.903089986991944
153167.84	25	0.81	-7.903089986991944
153478.85	25	0.815	-7.903089986991944
154372.249	25	0.82	-7.903089986991944
155047.017	25	0.825	-7.903089986991944
156195.1	25	0.83	-7.903089986991944
156779.583	25	0.835	-7.903089986991944
157624.382	25	0.84	-7.903089986991944
158179.412	25	0.845	-7.903089986991944
158897.95	25	0.85	-7.903089986991944
159641.4	25	0.855	-7.903089986991944
160082.72	25	0.86	-7.903089986991944
160629.59	25	0.865	-7.903089986991944
161800.757	25	0.87	-7.903089986991944
162575.75	25	0.875	-7.903089986991944
163377.6	25	0.88	-7.903089986991944
165771.4	25	0.885	-7.903089986991944
166676.667	25	0.89	-7.903089986991944
168099.35	25	0.895	-7.903089986991944
169070.933	25	0.9	-7.903089986991944
169769.9	25	0.905	-7.903089986991944
170691.414	25	0.91	-7.903089986991944
172305.4	25	0.915	-7.903089986991944
172904.627	25	0.92	-7.903089986991944
174126.021	25	0.925	-7.903089986991944
175892.8	25	0.93	-7.903089986991944
177473.025	25	0.935	-7.903089986991944
178662.4	25	0.94	-7.903089986991944
179557.0	25	0.945	-7.903089986991944
179878.0	25	0.95	-7.903089986991944
181117.629	25	0.955	-7.903089986991944
183788.2	25	0.96	-7.903089986991944
188062.043	25	0.965	-7.903089986991944
189313.8	25	0.97	-7.903089986991944
191652.789	25	0.975	-7.903089986991944
195264.8	25	0.98	-7.903089986991944
199963.2	25	0.985	-7.903089986991944
205073.408	25	0.99	-7.903089986991944
217003.746	25	0.995	-7.903089986991944
142444.863	50	0.5	-7.903089986991944
142897.82	50	0.505	-7.903089986991944
143385.348	50	0.51	-7.903089986991944
143707.469	50	0.515	-7.903089986991944
144063.838	50	0.52	-7.903089986991944
144562.531	50	0.525	-7.903089986991944
145173.394	50	0.53	-7.903089986991944
145306.485	50	0.535	-7.903089986991944
145574.015	50	0.54	-7.903089986991944
146146.938	50	0.545	-7.903089986991944
146649.317	50	0.55	-7.903089986991944
147406.949	50	0.555	-7.903089986991944
147764.262	50	0.56	-7.903089986991944
148181.316	50	0.565	-7.903089986991944
148546.32	50	0.57	-7.903089986991944
148828.262	50	0.575	-7.903089986991944
150056.167	50	0.58	-7.903089986991944
150314.738	50	0.585	-7.903089986991944
150893.443	50	0.59	-7.903089986991944
151549.855	50	0.595	-7.903089986991944
152092.571	50	0.6	-7.903089986991944
152898.329	50	0.605	-7.903089986991944
153450.757	50	0.61	-7.903089986991944
153998.963	50	0.615	-7.903089986991944
154557.771	50	0.62	-7.903089986991944
155117.875	50	0.625	-7.903089986991944
155822.877	50	0.63	-7.903089986991944
156064.114	50	0.635	-7.903089986991944
156467.409	50	0.64	-7.903089986991944
156917.227	50	0.645	-7.903089986991944
157431.059	50	0.65	-7.903089986991944
158137.526	50	0.655	-7.903089986991944
158397.757	50	0.66	-7.903089986991944
158682.373	50	0.665	-7.903089986991944
158767.294	50	0.67	-7.903089986991944
159328.096	50	0.675	-7.903089986991944
159519.387	50	0.68	-7.903089986991944
159816.716	50	0.685	-7.903089986991944
160378.216	50	0.69	-7.903089986991944
160979.952	50	0.695	-7.903089986991944
161287.236	50	0.7	-7.903089986991944
161455.167	50	0.705	-7.903089986991944
161760.929	50	0.71	-7.903089986991944
162237.629	50	0.715	-7.903089986991944
162937.164	50	0.72	-7.903089986991944
163591.59	50	0.725	-7.903089986991944
163842.906	50	0.73	-7.903089986991944
164369.481	50	0.735	-7.903089986991944
164723.13	50	0.74	-7.903089986991944
164971.126	50	0.745	-7.903089986991944
165277.276	50	0.75	-7.903089986991944
165566.677	50	0.755	-7.903089986991944
166156.711	50	0.76	-7.903089986991944
166751.59	50	0.765	-7.903089986991944
167429.865	50	0.77	-7.903089986991944
168028.714	50	0.775	-7.903089986991944
168725.2	50	0.78	-7.903089986991944
169103.451	50	0.785	-7.903089986991944
169759.072	50	0.79	-7.903089986991944
170266.914	50	0.795	-7.903089986991944
170772.727	50	0.8	-7.903089986991944
171285.897	50	0.805	-7.903089986991944
171977.977	50	0.81	-7.903089986991944
172419.254	50	0.815	-7.903089986991944
172840.889	50	0.82	-7.903089986991944
173036.954	50	0.825	-7.903089986991944
173705.197	50	0.83	-7.903089986991944
174199.051	50	0.835	-7.903089986991944
175253.68	50	0.84	-7.903089986991944
175747.697	50	0.845	-7.903089986991944
175916.875	50	0.85	-7.903089986991944
177003.767	50	0.855	-7.903089986991944
177577.801	50	0.86	-7.903089986991944
178042.902	50	0.865	-7.903089986991944
179168.375	50	0.87	-7.903089986991944
179975.962	50	0.875	-7.903089986991944
180793.844	50	0.88	-7.903089986991944
181356.562	50	0.885	-7.903089986991944
182407.232	50	0.89	-7.903089986991944
182997.154	50	0.895	-7.903089986991944
183707.571	50	0.9	-7.903089986991944
185456.242	50	0.905	-7.903089986991944
186253.316	50	0.91	-7.903089986991944
187265.38	50	0.915	-7.903089986991944
188704.217	50	0.92	-7.903089986991944
190978.654	50	0.925	-7.903089986991944
193679.181	50	0.93	-7.903089986991944
195282.393	50	0.935	-7.903089986991944
196269.771	50	0.94	-7.903089986991944
198373.512	50	0.945	-7.903089986991944
201134.007	50	0.95	-7.903089986991944
203419.2	50	0.955	-7.903089986991944
206049.623	50	0.96	-7.903089986991944
210593.879	50	0.965	-7.903089986991944
214020.972	50	0.97	-7.903089986991944
218697.0	50	0.975	-7.903089986991944
225670.22	50	0.98	-7.903089986991944
233105.857	50	0.985	-7.903089986991944
240770.06	50	0.99	-7.903089986991944
252195.907	50	0.995	-7.903089986991944
167006.75	75	0.5	-7.903089986991944
167443.643	75	0.505	-7.903089986991944
167753.887	75	0.51	-7.903089986991944
168174.137	75	0.515	-7.903089986991944
168753.046	75	0.52	-7.903089986991944
169411.925	75	0.525	-7.903089986991944
169802.979	75	0.53	-7.903089986991944
169945.172	75	0.535	-7.903089986991944
170370.571	75	0.54	-7.903089986991944
170761.065	75	0.545	-7.903089986991944
171053.969	75	0.55	-7.903089986991944
171328.3	75	0.555	-7.903089986991944
171622.616	75	0.56	-7.903089986991944
171963.218	75	0.565	-7.903089986991944
172479.747	75	0.57	-7.903089986991944
173022.746	75	0.575	-7.903089986991944
173211.59	75	0.58	-7.903089986991944
173779.35	75	0.585	-7.903089986991944
174164.46	75	0.59	-7.903089986991944
174744.386	75	0.595	-7.903089986991944
175070.0	75	0.6	-7.903089986991944
175824.4	75	0.605	-7.903089986991944
176406.614	75	0.61	-7.903089986991944
176679.604	75	0.615	-7.903089986991944
176991.92	75	0.62	-7.903089986991944
177268.214	75	0.625	-7.903089986991944
177751.274	75	0.63	-7.903089986991944
178070.677	75	0.635	-7.903089986991944
178284.806	75	0.64	-7.903089986991944
178754.311	75	0.645	-7.903089986991944
179271.05	75	0.65	-7.903089986991944
179907.684	75	0.655	-7.903089986991944
180321.658	75	0.66	-7.903089986991944
180844.321	75	0.665	-7.903089986991944
181689.253	75	0.67	-7.903089986991944
181956.429	75	0.675	-7.903089986991944
182156.617	75	0.68	-7.903089986991944
182644.805	75	0.685	-7.903089986991944
182804.19	75	0.69	-7.903089986991944
184047.218	75	0.695	-7.903089986991944
184569.1	75	0.7	-7.903089986991944
185079.706	75	0.705	-7.903089986991944
185501.382	75	0.71	-7.903089986991944
186271.922	75	0.715	-7.903089986991944
186651.58	75	0.72	-7.903089986991944
187579.223	75	0.725	-7.903089986991944
188028.898	75	0.73	-7.903089986991944
188454.0	75	0.735	-7.903089986991944
189095.143	75	0.74	-7.903089986991944
189206.733	75	0.745	-7.903089986991944
189757.357	75	0.75	-7.903089986991944
190102.657	75	0.755	-7.903089986991944
190611.257	75	0.76	-7.903089986991944
190914.185	75	0.765	-7.903089986991944
191963.861	75	0.77	-7.903089986991944
192251.5	75	0.775	-7.903089986991944
193148.931	75	0.78	-7.903089986991944
193940.889	75	0.785	-7.903089986991944
195129.571	75	0.79	-7.903089986991944
195775.771	75	0.795	-7.903089986991944
196598.667	75	0.8	-7.903089986991944
197332.871	75	0.805	-7.903089986991944
198035.769	75	0.81	-7.903089986991944
198556.386	75	0.815	-7.903089986991944
198938.753	75	0.82	-7.903089986991944
199714.404	75	0.825	-7.903089986991944
199958.635	75	0.83	-7.903089986991944
200509.028	75	0.835	-7.903089986991944
200972.514	75	0.84	-7.903089986991944
201978.599	75	0.845	-7.903089986991944
202923.865	75	0.85	-7.903089986991944
203536.071	75	0.855	-7.903089986991944
204536.514	75	0.86	-7.903089986991944
205600.633	75	0.865	-7.903089986991944
206212.293	75	0.87	-7.903089986991944
207617.967	75	0.875	-7.903089986991944
208925.109	75	0.88	-7.903089986991944
209421.063	75	0.885	-7.903089986991944
210022.621	75	0.89	-7.903089986991944
210750.044	75	0.895	-7.903089986991944
212149.996	75	0.9	-7.903089986991944
213517.143	75	0.905	-7.903089986991944
213858.524	75	0.91	-7.903089986991944
217858.129	75	0.915	-7.903089986991944
219529.339	75	0.92	-7.903089986991944
222017.26	75	0.925	-7.903089986991944
223908.804	75	0.93	-7.903089986991944
224365.539	75	0.935	-7.903089986991944
227483.306	75	0.94	-7.903089986991944
230078.329	75	0.945	-7.903089986991944
231720.624	75	0.95	-7.903089986991944
233782.851	75	0.955	-7.903089986991944
239485.669	75	0.96	-7.903089986991944
243725.886	75	0.965	-7.903089986991944
249811.965	75	0.97	-7.903089986991944
255229.083	75	0.975	-7.903089986991944
268116.7	75	0.98	-7.903089986991944
278229.252	75	0.985	-7.903089986991944
286923.503	75	0.99	-7.903089986991944
303981.143	75	0.995	-7.903089986991944
188116.593	100	0.5	-7.903089986991944
188523.446	100	0.505	-7.903089986991944
188887.832	100	0.51	-7.903089986991944
189359.291	100	0.515	-7.903089986991944
189579.094	100	0.52	-7.903089986991944
189743.998	100	0.525	-7.903089986991944
190053.798	100	0.53	-7.903089986991944
190448.126	100	0.535	-7.903089986991944
190646.953	100	0.54	-7.903089986991944
191066.052	100	0.545	-7.903089986991944
191375.275	100	0.55	-7.903089986991944
191726.373	100	0.555	-7.903089986991944
192273.292	100	0.56	-7.903089986991944
192949.583	100	0.565	-7.903089986991944
193207.832	100	0.57	-7.903089986991944
193501.582	100	0.575	-7.903089986991944
193782.724	100	0.58	-7.903089986991944
194164.928	100	0.585	-7.903089986991944
194551.346	100	0.59	-7.903089986991944
195126.782	100	0.595	-7.903089986991944
195474.452	100	0.6	-7.903089986991944
196060.129	100	0.605	-7.903089986991944
196544.622	100	0.61	-7.903089986991944
196780.771	100	0.615	-7.903089986991944
197149.517	100	0.62	-7.903089986991944
198169.038	100	0.625	-7.903089986991944
198476.757	100	0.63	-7.903089986991944
198812.15	100	0.635	-7.903089986991944
199094.426	100	0.64	-7.903089986991944
199428.437	100	0.645	-7.903089986991944
200059.571	100	0.65	-7.903089986991944
200682.568	100	0.655	-7.903089986991944
201143.954	100	0.66	-7.903089986991944
201652.429	100	0.665	-7.903089986991944
202258.7	100	0.67	-7.903089986991944
202707.641	100	0.675	-7.903089986991944
203065.96	100	0.68	-7.903089986991944
203655.283	100	0.685	-7.903089986991944
204108.286	100	0.69	-7.903089986991944
204599.751	100	0.695	-7.903089986991944
205003.643	100	0.7	-7.903089986991944
205273.228	100	0.705	-7.903089986991944
205738.471	100	0.71	-7.903089986991944
206350.2	100	0.715	-7.903089986991944
206992.451	100	0.72	-7.903089986991944
207518.025	100	0.725	-7.903089986991944
208091.986	100	0.73	-7.903089986991944
208606.567	100	0.735	-7.903089986991944
208799.176	100	0.74	-7.903089986991944
209524.032	100	0.745	-7.903089986991944
209897.224	100	0.75	-7.903089986991944
210366.243	100	0.755	-7.903089986991944
211164.126	100	0.76	-7.903089986991944
211558.714	100	0.765	-7.903089986991944
212272.491	100	0.77	-7.903089986991944
212846.409	100	0.775	-7.903089986991944
213244.657	100	0.78	-7.903089986991944
213500.959	100	0.785	-7.903089986991944
213999.25	100	0.79	-7.903089986991944
214532.079	100	0.795	-7.903089986991944
215141.558	100	0.8	-7.903089986991944
215850.286	100	0.805	-7.903089986991944
216255.571	100	0.81	-7.903089986991944
217068.632	100	0.815	-7.903089986991944
217613.914	100	0.82	-7.903089986991944
218868.964	100	0.825	-7.903089986991944
219349.429	100	0.83	-7.903089986991944
220537.834	100	0.835	-7.903089986991944
221987.68	100	0.84	-7.903089986991944
222599.776	100	0.845	-7.903089986991944
223454.876	100	0.85	-7.903089986991944
223799.754	100	0.855	-7.903089986991944
224975.486	100	0.86	-7.903089986991944
226109.7	100	0.865	-7.903089986991944
229436.314	100	0.87	-7.903089986991944
230088.955	100	0.875	-7.903089986991944
231242.215	100	0.88	-7.903089986991944
231741.293	100	0.885	-7.903089986991944
233309.571	100	0.89	-7.903089986991944
234869.033	100	0.895	-7.903089986991944
235990.714	100	0.9	-7.903089986991944
237508.671	100	0.905	-7.903089986991944
239910.564	100	0.91	-7.903089986991944
242581.66	100	0.915	-7.903089986991944
244293.829	100	0.92	-7.903089986991944
246691.705	100	0.925	-7.903089986991944
248923.0	100	0.93	-7.903089986991944
252483.698	100	0.935	-7.903089986991944
255560.371	100	0.94	-7.903089986991944
262573.861	100	0.945	-7.903089986991944
267026.177	100	0.95	-7.903089986991944
270461.029	100	0.955	-7.903089986991944
274012.114	100	0.96	-7.903089986991944
277304.779	100	0.965	-7.903089986991944
284959.5	100	0.97	-7.903089986991944
290331.643	100	0.975	-7.903089986991944
294281.585	100	0.98	-7.903089986991944
304552.856	100	0.985	-7.903089986991944
328819.352	100	0.99	-7.903089986991944
345526.631	100	0.995	-7.903089986991944
205447.179	125	0.5	-7.903089986991944
206024.361	125	0.505	-7.903089986991944
206343.241	125	0.51	-7.903089986991944
207008.8	125	0.515	-7.903089986991944
207240.84	125	0.52	-7.903089986991944
207803.1	125	0.525	-7.903089986991944
208221.499	125	0.53	-7.903089986991944
208537.073	125	0.535	-7.903089986991944
208883.933	125	0.54	-7.903089986991944
209359.486	125	0.545	-7.903089986991944
209757.961	125	0.55	-7.903089986991944
210181.275	125	0.555	-7.903089986991944
210702.154	125	0.56	-7.903089986991944
211009.381	125	0.565	-7.903089986991944
211330.743	125	0.57	-7.903089986991944
211716.923	125	0.575	-7.903089986991944
212159.067	125	0.58	-7.903089986991944
212749.35	125	0.585	-7.903089986991944
213055.6	125	0.59	-7.903089986991944
213495.514	125	0.595	-7.903089986991944
214020.0	125	0.6	-7.903089986991944
214964.591	125	0.605	-7.903089986991944
215285.929	125	0.61	-7.903089986991944
215471.208	125	0.615	-7.903089986991944
215723.427	125	0.62	-7.903089986991944
216387.973	125	0.625	-7.903089986991944
216891.5	125	0.63	-7.903089986991944
217420.363	125	0.635	-7.903089986991944
218283.073	125	0.64	-7.903089986991944
218706.142	125	0.645	-7.903089986991944
218983.739	125	0.65	-7.903089986991944
219310.66	125	0.655	-7.903089986991944
220107.78	125	0.66	-7.903089986991944
220660.991	125	0.665	-7.903089986991944
221059.225	125	0.67	-7.903089986991944
221668.552	125	0.675	-7.903089986991944
222107.363	125	0.68	-7.903089986991944
222415.583	125	0.685	-7.903089986991944
222929.857	125	0.69	-7.903089986991944
223807.534	125	0.695	-7.903089986991944
224154.021	125	0.7	-7.903089986991944
224611.779	125	0.705	-7.903089986991944
224979.855	125	0.71	-7.903089986991944
225830.857	125	0.715	-7.903089986991944
226202.697	125	0.72	-7.903089986991944
226877.343	125	0.725	-7.903089986991944
227075.325	125	0.73	-7.903089986991944
227821.6	125	0.735	-7.903089986991944
228209.69	125	0.74	-7.903089986991944
228451.747	125	0.745	-7.903089986991944
229136.923	125	0.75	-7.903089986991944
229576.656	125	0.755	-7.903089986991944
230164.38	125	0.76	-7.903089986991944
230755.664	125	0.765	-7.903089986991944
231550.171	125	0.77	-7.903089986991944
232139.357	125	0.775	-7.903089986991944
233202.306	125	0.78	-7.903089986991944
233784.515	125	0.785	-7.903089986991944
234218.779	125	0.79	-7.903089986991944
235158.629	125	0.795	-7.903089986991944
236020.343	125	0.8	-7.903089986991944
236706.071	125	0.805	-7.903089986991944
237759.046	125	0.81	-7.903089986991944
238661.359	125	0.815	-7.903089986991944
238966.14	125	0.82	-7.903089986991944
240213.581	125	0.825	-7.903089986991944
240711.016	125	0.83	-7.903089986991944
241219.95	125	0.835	-7.903089986991944
242143.157	125	0.84	-7.903089986991944
243780.993	125	0.845	-7.903089986991944
245121.039	125	0.85	-7.903089986991944
246501.512	125	0.855	-7.903089986991944
247768.923	125	0.86	-7.903089986991944
249493.029	125	0.865	-7.903089986991944
250701.291	125	0.87	-7.903089986991944
251373.393	125	0.875	-7.903089986991944
253816.84	125	0.88	-7.903089986991944
256742.894	125	0.885	-7.903089986991944
259244.843	125	0.89	-7.903089986991944
261772.986	125	0.895	-7.903089986991944
263843.664	125	0.9	-7.903089986991944
265371.179	125	0.905	-7.903089986991944
268838.531	125	0.91	-7.903089986991944
270287.725	125	0.915	-7.903089986991944
273274.171	125	0.92	-7.903089986991944
274920.786	125	0.925	-7.903089986991944
276830.124	125	0.93	-7.903089986991944
279776.779	125	0.935	-7.903089986991944
281621.527	125	0.94	-7.903089986991944
285098.594	125	0.945	-7.903089986991944
291151.246	125	0.95	-7.903089986991944
293608.175	125	0.955	-7.903089986991944
297506.926	125	0.96	-7.903089986991944
303917.743	125	0.965	-7.903089986991944
320056.015	125	0.97	-7.903089986991944
328294.034	125	0.975	-7.903089986991944
334887.514	125	0.98	-7.903089986991944
346326.791	125	0.985	-7.903089986991944
356416.257	125	0.99	-7.903089986991944
367233.076	125	0.995	-7.903089986991944
222130.714	150	0.5	-7.903089986991944
222313.682	150	0.505	-7.903089986991944
222831.47	150	0.51	-7.903089986991944
223332.272	150	0.515	-7.903089986991944
223620.56	150	0.52	-7.903089986991944
223896.714	150	0.525	-7.903089986991944
224446.742	150	0.53	-7.903089986991944
224862.779	150	0.535	-7.903089986991944
225369.514	150	0.54	-7.903089986991944
226381.489	150	0.545	-7.903089986991944
226690.143	150	0.55	-7.903089986991944
227014.995	150	0.555	-7.903089986991944
227523.371	150	0.56	-7.903089986991944
227724.454	150	0.565	-7.903089986991944
228227.567	150	0.57	-7.903089986991944
229021.071	150	0.575	-7.903089986991944
229253.47	150	0.58	-7.903089986991944
229715.886	150	0.585	-7.903089986991944
230315.843	150	0.59	-7.903089986991944
230660.663	150	0.595	-7.903089986991944
231190.086	150	0.6	-7.903089986991944
231831.999	150	0.605	-7.903089986991944
232077.172	150	0.61	-7.903089986991944
232698.492	150	0.615	-7.903089986991944
233286.37	150	0.62	-7.903089986991944
233903.75	150	0.625	-7.903089986991944
234350.155	150	0.63	-7.903089986991944
234814.036	150	0.635	-7.903089986991944
235315.589	150	0.64	-7.903089986991944
235852.332	150	0.645	-7.903089986991944
236249.975	150	0.65	-7.903089986991944
237103.893	150	0.655	-7.903089986991944
238263.629	150	0.66	-7.903089986991944
238540.533	150	0.665	-7.903089986991944
239291.629	150	0.67	-7.903089986991944
239486.107	150	0.675	-7.903089986991944
239990.334	150	0.68	-7.903089986991944
240255.47	150	0.685	-7.903089986991944
240808.732	150	0.69	-7.903089986991944
241548.45	150	0.695	-7.903089986991944
242118.307	150	0.7	-7.903089986991944
243224.214	150	0.705	-7.903089986991944
243437.371	150	0.71	-7.903089986991944
243790.859	150	0.715	-7.903089986991944
244533.086	150	0.72	-7.903089986991944
245818.988	150	0.725	-7.903089986991944
246284.357	150	0.73	-7.903089986991944
247468.303	150	0.735	-7.903089986991944
247742.789	150	0.74	-7.903089986991944
248400.775	150	0.745	-7.903089986991944
249552.158	150	0.75	-7.903089986991944
250174.948	150	0.755	-7.903089986991944
250819.96	150	0.76	-7.903089986991944
251214.925	150	0.765	-7.903089986991944
251885.998	150	0.77	-7.903089986991944
252556.361	150	0.775	-7.903089986991944
253228.427	150	0.78	-7.903089986991944
254572.181	150	0.785	-7.903089986991944
255843.925	150	0.79	-7.903089986991944
256651.509	150	0.795	-7.903089986991944
257309.714	150	0.8	-7.903089986991944
259030.142	150	0.805	-7.903089986991944
261042.501	150	0.81	-7.903089986991944
262571.229	150	0.815	-7.903089986991944
263404.144	150	0.82	-7.903089986991944
264460.191	150	0.825	-7.903089986991944
265364.714	150	0.83	-7.903089986991944
266037.314	150	0.835	-7.903089986991944
266870.178	150	0.84	-7.903089986991944
267654.604	150	0.845	-7.903089986991944
268404.811	150	0.85	-7.903089986991944
270554.14	150	0.855	-7.903089986991944
272862.954	150	0.86	-7.903089986991944
273790.221	150	0.865	-7.903089986991944
275955.134	150	0.87	-7.903089986991944
276933.402	150	0.875	-7.903089986991944
279491.269	150	0.88	-7.903089986991944
280509.338	150	0.885	-7.903089986991944
281360.291	150	0.89	-7.903089986991944
282383.99	150	0.895	-7.903089986991944
283448.587	150	0.9	-7.903089986991944
284387.636	150	0.905	-7.903089986991944
287360.179	150	0.91	-7.903089986991944
290852.951	150	0.915	-7.903089986991944
293372.997	150	0.92	-7.903089986991944
294661.893	150	0.925	-7.903089986991944
296374.891	150	0.93	-7.903089986991944
301833.721	150	0.935	-7.903089986991944
305645.612	150	0.94	-7.903089986991944
308355.972	150	0.945	-7.903089986991944
314037.286	150	0.95	-7.903089986991944
319625.929	150	0.955	-7.903089986991944
326156.629	150	0.96	-7.903089986991944
330148.78	150	0.965	-7.903089986991944
336017.831	150	0.97	-7.903089986991944
341532.179	150	0.975	-7.903089986991944
352168.844	150	0.98	-7.903089986991944
368097.929	150	0.985	-7.903089986991944
378355.229	150	0.99	-7.903089986991944
394837.436	150	0.995	-7.903089986991944
237334.321	175	0.5	-7.903089986991944
237789.979	175	0.505	-7.903089986991944
238287.185	175	0.51	-7.903089986991944
238626.898	175	0.515	-7.903089986991944
239402.743	175	0.52	-7.903089986991944
240214.746	175	0.525	-7.903089986991944
240900.396	175	0.53	-7.903089986991944
241234.71	175	0.535	-7.903089986991944
241744.971	175	0.54	-7.903089986991944
242356.007	175	0.545	-7.903089986991944
242895.896	175	0.55	-7.903089986991944
243110.466	175	0.555	-7.903089986991944
243429.06	175	0.56	-7.903089986991944
243790.095	175	0.565	-7.903089986991944
244279.906	175	0.57	-7.903089986991944
244772.923	175	0.575	-7.903089986991944
245123.901	175	0.58	-7.903089986991944
245504.813	175	0.585	-7.903089986991944
246237.459	175	0.59	-7.903089986991944
246933.025	175	0.595	-7.903089986991944
247549.114	175	0.6	-7.903089986991944
247861.993	175	0.605	-7.903089986991944
248362.173	175	0.61	-7.903089986991944
248906.507	175	0.615	-7.903089986991944
249019.701	175	0.62	-7.903089986991944
249463.777	175	0.625	-7.903089986991944
249786.671	175	0.63	-7.903089986991944
250333.034	175	0.635	-7.903089986991944
251495.037	175	0.64	-7.903089986991944
252069.375	175	0.645	-7.903089986991944
252260.546	175	0.65	-7.903089986991944
252809.099	175	0.655	-7.903089986991944
253346.367	175	0.66	-7.903089986991944
254265.255	175	0.665	-7.903089986991944
254887.095	175	0.67	-7.903089986991944
255407.832	175	0.675	-7.903089986991944
255919.086	175	0.68	-7.903089986991944
256073.657	175	0.685	-7.903089986991944
256581.029	175	0.69	-7.903089986991944
256925.339	175	0.695	-7.903089986991944
257465.142	175	0.7	-7.903089986991944
257935.071	175	0.705	-7.903089986991944
258756.557	175	0.71	-7.903089986991944
259470.663	175	0.715	-7.903089986991944
260459.549	175	0.72	-7.903089986991944
261002.214	175	0.725	-7.903089986991944
261918.038	175	0.73	-7.903089986991944
262391.938	175	0.735	-7.903089986991944
262861.634	175	0.74	-7.903089986991944
263272.285	175	0.745	-7.903089986991944
264133.268	175	0.75	-7.903089986991944
264850.829	175	0.755	-7.903089986991944
266129.6	175	0.76	-7.903089986991944
267518.457	175	0.765	-7.903089986991944
269691.432	175	0.77	-7.903089986991944
270226.821	175	0.775	-7.903089986991944
271145.457	175	0.78	-7.903089986991944
272794.602	175	0.785	-7.903089986991944
274017.485	175	0.79	-7.903089986991944
275050.205	175	0.795	-7.903089986991944
275714.057	175	0.8	-7.903089986991944
277855.208	175	0.805	-7.903089986991944
279096.985	175	0.81	-7.903089986991944
279933.45	175	0.815	-7.903089986991944
281535.551	175	0.82	-7.903089986991944
282315.998	175	0.825	-7.903089986991944
283599.726	175	0.83	-7.903089986991944
284544.076	175	0.835	-7.903089986991944
286796.626	175	0.84	-7.903089986991944
288168.168	175	0.845	-7.903089986991944
289130.429	175	0.85	-7.903089986991944
290280.376	175	0.855	-7.903089986991944
290956.683	175	0.86	-7.903089986991944
293816.457	175	0.865	-7.903089986991944
298651.195	175	0.87	-7.903089986991944
300035.304	175	0.875	-7.903089986991944
301190.0	175	0.88	-7.903089986991944
304181.1	175	0.885	-7.903089986991944
305312.265	175	0.89	-7.903089986991944
307754.671	175	0.895	-7.903089986991944
309652.143	175	0.9	-7.903089986991944
311784.022	175	0.905	-7.903089986991944
315261.608	175	0.91	-7.903089986991944
320908.208	175	0.915	-7.903089986991944
325223.947	175	0.92	-7.903089986991944
328406.5	175	0.925	-7.903089986991944
332508.323	175	0.93	-7.903089986991944
335170.771	175	0.935	-7.903089986991944
340157.043	175	0.94	-7.903089986991944
345286.705	175	0.945	-7.903089986991944
350084.956	175	0.95	-7.903089986991944
356044.446	175	0.955	-7.903089986991944
361259.2	175	0.96	-7.903089986991944
368908.4	175	0.965	-7.903089986991944
385742.4	175	0.97	-7.903089986991944
397686.684	175	0.975	-7.903089986991944
411254.343	175	0.98	-7.903089986991944
421549.593	175	0.985	-7.903089986991944
452321.051	175	0.99	-7.903089986991944
475158.071	175	0.995	-7.903089986991944
250767.321	200	0.5	-7.903089986991944
251262.094	200	0.505	-7.903089986991944
251522.0	200	0.51	-7.903089986991944
251942.216	200	0.515	-7.903089986991944
252167.903	200	0.52	-7.903089986991944
252511.711	200	0.525	-7.903089986991944
252752.638	200	0.53	-7.903089986991944
253021.386	200	0.535	-7.903089986991944
253324.304	200	0.54	-7.903089986991944
253795.2	200	0.545	-7.903089986991944
254350.682	200	0.55	-7.903089986991944
254722.487	200	0.555	-7.903089986991944
255347.314	200	0.56	-7.903089986991944
255751.595	200	0.565	-7.903089986991944
256273.251	200	0.57	-7.903089986991944
256702.75	200	0.575	-7.903089986991944
257370.671	200	0.58	-7.903089986991944
257525.763	200	0.585	-7.903089986991944
257908.629	200	0.59	-7.903089986991944
258235.198	200	0.595	-7.903089986991944
258464.686	200	0.6	-7.903089986991944
259102.621	200	0.605	-7.903089986991944
259647.107	200	0.61	-7.903089986991944
259856.0	200	0.615	-7.903089986991944
260320.816	200	0.62	-7.903089986991944
261205.0	200	0.625	-7.903089986991944
261644.169	200	0.63	-7.903089986991944
262222.737	200	0.635	-7.903089986991944
262865.42	200	0.64	-7.903089986991944
263182.864	200	0.645	-7.903089986991944
263981.571	200	0.65	-7.903089986991944
264995.514	200	0.655	-7.903089986991944
265356.199	200	0.66	-7.903089986991944
266288.129	200	0.665	-7.903089986991944
266375.714	200	0.67	-7.903089986991944
266652.204	200	0.675	-7.903089986991944
267994.8	200	0.68	-7.903089986991944
268839.281	200	0.685	-7.903089986991944
269845.622	200	0.69	-7.903089986991944
270451.115	200	0.695	-7.903089986991944
271009.743	200	0.7	-7.903089986991944
271945.479	200	0.705	-7.903089986991944
272472.209	200	0.71	-7.903089986991944
273213.525	200	0.715	-7.903089986991944
274617.149	200	0.72	-7.903089986991944
276212.909	200	0.725	-7.903089986991944
276826.944	200	0.73	-7.903089986991944
278208.824	200	0.735	-7.903089986991944
279247.304	200	0.74	-7.903089986991944
280043.307	200	0.745	-7.903089986991944
281646.071	200	0.75	-7.903089986991944
282225.163	200	0.755	-7.903089986991944
283327.429	200	0.76	-7.903089986991944
283829.8	200	0.765	-7.903089986991944
284878.647	200	0.77	-7.903089986991944
286532.027	200	0.775	-7.903089986991944
288155.954	200	0.78	-7.903089986991944
288892.099	200	0.785	-7.903089986991944
289387.786	200	0.79	-7.903089986991944
291894.857	200	0.795	-7.903089986991944
292478.557	200	0.8	-7.903089986991944
293726.614	200	0.805	-7.903089986991944
296026.771	200	0.81	-7.903089986991944
297044.357	200	0.815	-7.903089986991944
297864.46	200	0.82	-7.903089986991944
299611.786	200	0.825	-7.903089986991944
300991.429	200	0.83	-7.903089986991944
302443.821	200	0.835	-7.903089986991944
305089.429	200	0.84	-7.903089986991944
306394.475	200	0.845	-7.903089986991944
308214.775	200	0.85	-7.903089986991944
309137.903	200	0.855	-7.903089986991944
312828.09	200	0.86	-7.903089986991944
315072.486	200	0.865	-7.903089986991944
315801.464	200	0.87	-7.903089986991944
318208.929	200	0.875	-7.903089986991944
321623.534	200	0.88	-7.903089986991944
324267.9	200	0.885	-7.903089986991944
325922.447	200	0.89	-7.903089986991944
328745.722	200	0.895	-7.903089986991944
333618.714	200	0.9	-7.903089986991944
334506.69	200	0.905	-7.903089986991944
337499.009	200	0.91	-7.903089986991944
342181.664	200	0.915	-7.903089986991944
348690.354	200	0.92	-7.903089986991944
353080.429	200	0.925	-7.903089986991944
356348.514	200	0.93	-7.903089986991944
358033.238	200	0.935	-7.903089986991944
362398.743	200	0.94	-7.903089986991944
367502.821	200	0.945	-7.903089986991944
373175.714	200	0.95	-7.903089986991944
374823.207	200	0.955	-7.903089986991944
378800.986	200	0.96	-7.903089986991944
384214.11	200	0.965	-7.903089986991944
394350.774	200	0.97	-7.903089986991944
400135.75	200	0.975	-7.903089986991944
411946.914	200	0.98	-7.903089986991944
445161.548	200	0.985	-7.903089986991944
455472.257	200	0.99	-7.903089986991944
505744.45	200	0.995	-7.903089986991944
262645.0	225	0.5	-7.903089986991944
263166.762	225	0.505	-7.903089986991944
263580.329	225	0.51	-7.903089986991944
263968.951	225	0.515	-7.903089986991944
264473.669	225	0.52	-7.903089986991944
264808.143	225	0.525	-7.903089986991944
265543.471	225	0.53	-7.903089986991944
266238.425	225	0.535	-7.903089986991944
266691.49	225	0.54	-7.903089986991944
267079.146	225	0.545	-7.903089986991944
267770.786	225	0.55	-7.903089986991944
268731.703	225	0.555	-7.903089986991944
269087.429	225	0.56	-7.903089986991944
269475.662	225	0.565	-7.903089986991944
269762.055	225	0.57	-7.903089986991944
270693.923	225	0.575	-7.903089986991944
271418.159	225	0.58	-7.903089986991944
271860.775	225	0.585	-7.903089986991944
273033.586	225	0.59	-7.903089986991944
273481.543	225	0.595	-7.903089986991944
274301.429	225	0.6	-7.903089986991944
274728.421	225	0.605	-7.903089986991944
275229.5	225	0.61	-7.903089986991944
275971.274	225	0.615	-7.903089986991944
276803.757	225	0.62	-7.903089986991944
277301.741	225	0.625	-7.903089986991944
278025.634	225	0.63	-7.903089986991944
278802.255	225	0.635	-7.903089986991944
279458.251	225	0.64	-7.903089986991944
279891.054	225	0.645	-7.903089986991944
280388.175	225	0.65	-7.903089986991944
281079.27	225	0.655	-7.903089986991944
281968.11	225	0.66	-7.903089986991944
282495.893	225	0.665	-7.903089986991944
282986.924	225	0.67	-7.903089986991944
283398.18	225	0.675	-7.903089986991944
284401.474	225	0.68	-7.903089986991944
285312.464	225	0.685	-7.903089986991944
286061.443	225	0.69	-7.903089986991944
287026.607	225	0.695	-7.903089986991944
287646.429	225	0.7	-7.903089986991944
288601.302	225	0.705	-7.903089986991944
289855.259	225	0.71	-7.903089986991944
290471.543	225	0.715	-7.903089986991944
291149.514	225	0.72	-7.903089986991944
291823.661	225	0.725	-7.903089986991944
292774.752	225	0.73	-7.903089986991944
293717.247	225	0.735	-7.903089986991944
294279.11	225	0.74	-7.903089986991944
294979.525	225	0.745	-7.903089986991944
296192.661	225	0.75	-7.903089986991944
297433.156	225	0.755	-7.903089986991944
298722.077	225	0.76	-7.903089986991944
300155.488	225	0.765	-7.903089986991944
301494.541	225	0.77	-7.903089986991944
302555.845	225	0.775	-7.903089986991944
303737.026	225	0.78	-7.903089986991944
305041.407	225	0.785	-7.903089986991944
305921.7	225	0.79	-7.903089986991944
307020.577	225	0.795	-7.903089986991944
307395.6	225	0.8	-7.903089986991944
308217.213	225	0.805	-7.903089986991944
309434.644	225	0.81	-7.903089986991944
310954.931	225	0.815	-7.903089986991944
312358.029	225	0.82	-7.903089986991944
315031.893	225	0.825	-7.903089986991944
316729.329	225	0.83	-7.903089986991944
318453.362	225	0.835	-7.903089986991944
320169.429	225	0.84	-7.903089986991944
322623.021	225	0.845	-7.903089986991944
325373.771	225	0.85	-7.903089986991944
328284.91	225	0.855	-7.903089986991944
330909.563	225	0.86	-7.903089986991944
332972.05	225	0.865	-7.903089986991944
335027.232	225	0.87	-7.903089986991944
336961.25	225	0.875	-7.903089986991944
338778.769	225	0.88	-7.903089986991944
340049.586	225	0.885	-7.903089986991944
342085.231	225	0.89	-7.903089986991944
345479.55	225	0.895	-7.903089986991944
347690.343	225	0.9	-7.903089986991944
350517.224	225	0.905	-7.903089986991944
356704.099	225	0.91	-7.903089986991944
360189.363	225	0.915	-7.903089986991944
362970.674	225	0.92	-7.903089986991944
368065.063	225	0.925	-7.903089986991944
368894.857	225	0.93	-7.903089986991944
374858.571	225	0.935	-7.903089986991944
380535.091	225	0.94	-7.903089986991944
391750.09	225	0.945	-7.903089986991944
398750.075	225	0.95	-7.903089986991944
407331.382	225	0.955	-7.903089986991944
410727.211	225	0.96	-7.903089986991944
422215.007	225	0.965	-7.903089986991944
429053.477	225	0.97	-7.903089986991944
444243.643	225	0.975	-7.903089986991944
448130.03	225	0.98	-7.903089986991944
483313.285	225	0.985	-7.903089986991944
501584.99	225	0.99	-7.903089986991944
524164.687	225	0.995	-7.903089986991944
273803.607	250	0.5	-7.903089986991944
274281.065	250	0.505	-7.903089986991944
274920.892	250	0.51	-7.903089986991944
275313.507	250	0.515	-7.903089986991944
276168.909	250	0.52	-7.903089986991944
276685.643	250	0.525	-7.903089986991944
277264.471	250	0.53	-7.903089986991944
277786.428	250	0.535	-7.903089986991944
278091.157	250	0.54	-7.903089986991944
278757.373	250	0.545	-7.903089986991944
279139.254	250	0.55	-7.903089986991944
280126.644	250	0.555	-7.903089986991944
280553.597	250	0.56	-7.903089986991944
281119.018	250	0.565	-7.903089986991944
282070.229	250	0.57	-7.903089986991944
283089.186	250	0.575	-7.903089986991944
284042.931	250	0.58	-7.903089986991944
284689.262	250	0.585	-7.903089986991944
285248.87	250	0.59	-7.903089986991944
286544.527	250	0.595	-7.903089986991944
286893.214	250	0.6	-7.903089986991944
287595.186	250	0.605	-7.903089986991944
288355.198	250	0.61	-7.903089986991944
288936.978	250	0.615	-7.903089986991944
289206.807	250	0.62	-7.903089986991944
289683.866	250	0.625	-7.903089986991944
290034.202	250	0.63	-7.903089986991944
290890.293	250	0.635	-7.903089986991944
291858.706	250	0.64	-7.903089986991944
292901.725	250	0.645	-7.903089986991944
293421.314	250	0.65	-7.903089986991944
294679.246	250	0.655	-7.903089986991944
295351.76	250	0.66	-7.903089986991944
296231.5	250	0.665	-7.903089986991944
297270.852	250	0.67	-7.903089986991944
298168.679	250	0.675	-7.903089986991944
298495.569	250	0.68	-7.903089986991944
298974.263	250	0.685	-7.903089986991944
299487.259	250	0.69	-7.903089986991944
300357.278	250	0.695	-7.903089986991944
301125.45	250	0.7	-7.903089986991944
302162.357	250	0.705	-7.903089986991944
302986.759	250	0.71	-7.903089986991944
304152.686	250	0.715	-7.903089986991944
305234.554	250	0.72	-7.903089986991944
305986.146	250	0.725	-7.903089986991944
307451.751	250	0.73	-7.903089986991944
308253.236	250	0.735	-7.903089986991944
309628.097	250	0.74	-7.903089986991944
311076.104	250	0.745	-7.903089986991944
313079.232	250	0.75	-7.903089986991944
315569.612	250	0.755	-7.903089986991944
317152.109	250	0.76	-7.903089986991944
317670.659	250	0.765	-7.903089986991944
318395.143	250	0.77	-7.903089986991944
319515.198	250	0.775	-7.903089986991944
320944.213	250	0.78	-7.903089986991944
323182.655	250	0.785	-7.903089986991944
324862.213	250	0.79	-7.903089986991944
326547.5	250	0.795	-7.903089986991944
328705.157	250	0.8	-7.903089986991944
329978.192	250	0.805	-7.903089986991944
332092.485	250	0.81	-7.903089986991944
333136.35	250	0.815	-7.903089986991944
335480.244	250	0.82	-7.903089986991944
338440.821	250	0.825	-7.903089986991944
341770.302	250	0.83	-7.903089986991944
343971.029	250	0.835	-7.903089986991944
344897.983	250	0.84	-7.903089986991944
348614.284	250	0.845	-7.903089986991944
350632.193	250	0.85	-7.903089986991944
353896.886	250	0.855	-7.903089986991944
355412.966	250	0.86	-7.903089986991944
357971.983	250	0.865	-7.903089986991944
364090.133	250	0.87	-7.903089986991944
365262.58	250	0.875	-7.903089986991944
366526.969	250	0.88	-7.903089986991944
368045.657	250	0.885	-7.903089986991944
372688.785	250	0.89	-7.903089986991944
375016.757	250	0.895	-7.903089986991944
379882.857	250	0.9	-7.903089986991944
390650.057	250	0.905	-7.903089986991944
394728.086	250	0.91	-7.903089986991944
399004.801	250	0.915	-7.903089986991944
402679.249	250	0.92	-7.903089986991944
404637.393	250	0.925	-7.903089986991944
411946.716	250	0.93	-7.903089986991944
416617.401	250	0.935	-7.903089986991944
422152.587	250	0.94	-7.903089986991944
424773.097	250	0.945	-7.903089986991944
444037.714	250	0.95	-7.903089986991944
448499.665	250	0.955	-7.903089986991944
454329.726	250	0.96	-7.903089986991944
463474.981	250	0.965	-7.903089986991944
481879.605	250	0.97	-7.903089986991944
490309.539	250	0.975	-7.903089986991944
502465.501	250	0.98	-7.903089986991944
526790.766	250	0.985	-7.903089986991944
552817.672	250	0.99	-7.903089986991944
580494.971	250	0.995	-7.903089986991944
288538.643	275	0.5	-7.903089986991944
289232.271	275	0.505	-7.903089986991944
289647.494	275	0.51	-7.903089986991944
290090.751	275	0.515	-7.903089986991944
291188.594	275	0.52	-7.903089986991944
291688.913	275	0.525	-7.903089986991944
292473.429	275	0.53	-7.903089986991944
293432.724	275	0.535	-7.903089986991944
294267.724	275	0.54	-7.903089986991944
294985.882	275	0.545	-7.903089986991944
295343.461	275	0.55	-7.903089986991944
295907.908	275	0.555	-7.903089986991944
296581.169	275	0.56	-7.903089986991944
297258.941	275	0.565	-7.903089986991944
298489.174	275	0.57	-7.903089986991944
299344.382	275	0.575	-7.903089986991944
299975.114	275	0.58	-7.903089986991944
300658.18	275	0.585	-7.903089986991944
301409.434	275	0.59	-7.903089986991944
302025.493	275	0.595	-7.903089986991944
302524.0	275	0.6	-7.903089986991944
302973.178	275	0.605	-7.903089986991944
303330.713	275	0.61	-7.903089986991944
304297.185	275	0.615	-7.903089986991944
304791.943	275	0.62	-7.903089986991944
305641.607	275	0.625	-7.903089986991944
306671.912	275	0.63	-7.903089986991944
308273.3	275	0.635	-7.903089986991944
308705.714	275	0.64	-7.903089986991944
308911.762	275	0.645	-7.903089986991944
309389.45	275	0.65	-7.903089986991944
310638.733	275	0.655	-7.903089986991944
311409.771	275	0.66	-7.903089986991944
312678.9	275	0.665	-7.903089986991944
313645.053	275	0.67	-7.903089986991944
314488.357	275	0.675	-7.903089986991944
315433.746	275	0.68	-7.903089986991944
315994.449	275	0.685	-7.903089986991944
316635.214	275	0.69	-7.903089986991944
318088.618	275	0.695	-7.903089986991944
319192.907	275	0.7	-7.903089986991944
319527.5	275	0.705	-7.903089986991944
320211.399	275	0.71	-7.903089986991944
320972.193	275	0.715	-7.903089986991944
322598.134	275	0.72	-7.903089986991944
323748.5	275	0.725	-7.903089986991944
325483.5	275	0.73	-7.903089986991944
326451.202	275	0.735	-7.903089986991944
328285.213	275	0.74	-7.903089986991944
329300.429	275	0.745	-7.903089986991944
330914.625	275	0.75	-7.903089986991944
332439.893	275	0.755	-7.903089986991944
335296.369	275	0.76	-7.903089986991944
336118.169	275	0.765	-7.903089986991944
337378.631	275	0.77	-7.903089986991944
338422.571	275	0.775	-7.903089986991944
339811.314	275	0.78	-7.903089986991944
340824.18	275	0.785	-7.903089986991944
342732.42	275	0.79	-7.903089986991944
343685.131	275	0.795	-7.903089986991944
344602.857	275	0.8	-7.903089986991944
346705.348	275	0.805	-7.903089986991944
348510.037	275	0.81	-7.903089986991944
351328.321	275	0.815	-7.903089986991944
353719.666	275	0.82	-7.903089986991944
355280.189	275	0.825	-7.903089986991944
356589.611	275	0.83	-7.903089986991944
360721.664	275	0.835	-7.903089986991944
363404.4	275	0.84	-7.903089986991944
364842.252	275	0.845	-7.903089986991944
367430.696	275	0.85	-7.903089986991944
369136.082	275	0.855	-7.903089986991944
371493.339	275	0.86	-7.903089986991944
374386.55	275	0.865	-7.903089986991944
377730.419	275	0.87	-7.903089986991944
379349.286	275	0.875	-7.903089986991944
382010.111	275	0.88	-7.903089986991944
384973.253	275	0.885	-7.903089986991944
386911.449	275	0.89	-7.903089986991944
393835.828	275	0.895	-7.903089986991944
398498.143	275	0.9	-7.903089986991944
403672.484	275	0.905	-7.903089986991944
410215.379	275	0.91	-7.903089986991944
417515.898	275	0.915	-7.903089986991944
419918.523	275	0.92	-7.903089986991944
427462.714	275	0.925	-7.903089986991944
432444.5	275	0.93	-7.903089986991944
437568.81	275	0.935	-7.903089986991944
440024.296	275	0.94	-7.903089986991944
448376.643	275	0.945	-7.903089986991944
456153.657	275	0.95	-7.903089986991944
462150.781	275	0.955	-7.903089986991944
470961.949	275	0.96	-7.903089986991944
490128.884	275	0.965	-7.903089986991944
495524.371	275	0.97	-7.903089986991944
508887.421	275	0.975	-7.903089986991944
530735.121	275	0.98	-7.903089986991944
539255.502	275	0.985	-7.903089986991944
560638.272	275	0.99	-7.903089986991944
604389.279	275	0.995	-7.903089986991944
301106.214	300	0.5	-7.903089986991944
301546.493	300	0.505	-7.903089986991944
302865.527	300	0.51	-7.903089986991944
304211.35	300	0.515	-7.903089986991944
304783.203	300	0.52	-7.903089986991944
305807.464	300	0.525	-7.903089986991944
306257.242	300	0.53	-7.903089986991944
306596.098	300	0.535	-7.903089986991944
307258.537	300	0.54	-7.903089986991944
307661.999	300	0.545	-7.903089986991944
308333.868	300	0.55	-7.903089986991944
309395.976	300	0.555	-7.903089986991944
309866.743	300	0.56	-7.903089986991944
310171.907	300	0.565	-7.903089986991944
311326.963	300	0.57	-7.903089986991944
311589.388	300	0.575	-7.903089986991944
312518.899	300	0.58	-7.903089986991944
313333.634	300	0.585	-7.903089986991944
313752.001	300	0.59	-7.903089986991944
314247.474	300	0.595	-7.903089986991944
314711.586	300	0.6	-7.903089986991944
315457.45	300	0.605	-7.903089986991944
316631.798	300	0.61	-7.903089986991944
318145.084	300	0.615	-7.903089986991944
318605.496	300	0.62	-7.903089986991944
319141.946	300	0.625	-7.903089986991944
320653.364	300	0.63	-7.903089986991944
321228.833	300	0.635	-7.903089986991944
322218.037	300	0.64	-7.903089986991944
323478.003	300	0.645	-7.903089986991944
323842.446	300	0.65	-7.903089986991944
324488.275	300	0.655	-7.903089986991944
325212.481	300	0.66	-7.903089986991944
326254.972	300	0.665	-7.903089986991944
327399.686	300	0.67	-7.903089986991944
328261.298	300	0.675	-7.903089986991944
328795.886	300	0.68	-7.903089986991944
330567.9	300	0.685	-7.903089986991944
332826.464	300	0.69	-7.903089986991944
334471.293	300	0.695	-7.903089986991944
335146.843	300	0.7	-7.903089986991944
335849.778	300	0.705	-7.903089986991944
336526.727	300	0.71	-7.903089986991944
337228.325	300	0.715	-7.903089986991944
337819.431	300	0.72	-7.903089986991944
339171.25	300	0.725	-7.903089986991944
340145.748	300	0.73	-7.903089986991944
341576.36	300	0.735	-7.903089986991944
342638.976	300	0.74	-7.903089986991944
343374.582	300	0.745	-7.903089986991944
345502.214	300	0.75	-7.903089986991944
347560.714	300	0.755	-7.903089986991944
348399.354	300	0.76	-7.903089986991944
350971.74	300	0.765	-7.903089986991944
351919.3	300	0.77	-7.903089986991944
353189.805	300	0.775	-7.903089986991944
354462.633	300	0.78	-7.903089986991944
355937.375	300	0.785	-7.903089986991944
357626.126	300	0.79	-7.903089986991944
359213.955	300	0.795	-7.903089986991944
361123.429	300	0.8	-7.903089986991944
362962.39	300	0.805	-7.903089986991944
364978.081	300	0.81	-7.903089986991944
366023.025	300	0.815	-7.903089986991944
368725.834	300	0.82	-7.903089986991944
372501.911	300	0.825	-7.903089986991944
376653.645	300	0.83	-7.903089986991944
379114.414	300	0.835	-7.903089986991944
380664.857	300	0.84	-7.903089986991944
382711.996	300	0.845	-7.903089986991944
384605.714	300	0.85	-7.903089986991944
386538.132	300	0.855	-7.903089986991944
388622.123	300	0.86	-7.903089986991944
391806.939	300	0.865	-7.903089986991944
393826.368	300	0.87	-7.903089986991944
396885.83	300	0.875	-7.903089986991944
397894.117	300	0.88	-7.903089986991944
402579.356	300	0.885	-7.903089986991944
406471.494	300	0.89	-7.903089986991944
411107.44	300	0.895	-7.903089986991944
414043.207	300	0.9	-7.903089986991944
421841.115	300	0.905	-7.903089986991944
423792.191	300	0.91	-7.903089986991944
428257.965	300	0.915	-7.903089986991944
434818.06	300	0.92	-7.903089986991944
439336.263	300	0.925	-7.903089986991944
442439.438	300	0.93	-7.903089986991944
445359.788	300	0.935	-7.903089986991944
453158.554	300	0.94	-7.903089986991944
461928.864	300	0.945	-7.903089986991944
466332.571	300	0.95	-7.903089986991944
474315.45	300	0.955	-7.903089986991944
485463.483	300	0.96	-7.903089986991944
490181.309	300	0.965	-7.903089986991944
516647.129	300	0.97	-7.903089986991944
536229.893	300	0.975	-7.903089986991944
556188.371	300	0.98	-7.903089986991944
581523.426	300	0.985	-7.903089986991944
610155.25	300	0.99	-7.903089986991944
662721.829	300	0.995	-7.903089986991944
311573.607	325	0.5	-7.903089986991944
312380.507	325	0.505	-7.903089986991944
313328.486	325	0.51	-7.903089986991944
314415.619	325	0.515	-7.903089986991944
315049.123	325	0.52	-7.903089986991944
315376.4	325	0.525	-7.903089986991944
315725.084	325	0.53	-7.903089986991944
316283.05	325	0.535	-7.903089986991944
317394.886	325	0.54	-7.903089986991944
318002.693	325	0.545	-7.903089986991944
318989.143	325	0.55	-7.903089986991944
319515.507	325	0.555	-7.903089986991944
320151.657	325	0.56	-7.903089986991944
320391.393	325	0.565	-7.903089986991944
321098.519	325	0.57	-7.903089986991944
321909.541	325	0.575	-7.903089986991944
323252.591	325	0.58	-7.903089986991944
324573.181	325	0.585	-7.903089986991944
325330.028	325	0.59	-7.903089986991944
325757.15	325	0.595	-7.903089986991944
327547.143	325	0.6	-7.903089986991944
328349.962	325	0.605	-7.903089986991944
328855.814	325	0.61	-7.903089986991944
329454.653	325	0.615	-7.903089986991944
330028.27	325	0.62	-7.903089986991944
331614.286	325	0.625	-7.903089986991944
332165.629	325	0.63	-7.903089986991944
332661.993	325	0.635	-7.903089986991944
333428.449	325	0.64	-7.903089986991944
334115.531	325	0.645	-7.903089986991944
334767.5	325	0.65	-7.903089986991944
335317.195	325	0.655	-7.903089986991944
336128.276	325	0.66	-7.903089986991944
336917.364	325	0.665	-7.903089986991944
337835.191	325	0.67	-7.903089986991944
338765.107	325	0.675	-7.903089986991944
339506.666	325	0.68	-7.903089986991944
340514.349	325	0.685	-7.903089986991944
341191.664	325	0.69	-7.903089986991944
342315.548	325	0.695	-7.903089986991944
342546.136	325	0.7	-7.903089986991944
343380.936	325	0.705	-7.903089986991944
344043.5	325	0.71	-7.903089986991944
345085.465	325	0.715	-7.903089986991944
346317.089	325	0.72	-7.903089986991944
348768.282	325	0.725	-7.903089986991944
350062.2	325	0.73	-7.903089986991944
351321.44	325	0.735	-7.903089986991944
352465.667	325	0.74	-7.903089986991944
353009.41	325	0.745	-7.903089986991944
354690.714	325	0.75	-7.903089986991944
355652.711	325	0.755	-7.903089986991944
356413.111	325	0.76	-7.903089986991944
357191.547	325	0.765	-7.903089986991944
357622.431	325	0.77	-7.903089986991944
358646.439	325	0.775	-7.903089986991944
362338.816	325	0.78	-7.903089986991944
365320.159	325	0.785	-7.903089986991944
366146.351	325	0.79	-7.903089986991944
367563.707	325	0.795	-7.903089986991944
368670.971	325	0.8	-7.903089986991944
369588.852	325	0.805	-7.903089986991944
371342.699	325	0.81	-7.903089986991944
372523.679	325	0.815	-7.903089986991944
375247.444	325	0.82	-7.903089986991944
379324.127	325	0.825	-7.903089986991944
383114.869	325	0.83	-7.903089986991944
386832.316	325	0.835	-7.903089986991944
388443.677	325	0.84	-7.903089986991944
391532.597	325	0.845	-7.903089986991944
392956.429	325	0.85	-7.903089986991944
397943.725	325	0.855	-7.903089986991944
401042.996	325	0.86	-7.903089986991944
405494.022	325	0.865	-7.903089986991944
409971.444	325	0.87	-7.903089986991944
413668.964	325	0.875	-7.903089986991944
420098.274	325	0.88	-7.903089986991944
422763.676	325	0.885	-7.903089986991944
426272.033	325	0.89	-7.903089986991944
430256.746	325	0.895	-7.903089986991944
434215.536	325	0.9	-7.903089986991944
437173.015	325	0.905	-7.903089986991944
442286.464	325	0.91	-7.903089986991944
447270.979	325	0.915	-7.903089986991944
451498.897	325	0.92	-7.903089986991944
457429.702	325	0.925	-7.903089986991944
466837.043	325	0.93	-7.903089986991944
473892.949	325	0.935	-7.903089986991944
480307.963	325	0.94	-7.903089986991944
492187.54	325	0.945	-7.903089986991944
507983.864	325	0.95	-7.903089986991944
517110.145	325	0.955	-7.903089986991944
527984.069	325	0.96	-7.903089986991944
538678.636	325	0.965	-7.903089986991944
556816.014	325	0.97	-7.903089986991944
570070.786	325	0.975	-7.903089986991944
576874.319	325	0.98	-7.903089986991944
618175.969	325	0.985	-7.903089986991944
649225.075	325	0.99	-7.903089986991944
666539.932	325	0.995	-7.903089986991944
325882.107	350	0.5	-7.903089986991944
326544.107	350	0.505	-7.903089986991944
327817.451	350	0.51	-7.903089986991944
328249.842	350	0.515	-7.903089986991944
328723.926	350	0.52	-7.903089986991944
329034.211	350	0.525	-7.903089986991944
329599.852	350	0.53	-7.903089986991944
330320.921	350	0.535	-7.903089986991944
331272.504	350	0.54	-7.903089986991944
331607.543	350	0.545	-7.903089986991944
332423.429	350	0.55	-7.903089986991944
333175.866	350	0.555	-7.903089986991944
334226.757	350	0.56	-7.903089986991944
334674.14	350	0.565	-7.903089986991944
335743.198	350	0.57	-7.903089986991944
336986.293	350	0.575	-7.903089986991944
338247.473	350	0.58	-7.903089986991944
338570.515	350	0.585	-7.903089986991944
339173.945	350	0.59	-7.903089986991944
340715.171	350	0.595	-7.903089986991944
341570.929	350	0.6	-7.903089986991944
342392.384	350	0.605	-7.903089986991944
343962.971	350	0.61	-7.903089986991944
345109.3	350	0.615	-7.903089986991944
346575.057	350	0.62	-7.903089986991944
348232.58	350	0.625	-7.903089986991944
348849.532	350	0.63	-7.903089986991944
349609.274	350	0.635	-7.903089986991944
350152.997	350	0.64	-7.903089986991944
351062.087	350	0.645	-7.903089986991944
352034.718	350	0.65	-7.903089986991944
353027.936	350	0.655	-7.903089986991944
353479.513	350	0.66	-7.903089986991944
354547.714	350	0.665	-7.903089986991944
355939.1	350	0.67	-7.903089986991944
357392.821	350	0.675	-7.903089986991944
357801.134	350	0.68	-7.903089986991944
358440.407	350	0.685	-7.903089986991944
358824.457	350	0.69	-7.903089986991944
359228.511	350	0.695	-7.903089986991944
360634.857	350	0.7	-7.903089986991944
361780.341	350	0.705	-7.903089986991944
363275.809	350	0.71	-7.903089986991944
364523.705	350	0.715	-7.903089986991944
365942.971	350	0.72	-7.903089986991944
366916.616	350	0.725	-7.903089986991944
369917.029	350	0.73	-7.903089986991944
370271.845	350	0.735	-7.903089986991944
371962.919	350	0.74	-7.903089986991944
375218.236	350	0.745	-7.903089986991944
376351.696	350	0.75	-7.903089986991944
377160.502	350	0.755	-7.903089986991944
378377.449	350	0.76	-7.903089986991944
379540.902	350	0.765	-7.903089986991944
380446.345	350	0.77	-7.903089986991944
381487.73	350	0.775	-7.903089986991944
384594.996	350	0.78	-7.903089986991944
386391.043	350	0.785	-7.903089986991944
388643.959	350	0.79	-7.903089986991944
390029.547	350	0.795	-7.903089986991944
391042.0	350	0.8	-7.903089986991944
394370.929	350	0.805	-7.903089986991944
397312.191	350	0.81	-7.903089986991944
401398.991	350	0.815	-7.903089986991944
403781.323	350	0.82	-7.903089986991944
405789.048	350	0.825	-7.903089986991944
408492.611	350	0.83	-7.903089986991944
413077.405	350	0.835	-7.903089986991944
419289.511	350	0.84	-7.903089986991944
420144.684	350	0.845	-7.903089986991944
421846.786	350	0.85	-7.903089986991944
424321.857	350	0.855	-7.903089986991944
430886.84	350	0.86	-7.903089986991944
432926.883	350	0.865	-7.903089986991944
437671.129	350	0.87	-7.903089986991944
441579.464	350	0.875	-7.903089986991944
442964.24	350	0.88	-7.903089986991944
446227.897	350	0.885	-7.903089986991944
451483.929	350	0.89	-7.903089986991944
455674.464	350	0.895	-7.903089986991944
460760.857	350	0.9	-7.903089986991944
463401.514	350	0.905	-7.903089986991944
474744.857	350	0.91	-7.903089986991944
478575.36	350	0.915	-7.903089986991944
481229.494	350	0.92	-7.903089986991944
486766.179	350	0.925	-7.903089986991944
500368.338	350	0.93	-7.903089986991944
508153.261	350	0.935	-7.903089986991944
514830.567	350	0.94	-7.903089986991944
528869.007	350	0.945	-7.903089986991944
534703.768	350	0.95	-7.903089986991944
552633.098	350	0.955	-7.903089986991944
561180.057	350	0.96	-7.903089986991944
578603.913	350	0.965	-7.903089986991944
589368.514	350	0.97	-7.903089986991944
604452.071	350	0.975	-7.903089986991944
629446.686	350	0.98	-7.903089986991944
639691.94	350	0.985	-7.903089986991944
673304.899	350	0.99	-7.903089986991944
720496.036	350	0.995	-7.903089986991944
338077.286	375	0.5	-7.903089986991944
338824.136	375	0.505	-7.903089986991944
339679.946	375	0.51	-7.903089986991944
340169.037	375	0.515	-7.903089986991944
340756.88	375	0.52	-7.903089986991944
341736.388	375	0.525	-7.903089986991944
342138.976	375	0.53	-7.903089986991944
342648.336	375	0.535	-7.903089986991944
343397.843	375	0.54	-7.903089986991944
344928.489	375	0.545	-7.903089986991944
345408.682	375	0.55	-7.903089986991944
346504.221	375	0.555	-7.903089986991944
347841.949	375	0.56	-7.903089986991944
349090.772	375	0.565	-7.903089986991944
350228.374	375	0.57	-7.903089986991944
351022.505	375	0.575	-7.903089986991944
352907.056	375	0.58	-7.903089986991944
353794.364	375	0.585	-7.903089986991944
354871.186	375	0.59	-7.903089986991944
355466.4	375	0.595	-7.903089986991944
355906.0	375	0.6	-7.903089986991944
356421.955	375	0.605	-7.903089986991944
357481.415	375	0.61	-7.903089986991944
358175.237	375	0.615	-7.903089986991944
358816.6	375	0.62	-7.903089986991944
359459.491	375	0.625	-7.903089986991944
361067.867	375	0.63	-7.903089986991944
362396.314	375	0.635	-7.903089986991944
363635.474	375	0.64	-7.903089986991944
364998.486	375	0.645	-7.903089986991944
365733.561	375	0.65	-7.903089986991944
366264.182	375	0.655	-7.903089986991944
367736.886	375	0.66	-7.903089986991944
368661.429	375	0.665	-7.903089986991944
369483.286	375	0.67	-7.903089986991944
369988.82	375	0.675	-7.903089986991944
371467.043	375	0.68	-7.903089986991944
372256.943	375	0.685	-7.903089986991944
373417.913	375	0.69	-7.903089986991944
374631.149	375	0.695	-7.903089986991944
376205.05	375	0.7	-7.903089986991944
377831.278	375	0.705	-7.903089986991944
378989.549	375	0.71	-7.903089986991944
382519.456	375	0.715	-7.903089986991944
383511.834	375	0.72	-7.903089986991944
386043.559	375	0.725	-7.903089986991944
388066.476	375	0.73	-7.903089986991944
389086.195	375	0.735	-7.903089986991944
390817.867	375	0.74	-7.903089986991944
392440.495	375	0.745	-7.903089986991944
394415.0	375	0.75	-7.903089986991944
396349.179	375	0.755	-7.903089986991944
399012.034	375	0.76	-7.903089986991944
401768.636	375	0.765	-7.903089986991944
404046.2	375	0.77	-7.903089986991944
404398.071	375	0.775	-7.903089986991944
407540.913	375	0.78	-7.903089986991944
408480.594	375	0.785	-7.903089986991944
411634.828	375	0.79	-7.903089986991944
414458.407	375	0.795	-7.903089986991944
417741.557	375	0.8	-7.903089986991944
419616.099	375	0.805	-7.903089986991944
421595.443	375	0.81	-7.903089986991944
422977.29	375	0.815	-7.903089986991944
425880.503	375	0.82	-7.903089986991944
428700.418	375	0.825	-7.903089986991944
431234.716	375	0.83	-7.903089986991944
434665.588	375	0.835	-7.903089986991944
437061.474	375	0.84	-7.903089986991944
438705.554	375	0.845	-7.903089986991944
441206.721	375	0.85	-7.903089986991944
443416.079	375	0.855	-7.903089986991944
446313.166	375	0.86	-7.903089986991944
446771.098	375	0.865	-7.903089986991944
449159.3	375	0.87	-7.903089986991944
456895.179	375	0.875	-7.903089986991944
459425.057	375	0.88	-7.903089986991944
462188.713	375	0.885	-7.903089986991944
467624.509	375	0.89	-7.903089986991944
474333.412	375	0.895	-7.903089986991944
482045.429	375	0.9	-7.903089986991944
488088.699	375	0.905	-7.903089986991944
493615.051	375	0.91	-7.903089986991944
498267.149	375	0.915	-7.903089986991944
506906.789	375	0.92	-7.903089986991944
514142.546	375	0.925	-7.903089986991944
523555.457	375	0.93	-7.903089986991944
525729.529	375	0.935	-7.903089986991944
532472.861	375	0.94	-7.903089986991944
546013.907	375	0.945	-7.903089986991944
562164.507	375	0.95	-7.903089986991944
568327.243	375	0.955	-7.903089986991944
580419.063	375	0.96	-7.903089986991944
605121.093	375	0.965	-7.903089986991944
617451.416	375	0.97	-7.903089986991944
634772.988	375	0.975	-7.903089986991944
654342.113	375	0.98	-7.903089986991944
676927.88	375	0.985	-7.903089986991944
708597.2	375	0.99	-7.903089986991944
729345.379	375	0.995	-7.903089986991944
343425.25	400	0.5	-7.903089986991944
344590.572	400	0.505	-7.903089986991944
345310.924	400	0.51	-7.903089986991944
345919.415	400	0.515	-7.903089986991944
346647.889	400	0.52	-7.903089986991944
348041.032	400	0.525	-7.903089986991944
348771.552	400	0.53	-7.903089986991944
349472.206	400	0.535	-7.903089986991944
350800.961	400	0.54	-7.903089986991944
351920.979	400	0.545	-7.903089986991944
353039.089	400	0.55	-7.903089986991944
353380.025	400	0.555	-7.903089986991944
355166.986	400	0.56	-7.903089986991944
356355.0	400	0.565	-7.903089986991944
357402.094	400	0.57	-7.903089986991944
357900.511	400	0.575	-7.903089986991944
359064.343	400	0.58	-7.903089986991944
360174.305	400	0.585	-7.903089986991944
360721.986	400	0.59	-7.903089986991944
362096.728	400	0.595	-7.903089986991944
362564.643	400	0.6	-7.903089986991944
363681.537	400	0.605	-7.903089986991944
364243.456	400	0.61	-7.903089986991944
365035.408	400	0.615	-7.903089986991944
366736.92	400	0.62	-7.903089986991944
368226.536	400	0.625	-7.903089986991944
369420.043	400	0.63	-7.903089986991944
370090.029	400	0.635	-7.903089986991944
370796.831	400	0.64	-7.903089986991944
371863.975	400	0.645	-7.903089986991944
372495.407	400	0.65	-7.903089986991944
374414.025	400	0.655	-7.903089986991944
375750.833	400	0.66	-7.903089986991944
376556.279	400	0.665	-7.903089986991944
377133.744	400	0.67	-7.903089986991944
377608.345	400	0.675	-7.903089986991944
378130.163	400	0.68	-7.903089986991944
379284.728	400	0.685	-7.903089986991944
380388.929	400	0.69	-7.903089986991944
381629.442	400	0.695	-7.903089986991944
382789.814	400	0.7	-7.903089986991944
383650.793	400	0.705	-7.903089986991944
385579.443	400	0.71	-7.903089986991944
387445.193	400	0.715	-7.903089986991944
388108.897	400	0.72	-7.903089986991944
389675.782	400	0.725	-7.903089986991944
391678.534	400	0.73	-7.903089986991944
393402.393	400	0.735	-7.903089986991944
394502.57	400	0.74	-7.903089986991944
395995.401	400	0.745	-7.903089986991944
397164.607	400	0.75	-7.903089986991944
398732.767	400	0.755	-7.903089986991944
401211.197	400	0.76	-7.903089986991944
402541.854	400	0.765	-7.903089986991944
404255.679	400	0.77	-7.903089986991944
405895.643	400	0.775	-7.903089986991944
408076.939	400	0.78	-7.903089986991944
409697.553	400	0.785	-7.903089986991944
412348.441	400	0.79	-7.903089986991944
414334.968	400	0.795	-7.903089986991944
417634.686	400	0.8	-7.903089986991944
418513.436	400	0.805	-7.903089986991944
419909.501	400	0.81	-7.903089986991944
422886.749	400	0.815	-7.903089986991944
425087.063	400	0.82	-7.903089986991944
426298.775	400	0.825	-7.903089986991944
429238.588	400	0.83	-7.903089986991944
431597.936	400	0.835	-7.903089986991944
437982.906	400	0.84	-7.903089986991944
440817.475	400	0.845	-7.903089986991944
443992.896	400	0.85	-7.903089986991944
446704.305	400	0.855	-7.903089986991944
452636.319	400	0.86	-7.903089986991944
459127.8	400	0.865	-7.903089986991944
461618.329	400	0.87	-7.903089986991944
472691.527	400	0.875	-7.903089986991944
475607.451	400	0.88	-7.903089986991944
479914.956	400	0.885	-7.903089986991944
488726.086	400	0.89	-7.903089986991944
493685.808	400	0.895	-7.903089986991944
498270.136	400	0.9	-7.903089986991944
500107.679	400	0.905	-7.903089986991944
510587.478	400	0.91	-7.903089986991944
513687.386	400	0.915	-7.903089986991944
525085.886	400	0.92	-7.903089986991944
533987.536	400	0.925	-7.903089986991944
536373.224	400	0.93	-7.903089986991944
545481.97	400	0.935	-7.903089986991944
553126.4	400	0.94	-7.903089986991944
571292.207	400	0.945	-7.903089986991944
575933.671	400	0.95	-7.903089986991944
586969.846	400	0.955	-7.903089986991944
600324.891	400	0.96	-7.903089986991944
616174.874	400	0.965	-7.903089986991944
623393.114	400	0.97	-7.903089986991944
636081.709	400	0.975	-7.903089986991944
675549.556	400	0.98	-7.903089986991944
707410.106	400	0.985	-7.903089986991944
760198.484	400	0.99	-7.903089986991944
813070.993	400	0.995	-7.903089986991944
357442.893	425	0.5	-7.903089986991944
358000.724	425	0.505	-7.903089986991944
358943.884	425	0.51	-7.903089986991944
360564.169	425	0.515	-7.903089986991944
361444.666	425	0.52	-7.903089986991944
362339.679	425	0.525	-7.903089986991944
363400.542	425	0.53	-7.903089986991944
365024.614	425	0.535	-7.903089986991944
366543.923	425	0.54	-7.903089986991944
367503.107	425	0.545	-7.903089986991944
368377.993	425	0.55	-7.903089986991944
369057.032	425	0.555	-7.903089986991944
370032.931	425	0.56	-7.903089986991944
370509.048	425	0.565	-7.903089986991944
371867.729	425	0.57	-7.903089986991944
372814.102	425	0.575	-7.903089986991944
373447.286	425	0.58	-7.903089986991944
374682.28	425	0.585	-7.903089986991944
375554.785	425	0.59	-7.903089986991944
376168.015	425	0.595	-7.903089986991944
377114.629	425	0.6	-7.903089986991944
378055.815	425	0.605	-7.903089986991944
378792.086	425	0.61	-7.903089986991944
379165.374	425	0.615	-7.903089986991944
381103.669	425	0.62	-7.903089986991944
381902.25	425	0.625	-7.903089986991944
382743.91	425	0.63	-7.903089986991944
383524.14	425	0.635	-7.903089986991944
384295.569	425	0.64	-7.903089986991944
386057.616	425	0.645	-7.903089986991944
388074.982	425	0.65	-7.903089986991944
388998.518	425	0.655	-7.903089986991944
389613.076	425	0.66	-7.903089986991944
390533.345	425	0.665	-7.903089986991944
391969.154	425	0.67	-7.903089986991944
393540.216	425	0.675	-7.903089986991944
395291.654	425	0.68	-7.903089986991944
397220.23	425	0.685	-7.903089986991944
397939.761	425	0.69	-7.903089986991944
398924.523	425	0.695	-7.903089986991944
400229.929	425	0.7	-7.903089986991944
401000.442	425	0.705	-7.903089986991944
401776.016	425	0.71	-7.903089986991944
403526.903	425	0.715	-7.903089986991944
405638.92	425	0.72	-7.903089986991944
407103.016	425	0.725	-7.903089986991944
408191.081	425	0.73	-7.903089986991944
411193.098	425	0.735	-7.903089986991944
412243.086	425	0.74	-7.903089986991944
413637.705	425	0.745	-7.903089986991944
415014.304	425	0.75	-7.903089986991944
417035.651	425	0.755	-7.903089986991944
419103.746	425	0.76	-7.903089986991944
421724.503	425	0.765	-7.903089986991944
424426.655	425	0.77	-7.903089986991944
426352.584	425	0.775	-7.903089986991944
429664.057	425	0.78	-7.903089986991944
431354.649	425	0.785	-7.903089986991944
434492.468	425	0.79	-7.903089986991944
438223.114	425	0.795	-7.903089986991944
442090.271	425	0.8	-7.903089986991944
444447.694	425	0.805	-7.903089986991944
447782.8	425	0.81	-7.903089986991944
451134.584	425	0.815	-7.903089986991944
454158.111	425	0.82	-7.903089986991944
458262.334	425	0.825	-7.903089986991944
461865.375	425	0.83	-7.903089986991944
463607.843	425	0.835	-7.903089986991944
467162.126	425	0.84	-7.903089986991944
471310.648	425	0.845	-7.903089986991944
474492.429	425	0.85	-7.903089986991944
476697.403	425	0.855	-7.903089986991944
483117.571	425	0.86	-7.903089986991944
484440.711	425	0.865	-7.903089986991944
489602.75	425	0.87	-7.903089986991944
493995.232	425	0.875	-7.903089986991944
497276.031	425	0.88	-7.903089986991944
500553.087	425	0.885	-7.903089986991944
510473.514	425	0.89	-7.903089986991944
513778.678	425	0.895	-7.903089986991944
518460.271	425	0.9	-7.903089986991944
522598.593	425	0.905	-7.903089986991944
530357.83	425	0.91	-7.903089986991944
537269.626	425	0.915	-7.903089986991944
542592.197	425	0.92	-7.903089986991944
550732.021	425	0.925	-7.903089986991944
563720.874	425	0.93	-7.903089986991944
569334.729	425	0.935	-7.903089986991944
577127.6	425	0.94	-7.903089986991944
593647.003	425	0.945	-7.903089986991944
600382.861	425	0.95	-7.903089986991944
611362.899	425	0.955	-7.903089986991944
618421.531	425	0.96	-7.903089986991944
633798.503	425	0.965	-7.903089986991944
664961.817	425	0.97	-7.903089986991944
685952.321	425	0.975	-7.903089986991944
707511.959	425	0.98	-7.903089986991944
746813.187	425	0.985	-7.903089986991944
789326.619	425	0.99	-7.903089986991944
879874.908	425	0.995	-7.903089986991944
365356.5	450	0.5	-7.903089986991944
365912.074	450	0.505	-7.903089986991944
367888.221	450	0.51	-7.903089986991944
369983.586	450	0.515	-7.903089986991944
370655.689	450	0.52	-7.903089986991944
372472.395	450	0.525	-7.903089986991944
373485.519	450	0.53	-7.903089986991944
374808.5	450	0.535	-7.903089986991944
376878.58	450	0.54	-7.903089986991944
377829.212	450	0.545	-7.903089986991944
378242.429	450	0.55	-7.903089986991944
379103.99	450	0.555	-7.903089986991944
380176.026	450	0.56	-7.903089986991944
381278.371	450	0.565	-7.903089986991944
382195.304	450	0.57	-7.903089986991944
382980.643	450	0.575	-7.903089986991944
383805.884	450	0.58	-7.903089986991944
385346.497	450	0.585	-7.903089986991944
386244.3	450	0.59	-7.903089986991944
387974.372	450	0.595	-7.903089986991944
389850.314	450	0.6	-7.903089986991944
390683.992	450	0.605	-7.903089986991944
391985.968	450	0.61	-7.903089986991944
392972.964	450	0.615	-7.903089986991944
393633.506	450	0.62	-7.903089986991944
395196.866	450	0.625	-7.903089986991944
396392.241	450	0.63	-7.903089986991944
398918.213	450	0.635	-7.903089986991944
400110.563	450	0.64	-7.903089986991944
401361.793	450	0.645	-7.903089986991944
402652.189	450	0.65	-7.903089986991944
403691.322	450	0.655	-7.903089986991944
404181.39	450	0.66	-7.903089986991944
405325.874	450	0.665	-7.903089986991944
407102.885	450	0.67	-7.903089986991944
409696.223	450	0.675	-7.903089986991944
410974.417	450	0.68	-7.903089986991944
411986.019	450	0.685	-7.903089986991944
413104.67	450	0.69	-7.903089986991944
414790.048	450	0.695	-7.903089986991944
415893.457	450	0.7	-7.903089986991944
417681.079	450	0.705	-7.903089986991944
419442.592	450	0.71	-7.903089986991944
422042.268	450	0.715	-7.903089986991944
423365.486	450	0.72	-7.903089986991944
424740.162	450	0.725	-7.903089986991944
426444.338	450	0.73	-7.903089986991944
427842.291	450	0.735	-7.903089986991944
428893.529	450	0.74	-7.903089986991944
430642.853	450	0.745	-7.903089986991944
432460.375	450	0.75	-7.903089986991944
433383.779	450	0.755	-7.903089986991944
435187.371	450	0.76	-7.903089986991944
438029.157	450	0.765	-7.903089986991944
439864.184	450	0.77	-7.903089986991944
443249.896	450	0.775	-7.903089986991944
445715.63	450	0.78	-7.903089986991944
447873.211	450	0.785	-7.903089986991944
451653.966	450	0.79	-7.903089986991944
453788.305	450	0.795	-7.903089986991944
459126.329	450	0.8	-7.903089986991944
460815.215	450	0.805	-7.903089986991944
464964.601	450	0.81	-7.903089986991944
466924.342	450	0.815	-7.903089986991944
468590.244	450	0.82	-7.903089986991944
470823.702	450	0.825	-7.903089986991944
475829.365	450	0.83	-7.903089986991944
478265.027	450	0.835	-7.903089986991944
482374.606	450	0.84	-7.903089986991944
483867.508	450	0.845	-7.903089986991944
486805.796	450	0.85	-7.903089986991944
490056.05	450	0.855	-7.903089986991944
494674.147	450	0.86	-7.903089986991944
497098.762	450	0.865	-7.903089986991944
503333.848	450	0.87	-7.903089986991944
514623.634	450	0.875	-7.903089986991944
518777.591	450	0.88	-7.903089986991944
521826.8	450	0.885	-7.903089986991944
527201.629	450	0.89	-7.903089986991944
531216.965	450	0.895	-7.903089986991944
534644.871	450	0.9	-7.903089986991944
538996.364	450	0.905	-7.903089986991944
542075.259	450	0.91	-7.903089986991944
549184.969	450	0.915	-7.903089986991944
556320.246	450	0.92	-7.903089986991944
567724.659	450	0.925	-7.903089986991944
579550.38	450	0.93	-7.903089986991944
589386.011	450	0.935	-7.903089986991944
598770.747	450	0.94	-7.903089986991944
616529.86	450	0.945	-7.903089986991944
623281.525	450	0.95	-7.903089986991944
637475.65	450	0.955	-7.903089986991944
675735.714	450	0.96	-7.903089986991944
691465.66	450	0.965	-7.903089986991944
700897.014	450	0.97	-7.903089986991944
722536.205	450	0.975	-7.903089986991944
754723.943	450	0.98	-7.903089986991944
786151.92	450	0.985	-7.903089986991944
825038.671	450	0.99	-7.903089986991944
889059.866	450	0.995	-7.903089986991944
