S*_score	SNP_num	quantile	log(local_recomb_rate)
113548.333	25	0.5	-7.903089986991944
113915.25	25	0.505	-7.903089986991944
114327.5	25	0.51	-7.903089986991944
115696.25	25	0.515	-7.903089986991944
116273.333	25	0.52	-7.903089986991944
116550.0	25	0.525	-7.903089986991944
116947.5	25	0.53	-7.903089986991944
117587.5	25	0.535	-7.903089986991944
117810.0	25	0.54	-7.903089986991944
118262.216	25	0.545	-7.903089986991944
118730.562	25	0.55	-7.903089986991944
119536.667	25	0.555	-7.903089986991944
120260.0	25	0.56	-7.903089986991944
120347.5	25	0.565	-7.903089986991944
120575.0	25	0.57	-7.903089986991944
121369.375	25	0.575	-7.903089986991944
121618.333	25	0.58	-7.903089986991944
121980.0	25	0.585	-7.903089986991944
122330.0	25	0.59	-7.903089986991944
122585.0	25	0.595	-7.903089986991944
124613.333	25	0.6	-7.903089986991944
124820.0	25	0.605	-7.903089986991944
125850.0	25	0.61	-7.903089986991944
127015.0	25	0.615	-7.903089986991944
127430.0	25	0.62	-7.903089986991944
127695.625	25	0.625	-7.903089986991944
129656.667	25	0.63	-7.903089986991944
130311.25	25	0.635	-7.903089986991944
130650.5	25	0.64	-7.903089986991944
131437.5	25	0.645	-7.903089986991944
132630.0	25	0.65	-7.903089986991944
133625.833	25	0.655	-7.903089986991944
134490.0	25	0.66	-7.903089986991944
135378.75	25	0.665	-7.903089986991944
136005.0	25	0.67	-7.903089986991944
136823.375	25	0.675	-7.903089986991944
137815.833	25	0.68	-7.903089986991944
140007.5	25	0.685	-7.903089986991944
140600.0	25	0.69	-7.903089986991944
142392.5	25	0.695	-7.903089986991944
143250.0	25	0.7	-7.903089986991944
143535.0	25	0.705	-7.903089986991944
143942.5	25	0.71	-7.903089986991944
144277.917	25	0.715	-7.903089986991944
144340.0	25	0.72	-7.903089986991944
146120.438	25	0.725	-7.903089986991944
146727.5	25	0.73	-7.903089986991944
148340.0	25	0.735	-7.903089986991944
148587.619	25	0.74	-7.903089986991944
149031.266	25	0.745	-7.903089986991944
149644.67	25	0.75	-7.903089986991944
150187.542	25	0.755	-7.903089986991944
150680.0	25	0.76	-7.903089986991944
151072.5	25	0.765	-7.903089986991944
151939.0	25	0.77	-7.903089986991944
153091.25	25	0.775	-7.903089986991944
153473.833	25	0.78	-7.903089986991944
153671.875	25	0.785	-7.903089986991944
153842.5	25	0.79	-7.903089986991944
154627.238	25	0.795	-7.903089986991944
155120.0	25	0.8	-7.903089986991944
155390.0	25	0.805	-7.903089986991944
156075.0	25	0.81	-7.903089986991944
156520.0	25	0.815	-7.903089986991944
157173.333	25	0.82	-7.903089986991944
157977.5	25	0.825	-7.903089986991944
158475.0	25	0.83	-7.903089986991944
159071.0	25	0.835	-7.903089986991944
160610.333	25	0.84	-7.903089986991944
161567.625	25	0.845	-7.903089986991944
161725.0	25	0.85	-7.903089986991944
163043.75	25	0.855	-7.903089986991944
164436.667	25	0.86	-7.903089986991944
165250.625	25	0.865	-7.903089986991944
166750.0	25	0.87	-7.903089986991944
167720.0	25	0.875	-7.903089986991944
167840.0	25	0.88	-7.903089986991944
168501.25	25	0.885	-7.903089986991944
168860.0	25	0.89	-7.903089986991944
169489.444	25	0.895	-7.903089986991944
171750.0	25	0.9	-7.903089986991944
172473.958	25	0.905	-7.903089986991944
173401.5	25	0.91	-7.903089986991944
177258.125	25	0.915	-7.903089986991944
177480.0	25	0.92	-7.903089986991944
178805.0	25	0.925	-7.903089986991944
178860.0	25	0.93	-7.903089986991944
179255.0	25	0.935	-7.903089986991944
180560.0	25	0.94	-7.903089986991944
181042.5	25	0.945	-7.903089986991944
182630.0	25	0.95	-7.903089986991944
184370.0	25	0.955	-7.903089986991944
185040.0	25	0.96	-7.903089986991944
186923.333	25	0.965	-7.903089986991944
189160.0	25	0.97	-7.903089986991944
194595.625	25	0.975	-7.903089986991944
197190.0	25	0.98	-7.903089986991944
200387.5	25	0.985	-7.903089986991944
205559.083	25	0.99	-7.903089986991944
208367.5	25	0.995	-7.903089986991944
116012.6	50	0.5	-7.903089986991944
116605.6	50	0.505	-7.903089986991944
116788.0	50	0.51	-7.903089986991944
117130.8	50	0.515	-7.903089986991944
117606.286	50	0.52	-7.903089986991944
118170.0	50	0.525	-7.903089986991944
118664.5	50	0.53	-7.903089986991944
119304.5	50	0.535	-7.903089986991944
119618.0	50	0.54	-7.903089986991944
120087.033	50	0.545	-7.903089986991944
120410.141	50	0.55	-7.903089986991944
121012.65	50	0.555	-7.903089986991944
121548.0	50	0.56	-7.903089986991944
121960.75	50	0.565	-7.903089986991944
122611.438	50	0.57	-7.903089986991944
122938.0	50	0.575	-7.903089986991944
123294.4	50	0.58	-7.903089986991944
123940.414	50	0.585	-7.903089986991944
124500.015	50	0.59	-7.903089986991944
124688.394	50	0.595	-7.903089986991944
125100.0	50	0.6	-7.903089986991944
125465.0	50	0.605	-7.903089986991944
125852.0	50	0.61	-7.903089986991944
126304.425	50	0.615	-7.903089986991944
126648.378	50	0.62	-7.903089986991944
127455.143	50	0.625	-7.903089986991944
127838.35	50	0.63	-7.903089986991944
128361.75	50	0.635	-7.903089986991944
128835.0	50	0.64	-7.903089986991944
129584.667	50	0.645	-7.903089986991944
130162.5	50	0.65	-7.903089986991944
130618.817	50	0.655	-7.903089986991944
131082.4	50	0.66	-7.903089986991944
131758.0	50	0.665	-7.903089986991944
132261.0	50	0.67	-7.903089986991944
132748.077	50	0.675	-7.903089986991944
133696.067	50	0.68	-7.903089986991944
134751.971	50	0.685	-7.903089986991944
135559.429	50	0.69	-7.903089986991944
136282.25	50	0.695	-7.903089986991944
136800.0	50	0.7	-7.903089986991944
137606.833	50	0.705	-7.903089986991944
138338.5	50	0.71	-7.903089986991944
138810.167	50	0.715	-7.903089986991944
139176.667	50	0.72	-7.903089986991944
139637.625	50	0.725	-7.903089986991944
140779.333	50	0.73	-7.903089986991944
141580.5	50	0.735	-7.903089986991944
142220.0	50	0.74	-7.903089986991944
142700.5	50	0.745	-7.903089986991944
143280.471	50	0.75	-7.903089986991944
143852.0	50	0.755	-7.903089986991944
144679.9	50	0.76	-7.903089986991944
145104.083	50	0.765	-7.903089986991944
145703.0	50	0.77	-7.903089986991944
146550.0	50	0.775	-7.903089986991944
147120.0	50	0.78	-7.903089986991944
147418.5	50	0.785	-7.903089986991944
147931.333	50	0.79	-7.903089986991944
148856.167	50	0.795	-7.903089986991944
149560.0	50	0.8	-7.903089986991944
150042.571	50	0.805	-7.903089986991944
150949.317	50	0.81	-7.903089986991944
151860.575	50	0.815	-7.903089986991944
152418.4	50	0.82	-7.903089986991944
153165.0	50	0.825	-7.903089986991944
153725.675	50	0.83	-7.903089986991944
155398.0	50	0.835	-7.903089986991944
156637.9	50	0.84	-7.903089986991944
157585.333	50	0.845	-7.903089986991944
158588.333	50	0.85	-7.903089986991944
159305.638	50	0.855	-7.903089986991944
160428.4	50	0.86	-7.903089986991944
161313.222	50	0.865	-7.903089986991944
161824.0	50	0.87	-7.903089986991944
162516.5	50	0.875	-7.903089986991944
163516.0	50	0.88	-7.903089986991944
164553.4	50	0.885	-7.903089986991944
165436.043	50	0.89	-7.903089986991944
166683.758	50	0.895	-7.903089986991944
168000.0	50	0.9	-7.903089986991944
168671.327	50	0.905	-7.903089986991944
169897.73	50	0.91	-7.903089986991944
170724.0	50	0.915	-7.903089986991944
171862.667	50	0.92	-7.903089986991944
173159.583	50	0.925	-7.903089986991944
175530.182	50	0.93	-7.903089986991944
176503.0	50	0.935	-7.903089986991944
177968.08	50	0.94	-7.903089986991944
180157.133	50	0.945	-7.903089986991944
182541.667	50	0.95	-7.903089986991944
183779.5	50	0.955	-7.903089986991944
185790.667	50	0.96	-7.903089986991944
187637.75	50	0.965	-7.903089986991944
189624.0	50	0.97	-7.903089986991944
192308.05	50	0.975	-7.903089986991944
194568.333	50	0.98	-7.903089986991944
196122.0	50	0.985	-7.903089986991944
199246.0	50	0.99	-7.903089986991944
208146.0	50	0.995	-7.903089986991944
123996.667	75	0.5	-7.903089986991944
124440.019	75	0.505	-7.903089986991944
124927.899	75	0.51	-7.903089986991944
125129.84	75	0.515	-7.903089986991944
125679.865	75	0.52	-7.903089986991944
125957.734	75	0.525	-7.903089986991944
126415.322	75	0.53	-7.903089986991944
127049.264	75	0.535	-7.903089986991944
127533.19	75	0.54	-7.903089986991944
127618.967	75	0.545	-7.903089986991944
127786.465	75	0.55	-7.903089986991944
127896.309	75	0.555	-7.903089986991944
128470.72	75	0.56	-7.903089986991944
129180.545	75	0.565	-7.903089986991944
129411.757	75	0.57	-7.903089986991944
130180.0	75	0.575	-7.903089986991944
130345.827	75	0.58	-7.903089986991944
130703.114	75	0.585	-7.903089986991944
131048.7	75	0.59	-7.903089986991944
131328.429	75	0.595	-7.903089986991944
131776.0	75	0.6	-7.903089986991944
132197.273	75	0.605	-7.903089986991944
132408.662	75	0.61	-7.903089986991944
132990.581	75	0.615	-7.903089986991944
133363.68	75	0.62	-7.903089986991944
133811.0	75	0.625	-7.903089986991944
134026.02	75	0.63	-7.903089986991944
134308.612	75	0.635	-7.903089986991944
134872.12	75	0.64	-7.903089986991944
135322.196	75	0.645	-7.903089986991944
135621.333	75	0.65	-7.903089986991944
135939.032	75	0.655	-7.903089986991944
136595.038	75	0.66	-7.903089986991944
137107.898	75	0.665	-7.903089986991944
137395.25	75	0.67	-7.903089986991944
138189.981	75	0.675	-7.903089986991944
138610.4	75	0.68	-7.903089986991944
138831.539	75	0.685	-7.903089986991944
139169.663	75	0.69	-7.903089986991944
139593.133	75	0.695	-7.903089986991944
139839.2	75	0.7	-7.903089986991944
140351.314	75	0.705	-7.903089986991944
140725.101	75	0.71	-7.903089986991944
141160.765	75	0.715	-7.903089986991944
141471.4	75	0.72	-7.903089986991944
141583.0	75	0.725	-7.903089986991944
141917.031	75	0.73	-7.903089986991944
142360.108	75	0.735	-7.903089986991944
142772.09	75	0.74	-7.903089986991944
143493.914	75	0.745	-7.903089986991944
143984.375	75	0.75	-7.903089986991944
144541.028	75	0.755	-7.903089986991944
144891.673	75	0.76	-7.903089986991944
145852.435	75	0.765	-7.903089986991944
146623.253	75	0.77	-7.903089986991944
146990.144	75	0.775	-7.903089986991944
147379.267	75	0.78	-7.903089986991944
148143.705	75	0.785	-7.903089986991944
148729.36	75	0.79	-7.903089986991944
149382.79	75	0.795	-7.903089986991944
150199.067	75	0.8	-7.903089986991944
150892.771	75	0.805	-7.903089986991944
151300.46	75	0.81	-7.903089986991944
151708.507	75	0.815	-7.903089986991944
152192.982	75	0.82	-7.903089986991944
152809.147	75	0.825	-7.903089986991944
153784.825	75	0.83	-7.903089986991944
154137.129	75	0.835	-7.903089986991944
154743.2	75	0.84	-7.903089986991944
155847.037	75	0.845	-7.903089986991944
156271.231	75	0.85	-7.903089986991944
156908.967	75	0.855	-7.903089986991944
157506.933	75	0.86	-7.903089986991944
158113.395	75	0.865	-7.903089986991944
158667.4	75	0.87	-7.903089986991944
159567.784	75	0.875	-7.903089986991944
160815.19	75	0.88	-7.903089986991944
161508.317	75	0.885	-7.903089986991944
162007.37	75	0.89	-7.903089986991944
162803.821	75	0.895	-7.903089986991944
164174.809	75	0.9	-7.903089986991944
165255.173	75	0.905	-7.903089986991944
166654.496	75	0.91	-7.903089986991944
167401.458	75	0.915	-7.903089986991944
169064.0	75	0.92	-7.903089986991944
169649.722	75	0.925	-7.903089986991944
170842.322	75	0.93	-7.903089986991944
171995.843	75	0.935	-7.903089986991944
173477.0	75	0.94	-7.903089986991944
174630.483	75	0.945	-7.903089986991944
176470.125	75	0.95	-7.903089986991944
178589.167	75	0.955	-7.903089986991944
180406.171	75	0.96	-7.903089986991944
181804.674	75	0.965	-7.903089986991944
184296.115	75	0.97	-7.903089986991944
187820.5	75	0.975	-7.903089986991944
189030.362	75	0.98	-7.903089986991944
193142.141	75	0.985	-7.903089986991944
205331.39	75	0.99	-7.903089986991944
212057.5	75	0.995	-7.903089986991944
134174.143	100	0.5	-7.903089986991944
134492.01	100	0.505	-7.903089986991944
134817.891	100	0.51	-7.903089986991944
135227.45	100	0.515	-7.903089986991944
135552.84	100	0.52	-7.903089986991944
135900.28	100	0.525	-7.903089986991944
136250.011	100	0.53	-7.903089986991944
136401.977	100	0.535	-7.903089986991944
136547.013	100	0.54	-7.903089986991944
136833.939	100	0.545	-7.903089986991944
136999.833	100	0.55	-7.903089986991944
137425.706	100	0.555	-7.903089986991944
138041.04	100	0.56	-7.903089986991944
138296.6	100	0.565	-7.903089986991944
138647.052	100	0.57	-7.903089986991944
138866.319	100	0.575	-7.903089986991944
139191.08	100	0.58	-7.903089986991944
139590.615	100	0.585	-7.903089986991944
139905.385	100	0.59	-7.903089986991944
140503.351	100	0.595	-7.903089986991944
140706.7	100	0.6	-7.903089986991944
141160.568	100	0.605	-7.903089986991944
141435.79	100	0.61	-7.903089986991944
141721.975	100	0.615	-7.903089986991944
142136.1	100	0.62	-7.903089986991944
142630.66	100	0.625	-7.903089986991944
142880.743	100	0.63	-7.903089986991944
143099.464	100	0.635	-7.903089986991944
143442.304	100	0.64	-7.903089986991944
143706.728	100	0.645	-7.903089986991944
143958.8	100	0.65	-7.903089986991944
144282.94	100	0.655	-7.903089986991944
144669.836	100	0.66	-7.903089986991944
144848.447	100	0.665	-7.903089986991944
145453.635	100	0.67	-7.903089986991944
145799.092	100	0.675	-7.903089986991944
146132.333	100	0.68	-7.903089986991944
146458.81	100	0.685	-7.903089986991944
147164.32	100	0.69	-7.903089986991944
147575.144	100	0.695	-7.903089986991944
148186.271	100	0.7	-7.903089986991944
148542.246	100	0.705	-7.903089986991944
148825.911	100	0.71	-7.903089986991944
149190.976	100	0.715	-7.903089986991944
149594.335	100	0.72	-7.903089986991944
150270.116	100	0.725	-7.903089986991944
150685.44	100	0.73	-7.903089986991944
151034.26	100	0.735	-7.903089986991944
151458.567	100	0.74	-7.903089986991944
151995.53	100	0.745	-7.903089986991944
152547.461	100	0.75	-7.903089986991944
152904.229	100	0.755	-7.903089986991944
153037.2	100	0.76	-7.903089986991944
153622.889	100	0.765	-7.903089986991944
154188.651	100	0.77	-7.903089986991944
154573.556	100	0.775	-7.903089986991944
155181.627	100	0.78	-7.903089986991944
155528.403	100	0.785	-7.903089986991944
156047.889	100	0.79	-7.903089986991944
156429.53	100	0.795	-7.903089986991944
156891.543	100	0.8	-7.903089986991944
157162.73	100	0.805	-7.903089986991944
157752.802	100	0.81	-7.903089986991944
158127.6	100	0.815	-7.903089986991944
158821.72	100	0.82	-7.903089986991944
159056.074	100	0.825	-7.903089986991944
160110.483	100	0.83	-7.903089986991944
161330.662	100	0.835	-7.903089986991944
162243.204	100	0.84	-7.903089986991944
162904.315	100	0.845	-7.903089986991944
163317.454	100	0.85	-7.903089986991944
163870.491	100	0.855	-7.903089986991944
164552.492	100	0.86	-7.903089986991944
165369.09	100	0.865	-7.903089986991944
165872.01	100	0.87	-7.903089986991944
166996.976	100	0.875	-7.903089986991944
167599.855	100	0.88	-7.903089986991944
168798.101	100	0.885	-7.903089986991944
169409.407	100	0.89	-7.903089986991944
170360.066	100	0.895	-7.903089986991944
170612.8	100	0.9	-7.903089986991944
170853.575	100	0.905	-7.903089986991944
171638.338	100	0.91	-7.903089986991944
172470.359	100	0.915	-7.903089986991944
173388.795	100	0.92	-7.903089986991944
174585.579	100	0.925	-7.903089986991944
175136.625	100	0.93	-7.903089986991944
175866.362	100	0.935	-7.903089986991944
177456.333	100	0.94	-7.903089986991944
179593.986	100	0.945	-7.903089986991944
181106.14	100	0.95	-7.903089986991944
181516.252	100	0.955	-7.903089986991944
183612.16	100	0.96	-7.903089986991944
185217.8	100	0.965	-7.903089986991944
186754.943	100	0.97	-7.903089986991944
188846.163	100	0.975	-7.903089986991944
194102.148	100	0.98	-7.903089986991944
198305.55	100	0.985	-7.903089986991944
202433.506	100	0.99	-7.903089986991944
215165.92	100	0.995	-7.903089986991944
142495.0	125	0.5	-7.903089986991944
142638.058	125	0.505	-7.903089986991944
142834.88	125	0.51	-7.903089986991944
143471.242	125	0.515	-7.903089986991944
143752.56	125	0.52	-7.903089986991944
144077.556	125	0.525	-7.903089986991944
144474.342	125	0.53	-7.903089986991944
144687.787	125	0.535	-7.903089986991944
145254.682	125	0.54	-7.903089986991944
145528.053	125	0.545	-7.903089986991944
145730.4	125	0.55	-7.903089986991944
145966.952	125	0.555	-7.903089986991944
146555.543	125	0.56	-7.903089986991944
146906.093	125	0.565	-7.903089986991944
147127.152	125	0.57	-7.903089986991944
147344.782	125	0.575	-7.903089986991944
147715.225	125	0.58	-7.903089986991944
148272.743	125	0.585	-7.903089986991944
148635.2	125	0.59	-7.903089986991944
148810.969	125	0.595	-7.903089986991944
149123.273	125	0.6	-7.903089986991944
149493.716	125	0.605	-7.903089986991944
149785.391	125	0.61	-7.903089986991944
150285.82	125	0.615	-7.903089986991944
150571.206	125	0.62	-7.903089986991944
151194.569	125	0.625	-7.903089986991944
151472.363	125	0.63	-7.903089986991944
151628.012	125	0.635	-7.903089986991944
151923.653	125	0.64	-7.903089986991944
152240.015	125	0.645	-7.903089986991944
152635.844	125	0.65	-7.903089986991944
153138.173	125	0.655	-7.903089986991944
153430.766	125	0.66	-7.903089986991944
153843.769	125	0.665	-7.903089986991944
154060.7	125	0.67	-7.903089986991944
154609.45	125	0.675	-7.903089986991944
155130.982	125	0.68	-7.903089986991944
155435.698	125	0.685	-7.903089986991944
156139.2	125	0.69	-7.903089986991944
156436.685	125	0.695	-7.903089986991944
156663.922	125	0.7	-7.903089986991944
157176.006	125	0.705	-7.903089986991944
157368.927	125	0.71	-7.903089986991944
157721.694	125	0.715	-7.903089986991944
158177.6	125	0.72	-7.903089986991944
158338.318	125	0.725	-7.903089986991944
159030.593	125	0.73	-7.903089986991944
159452.95	125	0.735	-7.903089986991944
159889.062	125	0.74	-7.903089986991944
160606.0	125	0.745	-7.903089986991944
160793.923	125	0.75	-7.903089986991944
161102.623	125	0.755	-7.903089986991944
161443.458	125	0.76	-7.903089986991944
161820.331	125	0.765	-7.903089986991944
162037.179	125	0.77	-7.903089986991944
162454.857	125	0.775	-7.903089986991944
162812.832	125	0.78	-7.903089986991944
163217.237	125	0.785	-7.903089986991944
163460.86	125	0.79	-7.903089986991944
163707.69	125	0.795	-7.903089986991944
163984.683	125	0.8	-7.903089986991944
164204.429	125	0.805	-7.903089986991944
164560.047	125	0.81	-7.903089986991944
164964.246	125	0.815	-7.903089986991944
165291.366	125	0.82	-7.903089986991944
166161.652	125	0.825	-7.903089986991944
166725.0	125	0.83	-7.903089986991944
167313.128	125	0.835	-7.903089986991944
167829.483	125	0.84	-7.903089986991944
168717.101	125	0.845	-7.903089986991944
169546.523	125	0.85	-7.903089986991944
170098.137	125	0.855	-7.903089986991944
170396.381	125	0.86	-7.903089986991944
170922.86	125	0.865	-7.903089986991944
171721.232	125	0.87	-7.903089986991944
172655.308	125	0.875	-7.903089986991944
173589.817	125	0.88	-7.903089986991944
173954.029	125	0.885	-7.903089986991944
174802.844	125	0.89	-7.903089986991944
175150.949	125	0.895	-7.903089986991944
176446.338	125	0.9	-7.903089986991944
177192.56	125	0.905	-7.903089986991944
177954.897	125	0.91	-7.903089986991944
178561.108	125	0.915	-7.903089986991944
179252.05	125	0.92	-7.903089986991944
181185.1	125	0.925	-7.903089986991944
181777.913	125	0.93	-7.903089986991944
182756.529	125	0.935	-7.903089986991944
183694.267	125	0.94	-7.903089986991944
186729.48	125	0.945	-7.903089986991944
188914.857	125	0.95	-7.903089986991944
189654.965	125	0.955	-7.903089986991944
190715.495	125	0.96	-7.903089986991944
191410.657	125	0.965	-7.903089986991944
194291.2	125	0.97	-7.903089986991944
199049.619	125	0.975	-7.903089986991944
202551.911	125	0.98	-7.903089986991944
204564.048	125	0.985	-7.903089986991944
208427.086	125	0.99	-7.903089986991944
217595.668	125	0.995	-7.903089986991944
150379.524	150	0.5	-7.903089986991944
150919.525	150	0.505	-7.903089986991944
151200.268	150	0.51	-7.903089986991944
151391.936	150	0.515	-7.903089986991944
151530.629	150	0.52	-7.903089986991944
151810.708	150	0.525	-7.903089986991944
152129.877	150	0.53	-7.903089986991944
152401.191	150	0.535	-7.903089986991944
152696.174	150	0.54	-7.903089986991944
153172.825	150	0.545	-7.903089986991944
153431.1	150	0.55	-7.903089986991944
153681.273	150	0.555	-7.903089986991944
153990.368	150	0.56	-7.903089986991944
154484.404	150	0.565	-7.903089986991944
154677.377	150	0.57	-7.903089986991944
155219.798	150	0.575	-7.903089986991944
155576.323	150	0.58	-7.903089986991944
155751.328	150	0.585	-7.903089986991944
156120.778	150	0.59	-7.903089986991944
156530.471	150	0.595	-7.903089986991944
156762.756	150	0.6	-7.903089986991944
157024.556	150	0.605	-7.903089986991944
157403.818	150	0.61	-7.903089986991944
157857.561	150	0.615	-7.903089986991944
158264.6	150	0.62	-7.903089986991944
158710.625	150	0.625	-7.903089986991944
159016.431	150	0.63	-7.903089986991944
159650.057	150	0.635	-7.903089986991944
160062.585	150	0.64	-7.903089986991944
160397.45	150	0.645	-7.903089986991944
160857.608	150	0.65	-7.903089986991944
161178.49	150	0.655	-7.903089986991944
161811.855	150	0.66	-7.903089986991944
162080.171	150	0.665	-7.903089986991944
162299.555	150	0.67	-7.903089986991944
163394.642	150	0.675	-7.903089986991944
163731.636	150	0.68	-7.903089986991944
163882.104	150	0.685	-7.903089986991944
164234.155	150	0.69	-7.903089986991944
164759.582	150	0.695	-7.903089986991944
165029.909	150	0.7	-7.903089986991944
165569.72	150	0.705	-7.903089986991944
165739.567	150	0.71	-7.903089986991944
166118.042	150	0.715	-7.903089986991944
166385.708	150	0.72	-7.903089986991944
166894.731	150	0.725	-7.903089986991944
167488.212	150	0.73	-7.903089986991944
167914.455	150	0.735	-7.903089986991944
168181.701	150	0.74	-7.903089986991944
168411.716	150	0.745	-7.903089986991944
168968.75	150	0.75	-7.903089986991944
169198.162	150	0.755	-7.903089986991944
169723.296	150	0.76	-7.903089986991944
169996.854	150	0.765	-7.903089986991944
170506.162	150	0.77	-7.903089986991944
170583.536	150	0.775	-7.903089986991944
171089.879	150	0.78	-7.903089986991944
171379.079	150	0.785	-7.903089986991944
171792.517	150	0.79	-7.903089986991944
172159.996	150	0.795	-7.903089986991944
172361.695	150	0.8	-7.903089986991944
173030.863	150	0.805	-7.903089986991944
173600.712	150	0.81	-7.903089986991944
174228.9	150	0.815	-7.903089986991944
174500.571	150	0.82	-7.903089986991944
174737.666	150	0.825	-7.903089986991944
175036.45	150	0.83	-7.903089986991944
175908.11	150	0.835	-7.903089986991944
176548.897	150	0.84	-7.903089986991944
177198.725	150	0.845	-7.903089986991944
177976.637	150	0.85	-7.903089986991944
178462.753	150	0.855	-7.903089986991944
179363.927	150	0.86	-7.903089986991944
179847.077	150	0.865	-7.903089986991944
181127.244	150	0.87	-7.903089986991944
182335.94	150	0.875	-7.903089986991944
182899.086	150	0.88	-7.903089986991944
183612.004	150	0.885	-7.903089986991944
184579.148	150	0.89	-7.903089986991944
185375.029	150	0.895	-7.903089986991944
186416.764	150	0.9	-7.903089986991944
187207.751	150	0.905	-7.903089986991944
187887.831	150	0.91	-7.903089986991944
188673.751	150	0.915	-7.903089986991944
189699.78	150	0.92	-7.903089986991944
191491.909	150	0.925	-7.903089986991944
192564.523	150	0.93	-7.903089986991944
193750.491	150	0.935	-7.903089986991944
194968.95	150	0.94	-7.903089986991944
195801.062	150	0.945	-7.903089986991944
197158.161	150	0.95	-7.903089986991944
199097.996	150	0.955	-7.903089986991944
200679.3	150	0.96	-7.903089986991944
203582.467	150	0.965	-7.903089986991944
205416.0	150	0.97	-7.903089986991944
207002.668	150	0.975	-7.903089986991944
208643.496	150	0.98	-7.903089986991944
213874.971	150	0.985	-7.903089986991944
215520.577	150	0.99	-7.903089986991944
245054.486	150	0.995	-7.903089986991944
157524.893	175	0.5	-7.903089986991944
158188.782	175	0.505	-7.903089986991944
158595.2	175	0.51	-7.903089986991944
159004.127	175	0.515	-7.903089986991944
159224.057	175	0.52	-7.903089986991944
159608.541	175	0.525	-7.903089986991944
159926.588	175	0.53	-7.903089986991944
160119.75	175	0.535	-7.903089986991944
160380.474	175	0.54	-7.903089986991944
160981.508	175	0.545	-7.903089986991944
161366.546	175	0.55	-7.903089986991944
161845.75	175	0.555	-7.903089986991944
162015.104	175	0.56	-7.903089986991944
162527.547	175	0.565	-7.903089986991944
162783.855	175	0.57	-7.903089986991944
162903.009	175	0.575	-7.903089986991944
163390.054	175	0.58	-7.903089986991944
163880.351	175	0.585	-7.903089986991944
164219.072	175	0.59	-7.903089986991944
164688.47	175	0.595	-7.903089986991944
164914.043	175	0.6	-7.903089986991944
165032.667	175	0.605	-7.903089986991944
165256.9	175	0.61	-7.903089986991944
165889.133	175	0.615	-7.903089986991944
166384.368	175	0.62	-7.903089986991944
166680.986	175	0.625	-7.903089986991944
167133.576	175	0.63	-7.903089986991944
167380.215	175	0.635	-7.903089986991944
167900.229	175	0.64	-7.903089986991944
168378.151	175	0.645	-7.903089986991944
168989.423	175	0.65	-7.903089986991944
169463.659	175	0.655	-7.903089986991944
169980.167	175	0.66	-7.903089986991944
170371.524	175	0.665	-7.903089986991944
170839.344	175	0.67	-7.903089986991944
171237.804	175	0.675	-7.903089986991944
171853.713	175	0.68	-7.903089986991944
172301.346	175	0.685	-7.903089986991944
172692.883	175	0.69	-7.903089986991944
173096.847	175	0.695	-7.903089986991944
173469.791	175	0.7	-7.903089986991944
173868.348	175	0.705	-7.903089986991944
174388.048	175	0.71	-7.903089986991944
174623.663	175	0.715	-7.903089986991944
174861.397	175	0.72	-7.903089986991944
175218.02	175	0.725	-7.903089986991944
175430.372	175	0.73	-7.903089986991944
175694.133	175	0.735	-7.903089986991944
176115.219	175	0.74	-7.903089986991944
176795.294	175	0.745	-7.903089986991944
176966.0	175	0.75	-7.903089986991944
177265.705	175	0.755	-7.903089986991944
177799.776	175	0.76	-7.903089986991944
178194.585	175	0.765	-7.903089986991944
178641.675	175	0.77	-7.903089986991944
178983.984	175	0.775	-7.903089986991944
179519.522	175	0.78	-7.903089986991944
179688.382	175	0.785	-7.903089986991944
179901.211	175	0.79	-7.903089986991944
180375.184	175	0.795	-7.903089986991944
180652.571	175	0.8	-7.903089986991944
181263.062	175	0.805	-7.903089986991944
181719.639	175	0.81	-7.903089986991944
182105.947	175	0.815	-7.903089986991944
182227.871	175	0.82	-7.903089986991944
182532.179	175	0.825	-7.903089986991944
182817.096	175	0.83	-7.903089986991944
183386.588	175	0.835	-7.903089986991944
183897.6	175	0.84	-7.903089986991944
184383.057	175	0.845	-7.903089986991944
184977.042	175	0.85	-7.903089986991944
185788.795	175	0.855	-7.903089986991944
186161.908	175	0.86	-7.903089986991944
186579.129	175	0.865	-7.903089986991944
187292.528	175	0.87	-7.903089986991944
187804.615	175	0.875	-7.903089986991944
188391.265	175	0.88	-7.903089986991944
189357.121	175	0.885	-7.903089986991944
189714.978	175	0.89	-7.903089986991944
191032.458	175	0.895	-7.903089986991944
191976.576	175	0.9	-7.903089986991944
192793.604	175	0.905	-7.903089986991944
193911.867	175	0.91	-7.903089986991944
194941.378	175	0.915	-7.903089986991944
195006.442	175	0.92	-7.903089986991944
195768.845	175	0.925	-7.903089986991944
196632.792	175	0.93	-7.903089986991944
197065.386	175	0.935	-7.903089986991944
198470.946	175	0.94	-7.903089986991944
200394.279	175	0.945	-7.903089986991944
202351.64	175	0.95	-7.903089986991944
202815.744	175	0.955	-7.903089986991944
203258.64	175	0.96	-7.903089986991944
204531.021	175	0.965	-7.903089986991944
206234.489	175	0.97	-7.903089986991944
208636.465	175	0.975	-7.903089986991944
212907.86	175	0.98	-7.903089986991944
217584.625	175	0.985	-7.903089986991944
226999.343	175	0.99	-7.903089986991944
231692.693	175	0.995	-7.903089986991944
167165.0	200	0.5	-7.903089986991944
167355.882	200	0.505	-7.903089986991944
167594.751	200	0.51	-7.903089986991944
167988.611	200	0.515	-7.903089986991944
168185.465	200	0.52	-7.903089986991944
168339.85	200	0.525	-7.903089986991944
168854.088	200	0.53	-7.903089986991944
169061.614	200	0.535	-7.903089986991944
169646.201	200	0.54	-7.903089986991944
170178.672	200	0.545	-7.903089986991944
170390.692	200	0.55	-7.903089986991944
170710.937	200	0.555	-7.903089986991944
171052.024	200	0.56	-7.903089986991944
171317.463	200	0.565	-7.903089986991944
171521.449	200	0.57	-7.903089986991944
171926.686	200	0.575	-7.903089986991944
172084.099	200	0.58	-7.903089986991944
172694.686	200	0.585	-7.903089986991944
172901.049	200	0.59	-7.903089986991944
173276.971	200	0.595	-7.903089986991944
173746.484	200	0.6	-7.903089986991944
174096.475	200	0.605	-7.903089986991944
174314.357	200	0.61	-7.903089986991944
174767.948	200	0.615	-7.903089986991944
175038.899	200	0.62	-7.903089986991944
175225.179	200	0.625	-7.903089986991944
175362.671	200	0.63	-7.903089986991944
175814.378	200	0.635	-7.903089986991944
176272.625	200	0.64	-7.903089986991944
176567.555	200	0.645	-7.903089986991944
177019.08	200	0.65	-7.903089986991944
177232.846	200	0.655	-7.903089986991944
177665.123	200	0.66	-7.903089986991944
177929.264	200	0.665	-7.903089986991944
178196.344	200	0.67	-7.903089986991944
178531.717	200	0.675	-7.903089986991944
178904.26	200	0.68	-7.903089986991944
179326.092	200	0.685	-7.903089986991944
179470.375	200	0.69	-7.903089986991944
179803.679	200	0.695	-7.903089986991944
180081.915	200	0.7	-7.903089986991944
180208.014	200	0.705	-7.903089986991944
180653.299	200	0.71	-7.903089986991944
181070.78	200	0.715	-7.903089986991944
181507.98	200	0.72	-7.903089986991944
181756.214	200	0.725	-7.903089986991944
182031.967	200	0.73	-7.903089986991944
182589.458	200	0.735	-7.903089986991944
183373.971	200	0.74	-7.903089986991944
183594.53	200	0.745	-7.903089986991944
183961.429	200	0.75	-7.903089986991944
184157.557	200	0.755	-7.903089986991944
185107.791	200	0.76	-7.903089986991944
185413.809	200	0.765	-7.903089986991944
185688.993	200	0.77	-7.903089986991944
186502.27	200	0.775	-7.903089986991944
186817.221	200	0.78	-7.903089986991944
187311.657	200	0.785	-7.903089986991944
187603.538	200	0.79	-7.903089986991944
188001.545	200	0.795	-7.903089986991944
188264.171	200	0.8	-7.903089986991944
188529.644	200	0.805	-7.903089986991944
188807.6	200	0.81	-7.903089986991944
189469.755	200	0.815	-7.903089986991944
190312.615	200	0.82	-7.903089986991944
190671.95	200	0.825	-7.903089986991944
191119.541	200	0.83	-7.903089986991944
191762.745	200	0.835	-7.903089986991944
192493.371	200	0.84	-7.903089986991944
193602.908	200	0.845	-7.903089986991944
194063.479	200	0.85	-7.903089986991944
194614.917	200	0.855	-7.903089986991944
195356.268	200	0.86	-7.903089986991944
196117.342	200	0.865	-7.903089986991944
196537.547	200	0.87	-7.903089986991944
197195.83	200	0.875	-7.903089986991944
197889.787	200	0.88	-7.903089986991944
198382.923	200	0.885	-7.903089986991944
198886.414	200	0.89	-7.903089986991944
199958.978	200	0.895	-7.903089986991944
200245.835	200	0.9	-7.903089986991944
200528.422	200	0.905	-7.903089986991944
201268.706	200	0.91	-7.903089986991944
202275.65	200	0.915	-7.903089986991944
202997.828	200	0.92	-7.903089986991944
203542.489	200	0.925	-7.903089986991944
204596.149	200	0.93	-7.903089986991944
205941.476	200	0.935	-7.903089986991944
206894.862	200	0.94	-7.903089986991944
207842.571	200	0.945	-7.903089986991944
208602.268	200	0.95	-7.903089986991944
210654.49	200	0.955	-7.903089986991944
212128.469	200	0.96	-7.903089986991944
217497.543	200	0.965	-7.903089986991944
219140.177	200	0.97	-7.903089986991944
221487.765	200	0.975	-7.903089986991944
230284.057	200	0.98	-7.903089986991944
236113.872	200	0.985	-7.903089986991944
241296.786	200	0.99	-7.903089986991944
275232.368	200	0.995	-7.903089986991944
175776.958	225	0.5	-7.903089986991944
176072.277	225	0.505	-7.903089986991944
176312.938	225	0.51	-7.903089986991944
176409.627	225	0.515	-7.903089986991944
176805.72	225	0.52	-7.903089986991944
177073.854	225	0.525	-7.903089986991944
177498.106	225	0.53	-7.903089986991944
177963.833	225	0.535	-7.903089986991944
178556.762	225	0.54	-7.903089986991944
178860.15	225	0.545	-7.903089986991944
179060.0	225	0.55	-7.903089986991944
179340.148	225	0.555	-7.903089986991944
179644.849	225	0.56	-7.903089986991944
179923.171	225	0.565	-7.903089986991944
180140.4	225	0.57	-7.903089986991944
180330.657	225	0.575	-7.903089986991944
180668.627	225	0.58	-7.903089986991944
180969.921	225	0.585	-7.903089986991944
181399.799	225	0.59	-7.903089986991944
181704.273	225	0.595	-7.903089986991944
181943.295	225	0.6	-7.903089986991944
182048.362	225	0.605	-7.903089986991944
182258.18	225	0.61	-7.903089986991944
182476.466	225	0.615	-7.903089986991944
182698.747	225	0.62	-7.903089986991944
182817.555	225	0.625	-7.903089986991944
183150.9	225	0.63	-7.903089986991944
183531.939	225	0.635	-7.903089986991944
183657.244	225	0.64	-7.903089986991944
183876.031	225	0.645	-7.903089986991944
184136.054	225	0.65	-7.903089986991944
184526.057	225	0.655	-7.903089986991944
184733.02	225	0.66	-7.903089986991944
185042.999	225	0.665	-7.903089986991944
185504.678	225	0.67	-7.903089986991944
186136.758	225	0.675	-7.903089986991944
186663.729	225	0.68	-7.903089986991944
187160.083	225	0.685	-7.903089986991944
187792.714	225	0.69	-7.903089986991944
188094.025	225	0.695	-7.903089986991944
188772.869	225	0.7	-7.903089986991944
189104.549	225	0.705	-7.903089986991944
189274.717	225	0.71	-7.903089986991944
189687.748	225	0.715	-7.903089986991944
189917.903	225	0.72	-7.903089986991944
190247.247	225	0.725	-7.903089986991944
190459.888	225	0.73	-7.903089986991944
190903.109	225	0.735	-7.903089986991944
191457.602	225	0.74	-7.903089986991944
191576.777	225	0.745	-7.903089986991944
191815.512	225	0.75	-7.903089986991944
192122.833	225	0.755	-7.903089986991944
192657.67	225	0.76	-7.903089986991944
193121.635	225	0.765	-7.903089986991944
193535.786	225	0.77	-7.903089986991944
193755.481	225	0.775	-7.903089986991944
194453.295	225	0.78	-7.903089986991944
195114.024	225	0.785	-7.903089986991944
195732.386	225	0.79	-7.903089986991944
196204.757	225	0.795	-7.903089986991944
196529.275	225	0.8	-7.903089986991944
196891.309	225	0.805	-7.903089986991944
197299.42	225	0.81	-7.903089986991944
198150.189	225	0.815	-7.903089986991944
198659.399	225	0.82	-7.903089986991944
199268.212	225	0.825	-7.903089986991944
199738.102	225	0.83	-7.903089986991944
200345.098	225	0.835	-7.903089986991944
201063.717	225	0.84	-7.903089986991944
201385.946	225	0.845	-7.903089986991944
202262.659	225	0.85	-7.903089986991944
202844.627	225	0.855	-7.903089986991944
203426.161	225	0.86	-7.903089986991944
203881.957	225	0.865	-7.903089986991944
204646.754	225	0.87	-7.903089986991944
205315.375	225	0.875	-7.903089986991944
205716.057	225	0.88	-7.903089986991944
206165.992	225	0.885	-7.903089986991944
207395.821	225	0.89	-7.903089986991944
207933.623	225	0.895	-7.903089986991944
208888.6	225	0.9	-7.903089986991944
209481.024	225	0.905	-7.903089986991944
210576.2	225	0.91	-7.903089986991944
211216.131	225	0.915	-7.903089986991944
212191.521	225	0.92	-7.903089986991944
212936.393	225	0.925	-7.903089986991944
215167.322	225	0.93	-7.903089986991944
216472.743	225	0.935	-7.903089986991944
217304.404	225	0.94	-7.903089986991944
218804.451	225	0.945	-7.903089986991944
219612.294	225	0.95	-7.903089986991944
220316.622	225	0.955	-7.903089986991944
221741.577	225	0.96	-7.903089986991944
224679.719	225	0.965	-7.903089986991944
227047.067	225	0.97	-7.903089986991944
230019.807	225	0.975	-7.903089986991944
233837.783	225	0.98	-7.903089986991944
238845.543	225	0.985	-7.903089986991944
247814.935	225	0.99	-7.903089986991944
253016.57	225	0.995	-7.903089986991944
183131.593	250	0.5	-7.903089986991944
183273.85	250	0.505	-7.903089986991944
183711.214	250	0.51	-7.903089986991944
183969.399	250	0.515	-7.903089986991944
184446.323	250	0.52	-7.903089986991944
185035.739	250	0.525	-7.903089986991944
185315.171	250	0.53	-7.903089986991944
185583.862	250	0.535	-7.903089986991944
185907.757	250	0.54	-7.903089986991944
186221.967	250	0.545	-7.903089986991944
186415.736	250	0.55	-7.903089986991944
186910.477	250	0.555	-7.903089986991944
187555.929	250	0.56	-7.903089986991944
187942.671	250	0.565	-7.903089986991944
188113.48	250	0.57	-7.903089986991944
188760.382	250	0.575	-7.903089986991944
189449.909	250	0.58	-7.903089986991944
189835.081	250	0.585	-7.903089986991944
190114.724	250	0.59	-7.903089986991944
190344.805	250	0.595	-7.903089986991944
190792.857	250	0.6	-7.903089986991944
191140.36	250	0.605	-7.903089986991944
191541.091	250	0.61	-7.903089986991944
192125.441	250	0.615	-7.903089986991944
192329.252	250	0.62	-7.903089986991944
192735.115	250	0.625	-7.903089986991944
193038.281	250	0.63	-7.903089986991944
193407.607	250	0.635	-7.903089986991944
193788.412	250	0.64	-7.903089986991944
194388.53	250	0.645	-7.903089986991944
194719.404	250	0.65	-7.903089986991944
194900.197	250	0.655	-7.903089986991944
195056.15	250	0.66	-7.903089986991944
195739.098	250	0.665	-7.903089986991944
196146.157	250	0.67	-7.903089986991944
196576.75	250	0.675	-7.903089986991944
196880.811	250	0.68	-7.903089986991944
197121.358	250	0.685	-7.903089986991944
197570.734	250	0.69	-7.903089986991944
198209.693	250	0.695	-7.903089986991944
198611.167	250	0.7	-7.903089986991944
199254.106	250	0.705	-7.903089986991944
199474.694	250	0.71	-7.903089986991944
199658.331	250	0.715	-7.903089986991944
200256.236	250	0.72	-7.903089986991944
200525.306	250	0.725	-7.903089986991944
201275.79	250	0.73	-7.903089986991944
201467.375	250	0.735	-7.903089986991944
202094.345	250	0.74	-7.903089986991944
202516.807	250	0.745	-7.903089986991944
203022.089	250	0.75	-7.903089986991944
203308.982	250	0.755	-7.903089986991944
203475.858	250	0.76	-7.903089986991944
203647.968	250	0.765	-7.903089986991944
204026.429	250	0.77	-7.903089986991944
204717.302	250	0.775	-7.903089986991944
205334.229	250	0.78	-7.903089986991944
205687.757	250	0.785	-7.903089986991944
205827.314	250	0.79	-7.903089986991944
206497.5	250	0.795	-7.903089986991944
206666.014	250	0.8	-7.903089986991944
207150.087	250	0.805	-7.903089986991944
207857.845	250	0.81	-7.903089986991944
208154.529	250	0.815	-7.903089986991944
208739.044	250	0.82	-7.903089986991944
209220.107	250	0.825	-7.903089986991944
209712.313	250	0.83	-7.903089986991944
210551.881	250	0.835	-7.903089986991944
210977.029	250	0.84	-7.903089986991944
211694.079	250	0.845	-7.903089986991944
212216.632	250	0.85	-7.903089986991944
212492.607	250	0.855	-7.903089986991944
213593.229	250	0.86	-7.903089986991944
214026.9	250	0.865	-7.903089986991944
214586.82	250	0.87	-7.903089986991944
215814.582	250	0.875	-7.903089986991944
216611.12	250	0.88	-7.903089986991944
217806.257	250	0.885	-7.903089986991944
218779.147	250	0.89	-7.903089986991944
219064.629	250	0.895	-7.903089986991944
219307.474	250	0.9	-7.903089986991944
219774.01	250	0.905	-7.903089986991944
221726.25	250	0.91	-7.903089986991944
222200.788	250	0.915	-7.903089986991944
223546.64	250	0.92	-7.903089986991944
225752.3	250	0.925	-7.903089986991944
226940.772	250	0.93	-7.903089986991944
230097.639	250	0.935	-7.903089986991944
230763.481	250	0.94	-7.903089986991944
232192.573	250	0.945	-7.903089986991944
233250.077	250	0.95	-7.903089986991944
234964.833	250	0.955	-7.903089986991944
238378.634	250	0.96	-7.903089986991944
240851.718	250	0.965	-7.903089986991944
243780.771	250	0.97	-7.903089986991944
245309.931	250	0.975	-7.903089986991944
248766.457	250	0.98	-7.903089986991944
252412.287	250	0.985	-7.903089986991944
271013.979	250	0.99	-7.903089986991944
283928.292	250	0.995	-7.903089986991944
190059.136	275	0.5	-7.903089986991944
190298.667	275	0.505	-7.903089986991944
190485.615	275	0.51	-7.903089986991944
190663.564	275	0.515	-7.903089986991944
190877.6	275	0.52	-7.903089986991944
191193.304	275	0.525	-7.903089986991944
191536.877	275	0.53	-7.903089986991944
191898.795	275	0.535	-7.903089986991944
192263.27	275	0.54	-7.903089986991944
192582.246	275	0.545	-7.903089986991944
192984.698	275	0.55	-7.903089986991944
193362.569	275	0.555	-7.903089986991944
193883.313	275	0.56	-7.903089986991944
194316.875	275	0.565	-7.903089986991944
194525.4	275	0.57	-7.903089986991944
194949.714	275	0.575	-7.903089986991944
195346.733	275	0.58	-7.903089986991944
195637.95	275	0.585	-7.903089986991944
195915.935	275	0.59	-7.903089986991944
196267.588	275	0.595	-7.903089986991944
196552.193	275	0.6	-7.903089986991944
196870.793	275	0.605	-7.903089986991944
197391.173	275	0.61	-7.903089986991944
197519.879	275	0.615	-7.903089986991944
198099.803	275	0.62	-7.903089986991944
198325.411	275	0.625	-7.903089986991944
198466.174	275	0.63	-7.903089986991944
198730.222	275	0.635	-7.903089986991944
198964.677	275	0.64	-7.903089986991944
199137.446	275	0.645	-7.903089986991944
199712.942	275	0.65	-7.903089986991944
200013.112	275	0.655	-7.903089986991944
200536.939	275	0.66	-7.903089986991944
201467.222	275	0.665	-7.903089986991944
201825.557	275	0.67	-7.903089986991944
202255.219	275	0.675	-7.903089986991944
202709.731	275	0.68	-7.903089986991944
203314.705	275	0.685	-7.903089986991944
203690.713	275	0.69	-7.903089986991944
204052.929	275	0.695	-7.903089986991944
204721.05	275	0.7	-7.903089986991944
204976.12	275	0.705	-7.903089986991944
205272.548	275	0.71	-7.903089986991944
205529.935	275	0.715	-7.903089986991944
205877.657	275	0.72	-7.903089986991944
206044.777	275	0.725	-7.903089986991944
206362.098	275	0.73	-7.903089986991944
206768.98	275	0.735	-7.903089986991944
207065.595	275	0.74	-7.903089986991944
207634.063	275	0.745	-7.903089986991944
207835.071	275	0.75	-7.903089986991944
207929.564	275	0.755	-7.903089986991944
208569.624	275	0.76	-7.903089986991944
208777.207	275	0.765	-7.903089986991944
209035.429	275	0.77	-7.903089986991944
209702.48	275	0.775	-7.903089986991944
210488.101	275	0.78	-7.903089986991944
211082.063	275	0.785	-7.903089986991944
211721.186	275	0.79	-7.903089986991944
211892.278	275	0.795	-7.903089986991944
212318.085	275	0.8	-7.903089986991944
212550.209	275	0.805	-7.903089986991944
213550.014	275	0.81	-7.903089986991944
213882.284	275	0.815	-7.903089986991944
214300.044	275	0.82	-7.903089986991944
214599.125	275	0.825	-7.903089986991944
215492.3	275	0.83	-7.903089986991944
215607.854	275	0.835	-7.903089986991944
216026.971	275	0.84	-7.903089986991944
216804.498	275	0.845	-7.903089986991944
217509.3	275	0.85	-7.903089986991944
218141.808	275	0.855	-7.903089986991944
218869.633	275	0.86	-7.903089986991944
219206.197	275	0.865	-7.903089986991944
219671.789	275	0.87	-7.903089986991944
220103.759	275	0.875	-7.903089986991944
221017.371	275	0.88	-7.903089986991944
221413.0	275	0.885	-7.903089986991944
221961.805	275	0.89	-7.903089986991944
222906.014	275	0.895	-7.903089986991944
223373.427	275	0.9	-7.903089986991944
225020.206	275	0.905	-7.903089986991944
226362.651	275	0.91	-7.903089986991944
227233.943	275	0.915	-7.903089986991944
228237.651	275	0.92	-7.903089986991944
229294.03	275	0.925	-7.903089986991944
231431.424	275	0.93	-7.903089986991944
231864.11	275	0.935	-7.903089986991944
233004.676	275	0.94	-7.903089986991944
235973.364	275	0.945	-7.903089986991944
237273.139	275	0.95	-7.903089986991944
239721.56	275	0.955	-7.903089986991944
242002.238	275	0.96	-7.903089986991944
244155.021	275	0.965	-7.903089986991944
247935.157	275	0.97	-7.903089986991944
253084.368	275	0.975	-7.903089986991944
258523.777	275	0.98	-7.903089986991944
270658.643	275	0.985	-7.903089986991944
289232.126	275	0.99	-7.903089986991944
327590.639	275	0.995	-7.903089986991944
195740.714	300	0.5	-7.903089986991944
196076.364	300	0.505	-7.903089986991944
196196.743	300	0.51	-7.903089986991944
196382.857	300	0.515	-7.903089986991944
196727.803	300	0.52	-7.903089986991944
196957.162	300	0.525	-7.903089986991944
197248.514	300	0.53	-7.903089986991944
197606.431	300	0.535	-7.903089986991944
198015.074	300	0.54	-7.903089986991944
198415.529	300	0.545	-7.903089986991944
198791.162	300	0.55	-7.903089986991944
199065.653	300	0.555	-7.903089986991944
199327.2	300	0.56	-7.903089986991944
199583.943	300	0.565	-7.903089986991944
200046.414	300	0.57	-7.903089986991944
200378.964	300	0.575	-7.903089986991944
200589.979	300	0.58	-7.903089986991944
200904.13	300	0.585	-7.903089986991944
201135.857	300	0.59	-7.903089986991944
201304.293	300	0.595	-7.903089986991944
201634.157	300	0.6	-7.903089986991944
201945.261	300	0.605	-7.903089986991944
202516.674	300	0.61	-7.903089986991944
202760.324	300	0.615	-7.903089986991944
202884.211	300	0.62	-7.903089986991944
203093.997	300	0.625	-7.903089986991944
203454.071	300	0.63	-7.903089986991944
203863.693	300	0.635	-7.903089986991944
204157.956	300	0.64	-7.903089986991944
204634.159	300	0.645	-7.903089986991944
205018.618	300	0.65	-7.903089986991944
205390.654	300	0.655	-7.903089986991944
205930.246	300	0.66	-7.903089986991944
206106.388	300	0.665	-7.903089986991944
206512.868	300	0.67	-7.903089986991944
206849.464	300	0.675	-7.903089986991944
207295.619	300	0.68	-7.903089986991944
207660.619	300	0.685	-7.903089986991944
208063.3	300	0.69	-7.903089986991944
208211.807	300	0.695	-7.903089986991944
208625.143	300	0.7	-7.903089986991944
209728.829	300	0.705	-7.903089986991944
209872.503	300	0.71	-7.903089986991944
210538.609	300	0.715	-7.903089986991944
211237.353	300	0.72	-7.903089986991944
211548.576	300	0.725	-7.903089986991944
211892.182	300	0.73	-7.903089986991944
212392.443	300	0.735	-7.903089986991944
212632.369	300	0.74	-7.903089986991944
212840.143	300	0.745	-7.903089986991944
213456.839	300	0.75	-7.903089986991944
213952.279	300	0.755	-7.903089986991944
214242.229	300	0.76	-7.903089986991944
214745.09	300	0.765	-7.903089986991944
215326.914	300	0.77	-7.903089986991944
215522.107	300	0.775	-7.903089986991944
215749.569	300	0.78	-7.903089986991944
215968.201	300	0.785	-7.903089986991944
216690.268	300	0.79	-7.903089986991944
217110.222	300	0.795	-7.903089986991944
217491.543	300	0.8	-7.903089986991944
218397.358	300	0.805	-7.903089986991944
219288.854	300	0.81	-7.903089986991944
219926.8	300	0.815	-7.903089986991944
220271.332	300	0.82	-7.903089986991944
220950.568	300	0.825	-7.903089986991944
222124.131	300	0.83	-7.903089986991944
222284.055	300	0.835	-7.903089986991944
223750.746	300	0.84	-7.903089986991944
224377.857	300	0.845	-7.903089986991944
224866.717	300	0.85	-7.903089986991944
225855.525	300	0.855	-7.903089986991944
226344.404	300	0.86	-7.903089986991944
226928.607	300	0.865	-7.903089986991944
227791.005	300	0.87	-7.903089986991944
228556.902	300	0.875	-7.903089986991944
229386.057	300	0.88	-7.903089986991944
230067.39	300	0.885	-7.903089986991944
230608.414	300	0.89	-7.903089986991944
231242.778	300	0.895	-7.903089986991944
232603.333	300	0.9	-7.903089986991944
232931.066	300	0.905	-7.903089986991944
233507.843	300	0.91	-7.903089986991944
234857.6	300	0.915	-7.903089986991944
235872.349	300	0.92	-7.903089986991944
238677.43	300	0.925	-7.903089986991944
240727.959	300	0.93	-7.903089986991944
242581.443	300	0.935	-7.903089986991944
245400.134	300	0.94	-7.903089986991944
246983.222	300	0.945	-7.903089986991944
248354.544	300	0.95	-7.903089986991944
250620.905	300	0.955	-7.903089986991944
253381.143	300	0.96	-7.903089986991944
255312.9	300	0.965	-7.903089986991944
257728.072	300	0.97	-7.903089986991944
261630.75	300	0.975	-7.903089986991944
266987.374	300	0.98	-7.903089986991944
270453.336	300	0.985	-7.903089986991944
283319.671	300	0.99	-7.903089986991944
294558.361	300	0.995	-7.903089986991944
202877.885	325	0.5	-7.903089986991944
203306.729	325	0.505	-7.903089986991944
203742.554	325	0.51	-7.903089986991944
203934.807	325	0.515	-7.903089986991944
204155.415	325	0.52	-7.903089986991944
204468.489	325	0.525	-7.903089986991944
204697.502	325	0.53	-7.903089986991944
204842.969	325	0.535	-7.903089986991944
205175.114	325	0.54	-7.903089986991944
205584.506	325	0.545	-7.903089986991944
205730.964	325	0.55	-7.903089986991944
205978.917	325	0.555	-7.903089986991944
206521.149	325	0.56	-7.903089986991944
206918.589	325	0.565	-7.903089986991944
207163.367	325	0.57	-7.903089986991944
207507.948	325	0.575	-7.903089986991944
207857.256	325	0.58	-7.903089986991944
208212.121	325	0.585	-7.903089986991944
208530.757	325	0.59	-7.903089986991944
208984.136	325	0.595	-7.903089986991944
209298.242	325	0.6	-7.903089986991944
209705.729	325	0.605	-7.903089986991944
210054.934	325	0.61	-7.903089986991944
210325.884	325	0.615	-7.903089986991944
210703.514	325	0.62	-7.903089986991944
210874.107	325	0.625	-7.903089986991944
211327.341	325	0.63	-7.903089986991944
211853.777	325	0.635	-7.903089986991944
212288.526	325	0.64	-7.903089986991944
212558.395	325	0.645	-7.903089986991944
212953.854	325	0.65	-7.903089986991944
213344.55	325	0.655	-7.903089986991944
213962.754	325	0.66	-7.903089986991944
214351.898	325	0.665	-7.903089986991944
214854.699	325	0.67	-7.903089986991944
214988.238	325	0.675	-7.903089986991944
215328.215	325	0.68	-7.903089986991944
215764.964	325	0.685	-7.903089986991944
216062.679	325	0.69	-7.903089986991944
216320.136	325	0.695	-7.903089986991944
216545.714	325	0.7	-7.903089986991944
217091.456	325	0.705	-7.903089986991944
217449.001	325	0.71	-7.903089986991944
217719.188	325	0.715	-7.903089986991944
217961.467	325	0.72	-7.903089986991944
218130.893	325	0.725	-7.903089986991944
218533.591	325	0.73	-7.903089986991944
218920.238	325	0.735	-7.903089986991944
219454.714	325	0.74	-7.903089986991944
220356.25	325	0.745	-7.903089986991944
220829.643	325	0.75	-7.903089986991944
221592.893	325	0.755	-7.903089986991944
222040.674	325	0.76	-7.903089986991944
222603.875	325	0.765	-7.903089986991944
223046.259	325	0.77	-7.903089986991944
223546.905	325	0.775	-7.903089986991944
224052.794	325	0.78	-7.903089986991944
224599.218	325	0.785	-7.903089986991944
224968.179	325	0.79	-7.903089986991944
225528.785	325	0.795	-7.903089986991944
225832.857	325	0.8	-7.903089986991944
226635.021	325	0.805	-7.903089986991944
227068.148	325	0.81	-7.903089986991944
227555.227	325	0.815	-7.903089986991944
228345.767	325	0.82	-7.903089986991944
229634.514	325	0.825	-7.903089986991944
230004.371	325	0.83	-7.903089986991944
230586.51	325	0.835	-7.903089986991944
231471.257	325	0.84	-7.903089986991944
232402.137	325	0.845	-7.903089986991944
233130.714	325	0.85	-7.903089986991944
233457.382	325	0.855	-7.903089986991944
234355.47	325	0.86	-7.903089986991944
234641.784	325	0.865	-7.903089986991944
235275.704	325	0.87	-7.903089986991944
236193.929	325	0.875	-7.903089986991944
236919.153	325	0.88	-7.903089986991944
238390.571	325	0.885	-7.903089986991944
239467.122	325	0.89	-7.903089986991944
240350.868	325	0.895	-7.903089986991944
240802.435	325	0.9	-7.903089986991944
241426.159	325	0.905	-7.903089986991944
242705.264	325	0.91	-7.903089986991944
244293.492	325	0.915	-7.903089986991944
246161.543	325	0.92	-7.903089986991944
247708.066	325	0.925	-7.903089986991944
249664.231	325	0.93	-7.903089986991944
251163.739	325	0.935	-7.903089986991944
251647.876	325	0.94	-7.903089986991944
252217.549	325	0.945	-7.903089986991944
253427.364	325	0.95	-7.903089986991944
255680.982	325	0.955	-7.903089986991944
257415.546	325	0.96	-7.903089986991944
261403.579	325	0.965	-7.903089986991944
265335.102	325	0.97	-7.903089986991944
266968.143	325	0.975	-7.903089986991944
275691.971	325	0.98	-7.903089986991944
282583.65	325	0.985	-7.903089986991944
301254.915	325	0.99	-7.903089986991944
330831.981	325	0.995	-7.903089986991944
209036.429	350	0.5	-7.903089986991944
209354.257	350	0.505	-7.903089986991944
209797.752	350	0.51	-7.903089986991944
210178.779	350	0.515	-7.903089986991944
210726.777	350	0.52	-7.903089986991944
211004.825	350	0.525	-7.903089986991944
211281.948	350	0.53	-7.903089986991944
211448.514	350	0.535	-7.903089986991944
212022.177	350	0.54	-7.903089986991944
212301.668	350	0.545	-7.903089986991944
212598.438	350	0.55	-7.903089986991944
212862.179	350	0.555	-7.903089986991944
213225.04	350	0.56	-7.903089986991944
213545.564	350	0.565	-7.903089986991944
213716.102	350	0.57	-7.903089986991944
213898.429	350	0.575	-7.903089986991944
214099.314	350	0.58	-7.903089986991944
214466.294	350	0.585	-7.903089986991944
214873.052	350	0.59	-7.903089986991944
215297.342	350	0.595	-7.903089986991944
215447.371	350	0.6	-7.903089986991944
215714.164	350	0.605	-7.903089986991944
215940.814	350	0.61	-7.903089986991944
216429.452	350	0.615	-7.903089986991944
216902.246	350	0.62	-7.903089986991944
217143.589	350	0.625	-7.903089986991944
217549.814	350	0.63	-7.903089986991944
217888.626	350	0.635	-7.903089986991944
218533.64	350	0.64	-7.903089986991944
218888.541	350	0.645	-7.903089986991944
219326.425	350	0.65	-7.903089986991944
219678.486	350	0.655	-7.903089986991944
220101.51	350	0.66	-7.903089986991944
220283.1	350	0.665	-7.903089986991944
220427.887	350	0.67	-7.903089986991944
220673.5	350	0.675	-7.903089986991944
220913.58	350	0.68	-7.903089986991944
221114.232	350	0.685	-7.903089986991944
221459.524	350	0.69	-7.903089986991944
222154.886	350	0.695	-7.903089986991944
222431.493	350	0.7	-7.903089986991944
222876.215	350	0.705	-7.903089986991944
223179.757	350	0.71	-7.903089986991944
223582.276	350	0.715	-7.903089986991944
223871.66	350	0.72	-7.903089986991944
224150.473	350	0.725	-7.903089986991944
224390.891	350	0.73	-7.903089986991944
225073.798	350	0.735	-7.903089986991944
225339.133	350	0.74	-7.903089986991944
225689.464	350	0.745	-7.903089986991944
225942.607	350	0.75	-7.903089986991944
226291.308	350	0.755	-7.903089986991944
226847.121	350	0.76	-7.903089986991944
227475.112	350	0.765	-7.903089986991944
228012.057	350	0.77	-7.903089986991944
228479.5	350	0.775	-7.903089986991944
228758.606	350	0.78	-7.903089986991944
229382.608	350	0.785	-7.903089986991944
229939.999	350	0.79	-7.903089986991944
230384.157	350	0.795	-7.903089986991944
230920.857	350	0.8	-7.903089986991944
231987.064	350	0.805	-7.903089986991944
232660.801	350	0.81	-7.903089986991944
232858.295	350	0.815	-7.903089986991944
233209.369	350	0.82	-7.903089986991944
233712.095	350	0.825	-7.903089986991944
234015.834	350	0.83	-7.903089986991944
234832.829	350	0.835	-7.903089986991944
235068.595	350	0.84	-7.903089986991944
235399.451	350	0.845	-7.903089986991944
236321.575	350	0.85	-7.903089986991944
236833.413	350	0.855	-7.903089986991944
238121.753	350	0.86	-7.903089986991944
238794.262	350	0.865	-7.903089986991944
239480.186	350	0.87	-7.903089986991944
239948.241	350	0.875	-7.903089986991944
240416.857	350	0.88	-7.903089986991944
240747.132	350	0.885	-7.903089986991944
241562.077	350	0.89	-7.903089986991944
242869.986	350	0.895	-7.903089986991944
244326.857	350	0.9	-7.903089986991944
244895.008	350	0.905	-7.903089986991944
245494.488	350	0.91	-7.903089986991944
246365.384	350	0.915	-7.903089986991944
248428.786	350	0.92	-7.903089986991944
250170.102	350	0.925	-7.903089986991944
252274.638	350	0.93	-7.903089986991944
253875.086	350	0.935	-7.903089986991944
256915.267	350	0.94	-7.903089986991944
258790.732	350	0.945	-7.903089986991944
263085.65	350	0.95	-7.903089986991944
267517.129	350	0.955	-7.903089986991944
269602.103	350	0.96	-7.903089986991944
271914.043	350	0.965	-7.903089986991944
275857.468	350	0.97	-7.903089986991944
279436.107	350	0.975	-7.903089986991944
284758.6	350	0.98	-7.903089986991944
292695.758	350	0.985	-7.903089986991944
301793.344	350	0.99	-7.903089986991944
314230.493	350	0.995	-7.903089986991944
214952.143	375	0.5	-7.903089986991944
215266.393	375	0.505	-7.903089986991944
215490.601	375	0.51	-7.903089986991944
215742.562	375	0.515	-7.903089986991944
216102.629	375	0.52	-7.903089986991944
216580.391	375	0.525	-7.903089986991944
216902.124	375	0.53	-7.903089986991944
217341.788	375	0.535	-7.903089986991944
217534.593	375	0.54	-7.903089986991944
217813.849	375	0.545	-7.903089986991944
218099.429	375	0.55	-7.903089986991944
218411.992	375	0.555	-7.903089986991944
218581.257	375	0.56	-7.903089986991944
218656.914	375	0.565	-7.903089986991944
219050.829	375	0.57	-7.903089986991944
219425.03	375	0.575	-7.903089986991944
219970.354	375	0.58	-7.903089986991944
220520.943	375	0.585	-7.903089986991944
220848.29	375	0.59	-7.903089986991944
221211.0	375	0.595	-7.903089986991944
221648.043	375	0.6	-7.903089986991944
222086.478	375	0.605	-7.903089986991944
222387.657	375	0.61	-7.903089986991944
222677.707	375	0.615	-7.903089986991944
222852.284	375	0.62	-7.903089986991944
223182.5	375	0.625	-7.903089986991944
223741.897	375	0.63	-7.903089986991944
224163.926	375	0.635	-7.903089986991944
224392.774	375	0.64	-7.903089986991944
225260.602	375	0.645	-7.903089986991944
225738.056	375	0.65	-7.903089986991944
226155.255	375	0.655	-7.903089986991944
226423.419	375	0.66	-7.903089986991944
226978.132	375	0.665	-7.903089986991944
227152.348	375	0.67	-7.903089986991944
227673.321	375	0.675	-7.903089986991944
227925.455	375	0.68	-7.903089986991944
228268.228	375	0.685	-7.903089986991944
228476.848	375	0.69	-7.903089986991944
228930.165	375	0.695	-7.903089986991944
229459.462	375	0.7	-7.903089986991944
229750.893	375	0.705	-7.903089986991944
230322.347	375	0.71	-7.903089986991944
230655.748	375	0.715	-7.903089986991944
231079.549	375	0.72	-7.903089986991944
231709.761	375	0.725	-7.903089986991944
231907.057	375	0.73	-7.903089986991944
232391.324	375	0.735	-7.903089986991944
232964.714	375	0.74	-7.903089986991944
233286.505	375	0.745	-7.903089986991944
233550.357	375	0.75	-7.903089986991944
233934.629	375	0.755	-7.903089986991944
234269.36	375	0.76	-7.903089986991944
234806.121	375	0.765	-7.903089986991944
235100.159	375	0.77	-7.903089986991944
235272.734	375	0.775	-7.903089986991944
235679.847	375	0.78	-7.903089986991944
236187.932	375	0.785	-7.903089986991944
236757.971	375	0.79	-7.903089986991944
237279.093	375	0.795	-7.903089986991944
237937.143	375	0.8	-7.903089986991944
238545.501	375	0.805	-7.903089986991944
239201.586	375	0.81	-7.903089986991944
239544.971	375	0.815	-7.903089986991944
240013.699	375	0.82	-7.903089986991944
240592.045	375	0.825	-7.903089986991944
241120.567	375	0.83	-7.903089986991944
241327.386	375	0.835	-7.903089986991944
242349.543	375	0.84	-7.903089986991944
242579.986	375	0.845	-7.903089986991944
243111.204	375	0.85	-7.903089986991944
243345.489	375	0.855	-7.903089986991944
244218.551	375	0.86	-7.903089986991944
244699.351	375	0.865	-7.903089986991944
245132.12	375	0.87	-7.903089986991944
246481.125	375	0.875	-7.903089986991944
247546.286	375	0.88	-7.903089986991944
248097.178	375	0.885	-7.903089986991944
248666.841	375	0.89	-7.903089986991944
249718.212	375	0.895	-7.903089986991944
250986.123	375	0.9	-7.903089986991944
252391.092	375	0.905	-7.903089986991944
252883.757	375	0.91	-7.903089986991944
253746.869	375	0.915	-7.903089986991944
254948.943	375	0.92	-7.903089986991944
256166.87	375	0.925	-7.903089986991944
258030.614	375	0.93	-7.903089986991944
260079.089	375	0.935	-7.903089986991944
260875.433	375	0.94	-7.903089986991944
263212.6	375	0.945	-7.903089986991944
266502.85	375	0.95	-7.903089986991944
267523.244	375	0.955	-7.903089986991944
269147.112	375	0.96	-7.903089986991944
273205.294	375	0.965	-7.903089986991944
276870.992	375	0.97	-7.903089986991944
279966.536	375	0.975	-7.903089986991944
284730.6	375	0.98	-7.903089986991944
290465.949	375	0.985	-7.903089986991944
294123.126	375	0.99	-7.903089986991944
312254.871	375	0.995	-7.903089986991944
221666.429	400	0.5	-7.903089986991944
221821.429	400	0.505	-7.903089986991944
221969.129	400	0.51	-7.903089986991944
222131.0	400	0.515	-7.903089986991944
222388.517	400	0.52	-7.903089986991944
222637.07	400	0.525	-7.903089986991944
222850.619	400	0.53	-7.903089986991944
223241.593	400	0.535	-7.903089986991944
223527.6	400	0.54	-7.903089986991944
223831.957	400	0.545	-7.903089986991944
224561.571	400	0.55	-7.903089986991944
225023.216	400	0.555	-7.903089986991944
225240.923	400	0.56	-7.903089986991944
225431.023	400	0.565	-7.903089986991944
225677.661	400	0.57	-7.903089986991944
225900.357	400	0.575	-7.903089986991944
226264.169	400	0.58	-7.903089986991944
226641.397	400	0.585	-7.903089986991944
226938.187	400	0.59	-7.903089986991944
227384.743	400	0.595	-7.903089986991944
227865.757	400	0.6	-7.903089986991944
228536.215	400	0.605	-7.903089986991944
228798.903	400	0.61	-7.903089986991944
229196.319	400	0.615	-7.903089986991944
229580.679	400	0.62	-7.903089986991944
230188.929	400	0.625	-7.903089986991944
230589.657	400	0.63	-7.903089986991944
230986.851	400	0.635	-7.903089986991944
231411.966	400	0.64	-7.903089986991944
231760.817	400	0.645	-7.903089986991944
232168.264	400	0.65	-7.903089986991944
232665.807	400	0.655	-7.903089986991944
232986.049	400	0.66	-7.903089986991944
233169.629	400	0.665	-7.903089986991944
233479.929	400	0.67	-7.903089986991944
233947.633	400	0.675	-7.903089986991944
234286.109	400	0.68	-7.903089986991944
234759.386	400	0.685	-7.903089986991944
235109.794	400	0.69	-7.903089986991944
235338.593	400	0.695	-7.903089986991944
235709.386	400	0.7	-7.903089986991944
236038.1	400	0.705	-7.903089986991944
236149.536	400	0.71	-7.903089986991944
236321.065	400	0.715	-7.903089986991944
236470.8	400	0.72	-7.903089986991944
237036.57	400	0.725	-7.903089986991944
237743.592	400	0.73	-7.903089986991944
238163.0	400	0.735	-7.903089986991944
238472.377	400	0.74	-7.903089986991944
238901.614	400	0.745	-7.903089986991944
239323.286	400	0.75	-7.903089986991944
239723.864	400	0.755	-7.903089986991944
240214.791	400	0.76	-7.903089986991944
241281.102	400	0.765	-7.903089986991944
241785.011	400	0.77	-7.903089986991944
242032.257	400	0.775	-7.903089986991944
242255.971	400	0.78	-7.903089986991944
243110.879	400	0.785	-7.903089986991944
243612.134	400	0.79	-7.903089986991944
244037.235	400	0.795	-7.903089986991944
244373.2	400	0.8	-7.903089986991944
244774.306	400	0.805	-7.903089986991944
245092.3	400	0.81	-7.903089986991944
245521.308	400	0.815	-7.903089986991944
245871.53	400	0.82	-7.903089986991944
246106.439	400	0.825	-7.903089986991944
246343.192	400	0.83	-7.903089986991944
247265.94	400	0.835	-7.903089986991944
247788.302	400	0.84	-7.903089986991944
248370.709	400	0.845	-7.903089986991944
248750.746	400	0.85	-7.903089986991944
249467.764	400	0.855	-7.903089986991944
249803.02	400	0.86	-7.903089986991944
250820.671	400	0.865	-7.903089986991944
251344.691	400	0.87	-7.903089986991944
252738.33	400	0.875	-7.903089986991944
253816.926	400	0.88	-7.903089986991944
255062.029	400	0.885	-7.903089986991944
255701.214	400	0.89	-7.903089986991944
256447.362	400	0.895	-7.903089986991944
257297.607	400	0.9	-7.903089986991944
257791.551	400	0.905	-7.903089986991944
259876.483	400	0.91	-7.903089986991944
260819.436	400	0.915	-7.903089986991944
262059.81	400	0.92	-7.903089986991944
263728.785	400	0.925	-7.903089986991944
265713.529	400	0.93	-7.903089986991944
266615.364	400	0.935	-7.903089986991944
267837.103	400	0.94	-7.903089986991944
268983.443	400	0.945	-7.903089986991944
270460.346	400	0.95	-7.903089986991944
273322.064	400	0.955	-7.903089986991944
274772.796	400	0.96	-7.903089986991944
276450.867	400	0.965	-7.903089986991944
278782.009	400	0.97	-7.903089986991944
282444.611	400	0.975	-7.903089986991944
286406.0	400	0.98	-7.903089986991944
290179.538	400	0.985	-7.903089986991944
306590.331	400	0.99	-7.903089986991944
323333.786	400	0.995	-7.903089986991944
226433.082	425	0.5	-7.903089986991944
226788.264	425	0.505	-7.903089986991944
227107.73	425	0.51	-7.903089986991944
227275.439	425	0.515	-7.903089986991944
227730.986	425	0.52	-7.903089986991944
227937.788	425	0.525	-7.903089986991944
228102.175	425	0.53	-7.903089986991944
228210.272	425	0.535	-7.903089986991944
228459.975	425	0.54	-7.903089986991944
228755.873	425	0.545	-7.903089986991944
229098.546	425	0.55	-7.903089986991944
229495.25	425	0.555	-7.903089986991944
229776.26	425	0.56	-7.903089986991944
229962.695	425	0.565	-7.903089986991944
230299.586	425	0.57	-7.903089986991944
230844.47	425	0.575	-7.903089986991944
231162.095	425	0.58	-7.903089986991944
231376.904	425	0.585	-7.903089986991944
231784.731	425	0.59	-7.903089986991944
232043.514	425	0.595	-7.903089986991944
232298.543	425	0.6	-7.903089986991944
232812.75	425	0.605	-7.903089986991944
233086.586	425	0.61	-7.903089986991944
233429.37	425	0.615	-7.903089986991944
233707.151	425	0.62	-7.903089986991944
234008.571	425	0.625	-7.903089986991944
234424.381	425	0.63	-7.903089986991944
234625.936	425	0.635	-7.903089986991944
235089.086	425	0.64	-7.903089986991944
235308.493	425	0.645	-7.903089986991944
235671.743	425	0.65	-7.903089986991944
235968.642	425	0.655	-7.903089986991944
236194.391	425	0.66	-7.903089986991944
236375.939	425	0.665	-7.903089986991944
236565.091	425	0.67	-7.903089986991944
236924.671	425	0.675	-7.903089986991944
237300.88	425	0.68	-7.903089986991944
237767.822	425	0.685	-7.903089986991944
237970.909	425	0.69	-7.903089986991944
238316.82	425	0.695	-7.903089986991944
238730.964	425	0.7	-7.903089986991944
239291.801	425	0.705	-7.903089986991944
239714.586	425	0.71	-7.903089986991944
240096.987	425	0.715	-7.903089986991944
240624.314	425	0.72	-7.903089986991944
241349.045	425	0.725	-7.903089986991944
241601.397	425	0.73	-7.903089986991944
241811.616	425	0.735	-7.903089986991944
241940.39	425	0.74	-7.903089986991944
242086.079	425	0.745	-7.903089986991944
242731.232	425	0.75	-7.903089986991944
243037.26	425	0.755	-7.903089986991944
243614.451	425	0.76	-7.903089986991944
244035.034	425	0.765	-7.903089986991944
244506.029	425	0.77	-7.903089986991944
244763.734	425	0.775	-7.903089986991944
245446.457	425	0.78	-7.903089986991944
245806.382	425	0.785	-7.903089986991944
246053.043	425	0.79	-7.903089986991944
246727.194	425	0.795	-7.903089986991944
247247.183	425	0.8	-7.903089986991944
247927.386	425	0.805	-7.903089986991944
248907.415	425	0.81	-7.903089986991944
249627.324	425	0.815	-7.903089986991944
250167.984	425	0.82	-7.903089986991944
251004.402	425	0.825	-7.903089986991944
252297.943	425	0.83	-7.903089986991944
252751.164	425	0.835	-7.903089986991944
252899.211	425	0.84	-7.903089986991944
253737.019	425	0.845	-7.903089986991944
254070.296	425	0.85	-7.903089986991944
254262.386	425	0.855	-7.903089986991944
254758.01	425	0.86	-7.903089986991944
255507.489	425	0.865	-7.903089986991944
256328.614	425	0.87	-7.903089986991944
256840.188	425	0.875	-7.903089986991944
257669.383	425	0.88	-7.903089986991944
258122.436	425	0.885	-7.903089986991944
259978.405	425	0.89	-7.903089986991944
262002.636	425	0.895	-7.903089986991944
263398.943	425	0.9	-7.903089986991944
264443.607	425	0.905	-7.903089986991944
265918.964	425	0.91	-7.903089986991944
266692.586	425	0.915	-7.903089986991944
268269.649	425	0.92	-7.903089986991944
270411.912	425	0.925	-7.903089986991944
272093.885	425	0.93	-7.903089986991944
273207.119	425	0.935	-7.903089986991944
275234.171	425	0.94	-7.903089986991944
279123.216	425	0.945	-7.903089986991944
280984.236	425	0.95	-7.903089986991944
286496.536	425	0.955	-7.903089986991944
289880.522	425	0.96	-7.903089986991944
293721.462	425	0.965	-7.903089986991944
298157.757	425	0.97	-7.903089986991944
301972.143	425	0.975	-7.903089986991944
307965.559	425	0.98	-7.903089986991944
321020.563	425	0.985	-7.903089986991944
327234.892	425	0.99	-7.903089986991944
358615.786	425	0.995	-7.903089986991944
232564.25	450	0.5	-7.903089986991944
232908.395	450	0.505	-7.903089986991944
233184.909	450	0.51	-7.903089986991944
233447.886	450	0.515	-7.903089986991944
233616.706	450	0.52	-7.903089986991944
233779.607	450	0.525	-7.903089986991944
233959.014	450	0.53	-7.903089986991944
234503.881	450	0.535	-7.903089986991944
234726.929	450	0.54	-7.903089986991944
235000.499	450	0.545	-7.903089986991944
235131.882	450	0.55	-7.903089986991944
235277.882	450	0.555	-7.903089986991944
235542.571	450	0.56	-7.903089986991944
235860.45	450	0.565	-7.903089986991944
236280.061	450	0.57	-7.903089986991944
236475.0	450	0.575	-7.903089986991944
236867.716	450	0.58	-7.903089986991944
237161.252	450	0.585	-7.903089986991944
237287.187	450	0.59	-7.903089986991944
237710.843	450	0.595	-7.903089986991944
238209.186	450	0.6	-7.903089986991944
238535.114	450	0.605	-7.903089986991944
238807.571	450	0.61	-7.903089986991944
239096.223	450	0.615	-7.903089986991944
239539.854	450	0.62	-7.903089986991944
239699.55	450	0.625	-7.903089986991944
240183.829	450	0.63	-7.903089986991944
240410.943	450	0.635	-7.903089986991944
240752.686	450	0.64	-7.903089986991944
241265.901	450	0.645	-7.903089986991944
241823.168	450	0.65	-7.903089986991944
242414.76	450	0.655	-7.903089986991944
242726.88	450	0.66	-7.903089986991944
243024.745	450	0.665	-7.903089986991944
243298.98	450	0.67	-7.903089986991944
243649.651	450	0.675	-7.903089986991944
243905.029	450	0.68	-7.903089986991944
244226.12	450	0.685	-7.903089986991944
244608.214	450	0.69	-7.903089986991944
244938.334	450	0.695	-7.903089986991944
245529.714	450	0.7	-7.903089986991944
245919.007	450	0.705	-7.903089986991944
246541.506	450	0.71	-7.903089986991944
247028.431	450	0.715	-7.903089986991944
247548.589	450	0.72	-7.903089986991944
247748.088	450	0.725	-7.903089986991944
248098.934	450	0.73	-7.903089986991944
248605.144	450	0.735	-7.903089986991944
249476.443	450	0.74	-7.903089986991944
249747.695	450	0.745	-7.903089986991944
250188.214	450	0.75	-7.903089986991944
250683.836	450	0.755	-7.903089986991944
250936.817	450	0.76	-7.903089986991944
251233.382	450	0.765	-7.903089986991944
252204.386	450	0.77	-7.903089986991944
252796.929	450	0.775	-7.903089986991944
253084.113	450	0.78	-7.903089986991944
253375.363	450	0.785	-7.903089986991944
253666.386	450	0.79	-7.903089986991944
253798.171	450	0.795	-7.903089986991944
254663.143	450	0.8	-7.903089986991944
255184.441	450	0.805	-7.903089986991944
255584.413	450	0.81	-7.903089986991944
255787.378	450	0.815	-7.903089986991944
256575.551	450	0.82	-7.903089986991944
257053.354	450	0.825	-7.903089986991944
257847.735	450	0.83	-7.903089986991944
258714.106	450	0.835	-7.903089986991944
259035.603	450	0.84	-7.903089986991944
259605.171	450	0.845	-7.903089986991944
260101.286	450	0.85	-7.903089986991944
260544.893	450	0.855	-7.903089986991944
261238.573	450	0.86	-7.903089986991944
262067.529	450	0.865	-7.903089986991944
262409.381	450	0.87	-7.903089986991944
263091.071	450	0.875	-7.903089986991944
263670.206	450	0.88	-7.903089986991944
264617.201	450	0.885	-7.903089986991944
265020.121	450	0.89	-7.903089986991944
265622.093	450	0.895	-7.903089986991944
266871.864	450	0.9	-7.903089986991944
267624.984	450	0.905	-7.903089986991944
268580.357	450	0.91	-7.903089986991944
269810.161	450	0.915	-7.903089986991944
270933.894	450	0.92	-7.903089986991944
272364.898	450	0.925	-7.903089986991944
272844.531	450	0.93	-7.903089986991944
274415.948	450	0.935	-7.903089986991944
278234.743	450	0.94	-7.903089986991944
280142.758	450	0.945	-7.903089986991944
283822.013	450	0.95	-7.903089986991944
286325.436	450	0.955	-7.903089986991944
288636.724	450	0.96	-7.903089986991944
290136.453	450	0.965	-7.903089986991944
294434.601	450	0.97	-7.903089986991944
298947.141	450	0.975	-7.903089986991944
303783.377	450	0.98	-7.903089986991944
309603.066	450	0.985	-7.903089986991944
326674.085	450	0.99	-7.903089986991944
340706.915	450	0.995	-7.903089986991944
