S*_score	SNP_num	quantile	log(local_recomb_rate)
117689.5	25	0.5	-7.903089986991944
117792.103	25	0.505	-7.903089986991944
117989.2	25	0.51	-7.903089986991944
118881.947	25	0.515	-7.903089986991944
119324.0	25	0.52	-7.903089986991944
119845.983	25	0.525	-7.903089986991944
120428.06	25	0.53	-7.903089986991944
121023.3	25	0.535	-7.903089986991944
121253.867	25	0.54	-7.903089986991944
121625.89	25	0.545	-7.903089986991944
122224.5	25	0.55	-7.903089986991944
122634.675	25	0.555	-7.903089986991944
123013.5	25	0.56	-7.903089986991944
123202.133	25	0.565	-7.903089986991944
123694.791	25	0.57	-7.903089986991944
124028.267	25	0.575	-7.903089986991944
124667.01	25	0.58	-7.903089986991944
125203.7	25	0.585	-7.903089986991944
126060.6	25	0.59	-7.903089986991944
126350.6	25	0.595	-7.903089986991944
127180.0	25	0.6	-7.903089986991944
127407.29	25	0.605	-7.903089986991944
128415.2	25	0.61	-7.903089986991944
129315.223	25	0.615	-7.903089986991944
129851.915	25	0.62	-7.903089986991944
130653.865	25	0.625	-7.903089986991944
131334.4	25	0.63	-7.903089986991944
131560.0	25	0.635	-7.903089986991944
132087.162	25	0.64	-7.903089986991944
132973.833	25	0.645	-7.903089986991944
133882.0	25	0.65	-7.903089986991944
134115.507	25	0.655	-7.903089986991944
134504.0	25	0.66	-7.903089986991944
135139.095	25	0.665	-7.903089986991944
135556.114	25	0.67	-7.903089986991944
136233.2	25	0.675	-7.903089986991944
136486.864	25	0.68	-7.903089986991944
137022.2	25	0.685	-7.903089986991944
137495.1	25	0.69	-7.903089986991944
138317.2	25	0.695	-7.903089986991944
138758.1	25	0.7	-7.903089986991944
139022.4	25	0.705	-7.903089986991944
139382.667	25	0.71	-7.903089986991944
140353.64	25	0.715	-7.903089986991944
140753.6	25	0.72	-7.903089986991944
141233.356	25	0.725	-7.903089986991944
141761.96	25	0.73	-7.903089986991944
142040.48	25	0.735	-7.903089986991944
142592.8	25	0.74	-7.903089986991944
142937.267	25	0.745	-7.903089986991944
144850.0	25	0.75	-7.903089986991944
145519.12	25	0.755	-7.903089986991944
145872.4	25	0.76	-7.903089986991944
146504.4	25	0.765	-7.903089986991944
147792.6	25	0.77	-7.903089986991944
148124.429	25	0.775	-7.903089986991944
148821.6	25	0.78	-7.903089986991944
149379.033	25	0.785	-7.903089986991944
149866.1	25	0.79	-7.903089986991944
150692.46	25	0.795	-7.903089986991944
151252.52	25	0.8	-7.903089986991944
151763.657	25	0.805	-7.903089986991944
152574.0	25	0.81	-7.903089986991944
153115.586	25	0.815	-7.903089986991944
153444.467	25	0.82	-7.903089986991944
154611.333	25	0.825	-7.903089986991944
155531.067	25	0.83	-7.903089986991944
155938.05	25	0.835	-7.903089986991944
156616.8	25	0.84	-7.903089986991944
157610.0	25	0.845	-7.903089986991944
158475.45	25	0.85	-7.903089986991944
159228.667	25	0.855	-7.903089986991944
159745.6	25	0.86	-7.903089986991944
159930.2	25	0.865	-7.903089986991944
160637.76	25	0.87	-7.903089986991944
162315.0	25	0.875	-7.903089986991944
162700.8	25	0.88	-7.903089986991944
163527.19	25	0.885	-7.903089986991944
163881.333	25	0.89	-7.903089986991944
164929.2	25	0.895	-7.903089986991944
165348.0	25	0.9	-7.903089986991944
166248.31	25	0.905	-7.903089986991944
167810.133	25	0.91	-7.903089986991944
169720.0	25	0.915	-7.903089986991944
170889.067	25	0.92	-7.903089986991944
172227.2	25	0.925	-7.903089986991944
172538.2	25	0.93	-7.903089986991944
174718.2	25	0.935	-7.903089986991944
175599.0	25	0.94	-7.903089986991944
177119.889	25	0.945	-7.903089986991944
179081.5	25	0.95	-7.903089986991944
180261.4	25	0.955	-7.903089986991944
183884.136	25	0.96	-7.903089986991944
186928.4	25	0.965	-7.903089986991944
188232.0	25	0.97	-7.903089986991944
188876.0	25	0.975	-7.903089986991944
190245.387	25	0.98	-7.903089986991944
193696.4	25	0.985	-7.903089986991944
195881.6	25	0.99	-7.903089986991944
200766.692	25	0.995	-7.903089986991944
124974.518	50	0.5	-7.903089986991944
125520.908	50	0.505	-7.903089986991944
125727.067	50	0.51	-7.903089986991944
126187.571	50	0.515	-7.903089986991944
126530.743	50	0.52	-7.903089986991944
127187.216	50	0.525	-7.903089986991944
127510.152	50	0.53	-7.903089986991944
127684.27	50	0.535	-7.903089986991944
128039.233	50	0.54	-7.903089986991944
128611.941	50	0.545	-7.903089986991944
128967.833	50	0.55	-7.903089986991944
129409.012	50	0.555	-7.903089986991944
129923.44	50	0.56	-7.903089986991944
130114.982	50	0.565	-7.903089986991944
130423.1	50	0.57	-7.903089986991944
130616.146	50	0.575	-7.903089986991944
131148.24	50	0.58	-7.903089986991944
131755.275	50	0.585	-7.903089986991944
131975.305	50	0.59	-7.903089986991944
132211.378	50	0.595	-7.903089986991944
132315.345	50	0.6	-7.903089986991944
133058.475	50	0.605	-7.903089986991944
133393.936	50	0.61	-7.903089986991944
134141.794	50	0.615	-7.903089986991944
134505.4	50	0.62	-7.903089986991944
134860.317	50	0.625	-7.903089986991944
135318.106	50	0.63	-7.903089986991944
135707.186	50	0.635	-7.903089986991944
135817.72	50	0.64	-7.903089986991944
136427.203	50	0.645	-7.903089986991944
137037.778	50	0.65	-7.903089986991944
137616.488	50	0.655	-7.903089986991944
137848.24	50	0.66	-7.903089986991944
138029.25	50	0.665	-7.903089986991944
138269.2	50	0.67	-7.903089986991944
138496.929	50	0.675	-7.903089986991944
138955.091	50	0.68	-7.903089986991944
139090.259	50	0.685	-7.903089986991944
139290.874	50	0.69	-7.903089986991944
139622.305	50	0.695	-7.903089986991944
139930.855	50	0.7	-7.903089986991944
140075.66	50	0.705	-7.903089986991944
140593.0	50	0.71	-7.903089986991944
140965.639	50	0.715	-7.903089986991944
141338.827	50	0.72	-7.903089986991944
141854.409	50	0.725	-7.903089986991944
142082.16	50	0.73	-7.903089986991944
142374.767	50	0.735	-7.903089986991944
142816.4	50	0.74	-7.903089986991944
143137.875	50	0.745	-7.903089986991944
143444.972	50	0.75	-7.903089986991944
143852.16	50	0.755	-7.903089986991944
144112.0	50	0.76	-7.903089986991944
145297.038	50	0.765	-7.903089986991944
146236.671	50	0.77	-7.903089986991944
147210.157	50	0.775	-7.903089986991944
147793.8	50	0.78	-7.903089986991944
148593.025	50	0.785	-7.903089986991944
149364.463	50	0.79	-7.903089986991944
149833.782	50	0.795	-7.903089986991944
150428.6	50	0.8	-7.903089986991944
151115.075	50	0.805	-7.903089986991944
151623.024	50	0.81	-7.903089986991944
152682.0	50	0.815	-7.903089986991944
152916.103	50	0.82	-7.903089986991944
153398.963	50	0.825	-7.903089986991944
154258.814	50	0.83	-7.903089986991944
154998.05	50	0.835	-7.903089986991944
155792.724	50	0.84	-7.903089986991944
156594.74	50	0.845	-7.903089986991944
157348.417	50	0.85	-7.903089986991944
157969.889	50	0.855	-7.903089986991944
158523.3	50	0.86	-7.903089986991944
159633.533	50	0.865	-7.903089986991944
160395.982	50	0.87	-7.903089986991944
160998.458	50	0.875	-7.903089986991944
162341.333	50	0.88	-7.903089986991944
163160.545	50	0.885	-7.903089986991944
164144.6	50	0.89	-7.903089986991944
164927.157	50	0.895	-7.903089986991944
165202.619	50	0.9	-7.903089986991944
166620.269	50	0.905	-7.903089986991944
167543.666	50	0.91	-7.903089986991944
168159.71	50	0.915	-7.903089986991944
169079.036	50	0.92	-7.903089986991944
169828.28	50	0.925	-7.903089986991944
170987.612	50	0.93	-7.903089986991944
171557.91	50	0.935	-7.903089986991944
172700.16	50	0.94	-7.903089986991944
173683.293	50	0.945	-7.903089986991944
174788.75	50	0.95	-7.903089986991944
176058.656	50	0.955	-7.903089986991944
177410.8	50	0.96	-7.903089986991944
178750.553	50	0.965	-7.903089986991944
180282.23	50	0.97	-7.903089986991944
182166.5	50	0.975	-7.903089986991944
184457.88	50	0.98	-7.903089986991944
186929.28	50	0.985	-7.903089986991944
189754.8	50	0.99	-7.903089986991944
202732.75	50	0.995	-7.903089986991944
140781.429	75	0.5	-7.903089986991944
141128.152	75	0.505	-7.903089986991944
141356.434	75	0.51	-7.903089986991944
141668.089	75	0.515	-7.903089986991944
142115.886	75	0.52	-7.903089986991944
142430.212	75	0.525	-7.903089986991944
142899.436	75	0.53	-7.903089986991944
143364.323	75	0.535	-7.903089986991944
143644.107	75	0.54	-7.903089986991944
143911.858	75	0.545	-7.903089986991944
144329.5	75	0.55	-7.903089986991944
144528.872	75	0.555	-7.903089986991944
144760.64	75	0.56	-7.903089986991944
145252.493	75	0.565	-7.903089986991944
145529.664	75	0.57	-7.903089986991944
145702.5	75	0.575	-7.903089986991944
145864.32	75	0.58	-7.903089986991944
146153.885	75	0.585	-7.903089986991944
146326.581	75	0.59	-7.903089986991944
146538.526	75	0.595	-7.903089986991944
146998.286	75	0.6	-7.903089986991944
147327.906	75	0.605	-7.903089986991944
147604.862	75	0.61	-7.903089986991944
148194.527	75	0.615	-7.903089986991944
148722.743	75	0.62	-7.903089986991944
149025.429	75	0.625	-7.903089986991944
149424.34	75	0.63	-7.903089986991944
149694.097	75	0.635	-7.903089986991944
150540.509	75	0.64	-7.903089986991944
150893.998	75	0.645	-7.903089986991944
151294.507	75	0.65	-7.903089986991944
151483.047	75	0.655	-7.903089986991944
151989.143	75	0.66	-7.903089986991944
152196.96	75	0.665	-7.903089986991944
152358.387	75	0.67	-7.903089986991944
152677.833	75	0.675	-7.903089986991944
153334.973	75	0.68	-7.903089986991944
153491.614	75	0.685	-7.903089986991944
153739.721	75	0.69	-7.903089986991944
154229.216	75	0.695	-7.903089986991944
154569.964	75	0.7	-7.903089986991944
154860.783	75	0.705	-7.903089986991944
155143.516	75	0.71	-7.903089986991944
155570.108	75	0.715	-7.903089986991944
155764.343	75	0.72	-7.903089986991944
155935.712	75	0.725	-7.903089986991944
156372.33	75	0.73	-7.903089986991944
157078.911	75	0.735	-7.903089986991944
157446.748	75	0.74	-7.903089986991944
157692.657	75	0.745	-7.903089986991944
158272.964	75	0.75	-7.903089986991944
158527.131	75	0.755	-7.903089986991944
158973.067	75	0.76	-7.903089986991944
159409.385	75	0.765	-7.903089986991944
159679.33	75	0.77	-7.903089986991944
160118.208	75	0.775	-7.903089986991944
160668.933	75	0.78	-7.903089986991944
161063.458	75	0.785	-7.903089986991944
161546.621	75	0.79	-7.903089986991944
161971.311	75	0.795	-7.903089986991944
162555.65	75	0.8	-7.903089986991944
163560.867	75	0.805	-7.903089986991944
164034.743	75	0.81	-7.903089986991944
164645.846	75	0.815	-7.903089986991944
164872.32	75	0.82	-7.903089986991944
165478.961	75	0.825	-7.903089986991944
166012.567	75	0.83	-7.903089986991944
166421.232	75	0.835	-7.903089986991944
166985.2	75	0.84	-7.903089986991944
167448.995	75	0.845	-7.903089986991944
167954.188	75	0.85	-7.903089986991944
168491.723	75	0.855	-7.903089986991944
169045.547	75	0.86	-7.903089986991944
169572.421	75	0.865	-7.903089986991944
170583.395	75	0.87	-7.903089986991944
170937.732	75	0.875	-7.903089986991944
171486.763	75	0.88	-7.903089986991944
171708.44	75	0.885	-7.903089986991944
172606.6	75	0.89	-7.903089986991944
173580.035	75	0.895	-7.903089986991944
174071.647	75	0.9	-7.903089986991944
174558.25	75	0.905	-7.903089986991944
175585.943	75	0.91	-7.903089986991944
176456.206	75	0.915	-7.903089986991944
176937.789	75	0.92	-7.903089986991944
177373.588	75	0.925	-7.903089986991944
178217.147	75	0.93	-7.903089986991944
179649.594	75	0.935	-7.903089986991944
180972.208	75	0.94	-7.903089986991944
181853.265	75	0.945	-7.903089986991944
184263.0	75	0.95	-7.903089986991944
185961.64	75	0.955	-7.903089986991944
187624.142	75	0.96	-7.903089986991944
190007.42	75	0.965	-7.903089986991944
193491.858	75	0.97	-7.903089986991944
196266.179	75	0.975	-7.903089986991944
197621.886	75	0.98	-7.903089986991944
201836.326	75	0.985	-7.903089986991944
213208.592	75	0.99	-7.903089986991944
225413.18	75	0.995	-7.903089986991944
154526.885	100	0.5	-7.903089986991944
154918.09	100	0.505	-7.903089986991944
155141.622	100	0.51	-7.903089986991944
155853.31	100	0.515	-7.903089986991944
156171.266	100	0.52	-7.903089986991944
156449.755	100	0.525	-7.903089986991944
156659.016	100	0.53	-7.903089986991944
156819.233	100	0.535	-7.903089986991944
157192.782	100	0.54	-7.903089986991944
157634.16	100	0.545	-7.903089986991944
157942.221	100	0.55	-7.903089986991944
158130.908	100	0.555	-7.903089986991944
158609.037	100	0.56	-7.903089986991944
158819.201	100	0.565	-7.903089986991944
159227.801	100	0.57	-7.903089986991944
159544.22	100	0.575	-7.903089986991944
159718.33	100	0.58	-7.903089986991944
159931.109	100	0.585	-7.903089986991944
160234.811	100	0.59	-7.903089986991944
160382.595	100	0.595	-7.903089986991944
160787.354	100	0.6	-7.903089986991944
161243.561	100	0.605	-7.903089986991944
161605.24	100	0.61	-7.903089986991944
161937.539	100	0.615	-7.903089986991944
162118.355	100	0.62	-7.903089986991944
162335.925	100	0.625	-7.903089986991944
162487.508	100	0.63	-7.903089986991944
162795.256	100	0.635	-7.903089986991944
163155.323	100	0.64	-7.903089986991944
163521.758	100	0.645	-7.903089986991944
164061.793	100	0.65	-7.903089986991944
164576.635	100	0.655	-7.903089986991944
164795.466	100	0.66	-7.903089986991944
165008.064	100	0.665	-7.903089986991944
165287.833	100	0.67	-7.903089986991944
165608.562	100	0.675	-7.903089986991944
165931.39	100	0.68	-7.903089986991944
166368.691	100	0.685	-7.903089986991944
166932.791	100	0.69	-7.903089986991944
167272.894	100	0.695	-7.903089986991944
167565.813	100	0.7	-7.903089986991944
167991.209	100	0.705	-7.903089986991944
168658.802	100	0.71	-7.903089986991944
169023.079	100	0.715	-7.903089986991944
169649.66	100	0.72	-7.903089986991944
169949.299	100	0.725	-7.903089986991944
170146.455	100	0.73	-7.903089986991944
170420.256	100	0.735	-7.903089986991944
170751.058	100	0.74	-7.903089986991944
170925.509	100	0.745	-7.903089986991944
171376.786	100	0.75	-7.903089986991944
171778.163	100	0.755	-7.903089986991944
172934.948	100	0.76	-7.903089986991944
173196.306	100	0.765	-7.903089986991944
173370.531	100	0.77	-7.903089986991944
173647.536	100	0.775	-7.903089986991944
173994.657	100	0.78	-7.903089986991944
174338.749	100	0.785	-7.903089986991944
174560.631	100	0.79	-7.903089986991944
175183.167	100	0.795	-7.903089986991944
175814.703	100	0.8	-7.903089986991944
176031.35	100	0.805	-7.903089986991944
176510.87	100	0.81	-7.903089986991944
176924.001	100	0.815	-7.903089986991944
177126.077	100	0.82	-7.903089986991944
177824.905	100	0.825	-7.903089986991944
178810.45	100	0.83	-7.903089986991944
179151.599	100	0.835	-7.903089986991944
179384.779	100	0.84	-7.903089986991944
179990.642	100	0.845	-7.903089986991944
180556.879	100	0.85	-7.903089986991944
181282.724	100	0.855	-7.903089986991944
181916.684	100	0.86	-7.903089986991944
182314.864	100	0.865	-7.903089986991944
183245.186	100	0.87	-7.903089986991944
184011.03	100	0.875	-7.903089986991944
184561.371	100	0.88	-7.903089986991944
185302.495	100	0.885	-7.903089986991944
185704.506	100	0.89	-7.903089986991944
186048.614	100	0.895	-7.903089986991944
186673.864	100	0.9	-7.903089986991944
187061.731	100	0.905	-7.903089986991944
187753.511	100	0.91	-7.903089986991944
188404.697	100	0.915	-7.903089986991944
190054.982	100	0.92	-7.903089986991944
190389.698	100	0.925	-7.903089986991944
191154.205	100	0.93	-7.903089986991944
191896.707	100	0.935	-7.903089986991944
193753.849	100	0.94	-7.903089986991944
195130.194	100	0.945	-7.903089986991944
195985.793	100	0.95	-7.903089986991944
197142.88	100	0.955	-7.903089986991944
197618.33	100	0.96	-7.903089986991944
199583.304	100	0.965	-7.903089986991944
202735.811	100	0.97	-7.903089986991944
204636.294	100	0.975	-7.903089986991944
206412.112	100	0.98	-7.903089986991944
213103.461	100	0.985	-7.903089986991944
219025.243	100	0.99	-7.903089986991944
238436.037	100	0.995	-7.903089986991944
169818.736	125	0.5	-7.903089986991944
170128.219	125	0.505	-7.903089986991944
170418.543	125	0.51	-7.903089986991944
170581.547	125	0.515	-7.903089986991944
170855.522	125	0.52	-7.903089986991944
171142.981	125	0.525	-7.903089986991944
171335.771	125	0.53	-7.903089986991944
171763.605	125	0.535	-7.903089986991944
171949.486	125	0.54	-7.903089986991944
172240.198	125	0.545	-7.903089986991944
172500.5	125	0.55	-7.903089986991944
172853.447	125	0.555	-7.903089986991944
173086.571	125	0.56	-7.903089986991944
173580.582	125	0.565	-7.903089986991944
173766.364	125	0.57	-7.903089986991944
174029.36	125	0.575	-7.903089986991944
174399.246	125	0.58	-7.903089986991944
174630.881	125	0.585	-7.903089986991944
174879.926	125	0.59	-7.903089986991944
175127.589	125	0.595	-7.903089986991944
175306.886	125	0.6	-7.903089986991944
175709.542	125	0.605	-7.903089986991944
175912.814	125	0.61	-7.903089986991944
176340.948	125	0.615	-7.903089986991944
176556.27	125	0.62	-7.903089986991944
176884.464	125	0.625	-7.903089986991944
177217.264	125	0.63	-7.903089986991944
177551.857	125	0.635	-7.903089986991944
177806.744	125	0.64	-7.903089986991944
178238.701	125	0.645	-7.903089986991944
178635.902	125	0.65	-7.903089986991944
179165.839	125	0.655	-7.903089986991944
179390.531	125	0.66	-7.903089986991944
179788.543	125	0.665	-7.903089986991944
180069.996	125	0.67	-7.903089986991944
180400.504	125	0.675	-7.903089986991944
180642.114	125	0.68	-7.903089986991944
181386.764	125	0.685	-7.903089986991944
181742.381	125	0.69	-7.903089986991944
182150.835	125	0.695	-7.903089986991944
182320.164	125	0.7	-7.903089986991944
182547.184	125	0.705	-7.903089986991944
183009.924	125	0.71	-7.903089986991944
183521.836	125	0.715	-7.903089986991944
183958.571	125	0.72	-7.903089986991944
184143.411	125	0.725	-7.903089986991944
184689.761	125	0.73	-7.903089986991944
185055.787	125	0.735	-7.903089986991944
185369.498	125	0.74	-7.903089986991944
185765.174	125	0.745	-7.903089986991944
186067.365	125	0.75	-7.903089986991944
186604.502	125	0.755	-7.903089986991944
186800.532	125	0.76	-7.903089986991944
187410.648	125	0.765	-7.903089986991944
187564.085	125	0.77	-7.903089986991944
187843.115	125	0.775	-7.903089986991944
188256.682	125	0.78	-7.903089986991944
188852.298	125	0.785	-7.903089986991944
189484.036	125	0.79	-7.903089986991944
189753.959	125	0.795	-7.903089986991944
190118.171	125	0.8	-7.903089986991944
190595.408	125	0.805	-7.903089986991944
190984.212	125	0.81	-7.903089986991944
191359.585	125	0.815	-7.903089986991944
191780.744	125	0.82	-7.903089986991944
191991.471	125	0.825	-7.903089986991944
192233.829	125	0.83	-7.903089986991944
192861.862	125	0.835	-7.903089986991944
193152.305	125	0.84	-7.903089986991944
193439.332	125	0.845	-7.903089986991944
193921.837	125	0.85	-7.903089986991944
194577.043	125	0.855	-7.903089986991944
194993.784	125	0.86	-7.903089986991944
195916.106	125	0.865	-7.903089986991944
196559.147	125	0.87	-7.903089986991944
197192.411	125	0.875	-7.903089986991944
198279.149	125	0.88	-7.903089986991944
198565.983	125	0.885	-7.903089986991944
198966.336	125	0.89	-7.903089986991944
199691.75	125	0.895	-7.903089986991944
200534.714	125	0.9	-7.903089986991944
201172.7	125	0.905	-7.903089986991944
201863.886	125	0.91	-7.903089986991944
202763.786	125	0.915	-7.903089986991944
203305.829	125	0.92	-7.903089986991944
204981.769	125	0.925	-7.903089986991944
205553.191	125	0.93	-7.903089986991944
206304.923	125	0.935	-7.903089986991944
207661.571	125	0.94	-7.903089986991944
208862.705	125	0.945	-7.903089986991944
209949.397	125	0.95	-7.903089986991944
211046.418	125	0.955	-7.903089986991944
212501.866	125	0.96	-7.903089986991944
213964.456	125	0.965	-7.903089986991944
216176.288	125	0.97	-7.903089986991944
217843.052	125	0.975	-7.903089986991944
218493.726	125	0.98	-7.903089986991944
220928.944	125	0.985	-7.903089986991944
230902.831	125	0.99	-7.903089986991944
242757.782	125	0.995	-7.903089986991944
182128.0	150	0.5	-7.903089986991944
182358.133	150	0.505	-7.903089986991944
182565.231	150	0.51	-7.903089986991944
182903.33	150	0.515	-7.903089986991944
183098.851	150	0.52	-7.903089986991944
183586.402	150	0.525	-7.903089986991944
183997.377	150	0.53	-7.903089986991944
184150.537	150	0.535	-7.903089986991944
184444.4	150	0.54	-7.903089986991944
184777.929	150	0.545	-7.903089986991944
184925.78	150	0.55	-7.903089986991944
185297.724	150	0.555	-7.903089986991944
185593.831	150	0.56	-7.903089986991944
185889.056	150	0.565	-7.903089986991944
186120.779	150	0.57	-7.903089986991944
186363.232	150	0.575	-7.903089986991944
186603.661	150	0.58	-7.903089986991944
187118.746	150	0.585	-7.903089986991944
187372.015	150	0.59	-7.903089986991944
187545.335	150	0.595	-7.903089986991944
187648.043	150	0.6	-7.903089986991944
188024.384	150	0.605	-7.903089986991944
188219.746	150	0.61	-7.903089986991944
188449.671	150	0.615	-7.903089986991944
188668.486	150	0.62	-7.903089986991944
189099.464	150	0.625	-7.903089986991944
189413.651	150	0.63	-7.903089986991944
189692.536	150	0.635	-7.903089986991944
190008.171	150	0.64	-7.903089986991944
190323.098	150	0.645	-7.903089986991944
190701.975	150	0.65	-7.903089986991944
190969.789	150	0.655	-7.903089986991944
191361.743	150	0.66	-7.903089986991944
191873.415	150	0.665	-7.903089986991944
192318.957	150	0.67	-7.903089986991944
192615.27	150	0.675	-7.903089986991944
193009.742	150	0.68	-7.903089986991944
193187.156	150	0.685	-7.903089986991944
193477.16	150	0.69	-7.903089986991944
193837.688	150	0.695	-7.903089986991944
194433.351	150	0.7	-7.903089986991944
194864.262	150	0.705	-7.903089986991944
195416.225	150	0.71	-7.903089986991944
195736.155	150	0.715	-7.903089986991944
196021.549	150	0.72	-7.903089986991944
196253.553	150	0.725	-7.903089986991944
196507.282	150	0.73	-7.903089986991944
196852.46	150	0.735	-7.903089986991944
197378.229	150	0.74	-7.903089986991944
197692.279	150	0.745	-7.903089986991944
197990.962	150	0.75	-7.903089986991944
198232.885	150	0.755	-7.903089986991944
199180.081	150	0.76	-7.903089986991944
199550.034	150	0.765	-7.903089986991944
200116.855	150	0.77	-7.903089986991944
200556.775	150	0.775	-7.903089986991944
200938.362	150	0.78	-7.903089986991944
201384.683	150	0.785	-7.903089986991944
201783.069	150	0.79	-7.903089986991944
202124.957	150	0.795	-7.903089986991944
202711.443	150	0.8	-7.903089986991944
202863.964	150	0.805	-7.903089986991944
203106.529	150	0.81	-7.903089986991944
203407.7	150	0.815	-7.903089986991944
203760.9	150	0.82	-7.903089986991944
204036.338	150	0.825	-7.903089986991944
204753.548	150	0.83	-7.903089986991944
205277.136	150	0.835	-7.903089986991944
205857.771	150	0.84	-7.903089986991944
206274.779	150	0.845	-7.903089986991944
207091.632	150	0.85	-7.903089986991944
207306.829	150	0.855	-7.903089986991944
207749.193	150	0.86	-7.903089986991944
208325.405	150	0.865	-7.903089986991944
208628.0	150	0.87	-7.903089986991944
209171.622	150	0.875	-7.903089986991944
209377.609	150	0.88	-7.903089986991944
209683.723	150	0.885	-7.903089986991944
210894.364	150	0.89	-7.903089986991944
212365.573	150	0.895	-7.903089986991944
213160.429	150	0.9	-7.903089986991944
213668.428	150	0.905	-7.903089986991944
214424.262	150	0.91	-7.903089986991944
215072.923	150	0.915	-7.903089986991944
215864.905	150	0.92	-7.903089986991944
216401.071	150	0.925	-7.903089986991944
217728.926	150	0.93	-7.903089986991944
218520.289	150	0.935	-7.903089986991944
219773.039	150	0.94	-7.903089986991944
221198.758	150	0.945	-7.903089986991944
222871.004	150	0.95	-7.903089986991944
224619.264	150	0.955	-7.903089986991944
225791.314	150	0.96	-7.903089986991944
228153.131	150	0.965	-7.903089986991944
230386.926	150	0.97	-7.903089986991944
231667.155	150	0.975	-7.903089986991944
236453.343	150	0.98	-7.903089986991944
239986.758	150	0.985	-7.903089986991944
245898.367	150	0.99	-7.903089986991944
254203.352	150	0.995	-7.903089986991944
194956.725	175	0.5	-7.903089986991944
195372.907	175	0.505	-7.903089986991944
195528.938	175	0.51	-7.903089986991944
195810.466	175	0.515	-7.903089986991944
195973.651	175	0.52	-7.903089986991944
196317.881	175	0.525	-7.903089986991944
196554.534	175	0.53	-7.903089986991944
196899.879	175	0.535	-7.903089986991944
197247.923	175	0.54	-7.903089986991944
197500.754	175	0.545	-7.903089986991944
197644.182	175	0.55	-7.903089986991944
197823.626	175	0.555	-7.903089986991944
198080.485	175	0.56	-7.903089986991944
198228.329	175	0.565	-7.903089986991944
198343.948	175	0.57	-7.903089986991944
198603.929	175	0.575	-7.903089986991944
199072.614	175	0.58	-7.903089986991944
199184.15	175	0.585	-7.903089986991944
199371.926	175	0.59	-7.903089986991944
199508.793	175	0.595	-7.903089986991944
199666.936	175	0.6	-7.903089986991944
200065.239	175	0.605	-7.903089986991944
200538.744	175	0.61	-7.903089986991944
200952.01	175	0.615	-7.903089986991944
201330.06	175	0.62	-7.903089986991944
201637.214	175	0.625	-7.903089986991944
201954.845	175	0.63	-7.903089986991944
202191.823	175	0.635	-7.903089986991944
202517.577	175	0.64	-7.903089986991944
202740.625	175	0.645	-7.903089986991944
203153.354	175	0.65	-7.903089986991944
203352.511	175	0.655	-7.903089986991944
203648.479	175	0.66	-7.903089986991944
204053.364	175	0.665	-7.903089986991944
204374.175	175	0.67	-7.903089986991944
204607.429	175	0.675	-7.903089986991944
204853.077	175	0.68	-7.903089986991944
205037.945	175	0.685	-7.903089986991944
205229.182	175	0.69	-7.903089986991944
205396.906	175	0.695	-7.903089986991944
205805.479	175	0.7	-7.903089986991944
206032.55	175	0.705	-7.903089986991944
206576.294	175	0.71	-7.903089986991944
206903.229	175	0.715	-7.903089986991944
207030.4	175	0.72	-7.903089986991944
207510.714	175	0.725	-7.903089986991944
207930.261	175	0.73	-7.903089986991944
208642.454	175	0.735	-7.903089986991944
209090.086	175	0.74	-7.903089986991944
209429.028	175	0.745	-7.903089986991944
209807.607	175	0.75	-7.903089986991944
210235.347	175	0.755	-7.903089986991944
210528.782	175	0.76	-7.903089986991944
210912.607	175	0.765	-7.903089986991944
211407.884	175	0.77	-7.903089986991944
211860.429	175	0.775	-7.903089986991944
212237.767	175	0.78	-7.903089986991944
212539.066	175	0.785	-7.903089986991944
213329.276	175	0.79	-7.903089986991944
213809.321	175	0.795	-7.903089986991944
214617.371	175	0.8	-7.903089986991944
215108.615	175	0.805	-7.903089986991944
215508.46	175	0.81	-7.903089986991944
215764.434	175	0.815	-7.903089986991944
215992.341	175	0.82	-7.903089986991944
216508.271	175	0.825	-7.903089986991944
217132.022	175	0.83	-7.903089986991944
217930.329	175	0.835	-7.903089986991944
218448.264	175	0.84	-7.903089986991944
219059.355	175	0.845	-7.903089986991944
219878.346	175	0.85	-7.903089986991944
220821.96	175	0.855	-7.903089986991944
221118.847	175	0.86	-7.903089986991944
221535.763	175	0.865	-7.903089986991944
222054.662	175	0.87	-7.903089986991944
223086.331	175	0.875	-7.903089986991944
223743.943	175	0.88	-7.903089986991944
224196.093	175	0.885	-7.903089986991944
225214.379	175	0.89	-7.903089986991944
225635.242	175	0.895	-7.903089986991944
226138.436	175	0.9	-7.903089986991944
226985.148	175	0.905	-7.903089986991944
227571.254	175	0.91	-7.903089986991944
228223.442	175	0.915	-7.903089986991944
228962.336	175	0.92	-7.903089986991944
229904.668	175	0.925	-7.903089986991944
231430.909	175	0.93	-7.903089986991944
232700.807	175	0.935	-7.903089986991944
234602.534	175	0.94	-7.903089986991944
235576.992	175	0.945	-7.903089986991944
236508.932	175	0.95	-7.903089986991944
239147.604	175	0.955	-7.903089986991944
241095.154	175	0.96	-7.903089986991944
243172.705	175	0.965	-7.903089986991944
247043.578	175	0.97	-7.903089986991944
248930.846	175	0.975	-7.903089986991944
253820.521	175	0.98	-7.903089986991944
257101.075	175	0.985	-7.903089986991944
279374.958	175	0.99	-7.903089986991944
281736.336	175	0.995	-7.903089986991944
203955.0	200	0.5	-7.903089986991944
204386.474	200	0.505	-7.903089986991944
204846.995	200	0.51	-7.903089986991944
205081.028	200	0.515	-7.903089986991944
205148.54	200	0.52	-7.903089986991944
205484.141	200	0.525	-7.903089986991944
205782.605	200	0.53	-7.903089986991944
206065.635	200	0.535	-7.903089986991944
206381.49	200	0.54	-7.903089986991944
206596.029	200	0.545	-7.903089986991944
206790.095	200	0.55	-7.903089986991944
207408.675	200	0.555	-7.903089986991944
207733.812	200	0.56	-7.903089986991944
207997.312	200	0.565	-7.903089986991944
208298.839	200	0.57	-7.903089986991944
208738.607	200	0.575	-7.903089986991944
208958.679	200	0.58	-7.903089986991944
209098.358	200	0.585	-7.903089986991944
209889.353	200	0.59	-7.903089986991944
210239.407	200	0.595	-7.903089986991944
210538.329	200	0.6	-7.903089986991944
210802.714	200	0.605	-7.903089986991944
211134.884	200	0.61	-7.903089986991944
211272.006	200	0.615	-7.903089986991944
211475.989	200	0.62	-7.903089986991944
211830.92	200	0.625	-7.903089986991944
212364.584	200	0.63	-7.903089986991944
212677.357	200	0.635	-7.903089986991944
212942.514	200	0.64	-7.903089986991944
213078.266	200	0.645	-7.903089986991944
213406.807	200	0.65	-7.903089986991944
213699.544	200	0.655	-7.903089986991944
213899.809	200	0.66	-7.903089986991944
214244.471	200	0.665	-7.903089986991944
214607.124	200	0.67	-7.903089986991944
214838.704	200	0.675	-7.903089986991944
215136.291	200	0.68	-7.903089986991944
215321.931	200	0.685	-7.903089986991944
216092.64	200	0.69	-7.903089986991944
216375.52	200	0.695	-7.903089986991944
216629.514	200	0.7	-7.903089986991944
216871.878	200	0.705	-7.903089986991944
216982.635	200	0.71	-7.903089986991944
217109.357	200	0.715	-7.903089986991944
217274.267	200	0.72	-7.903089986991944
217528.714	200	0.725	-7.903089986991944
217706.514	200	0.73	-7.903089986991944
218259.533	200	0.735	-7.903089986991944
218589.743	200	0.74	-7.903089986991944
218771.043	200	0.745	-7.903089986991944
218924.411	200	0.75	-7.903089986991944
219428.064	200	0.755	-7.903089986991944
219720.686	200	0.76	-7.903089986991944
220020.571	200	0.765	-7.903089986991944
220263.13	200	0.77	-7.903089986991944
220513.118	200	0.775	-7.903089986991944
220768.031	200	0.78	-7.903089986991944
221152.612	200	0.785	-7.903089986991944
221379.787	200	0.79	-7.903089986991944
221948.364	200	0.795	-7.903089986991944
222258.571	200	0.8	-7.903089986991944
222801.936	200	0.805	-7.903089986991944
223325.172	200	0.81	-7.903089986991944
223619.186	200	0.815	-7.903089986991944
224256.241	200	0.82	-7.903089986991944
224845.989	200	0.825	-7.903089986991944
225640.002	200	0.83	-7.903089986991944
226505.755	200	0.835	-7.903089986991944
227339.051	200	0.84	-7.903089986991944
227627.521	200	0.845	-7.903089986991944
228505.582	200	0.85	-7.903089986991944
229379.086	200	0.855	-7.903089986991944
230060.369	200	0.86	-7.903089986991944
231028.286	200	0.865	-7.903089986991944
231563.791	200	0.87	-7.903089986991944
231898.214	200	0.875	-7.903089986991944
232480.451	200	0.88	-7.903089986991944
233089.043	200	0.885	-7.903089986991944
233617.756	200	0.89	-7.903089986991944
234554.47	200	0.895	-7.903089986991944
235259.083	200	0.9	-7.903089986991944
236353.157	200	0.905	-7.903089986991944
237680.2	200	0.91	-7.903089986991944
238361.086	200	0.915	-7.903089986991944
239252.514	200	0.92	-7.903089986991944
239878.745	200	0.925	-7.903089986991944
241628.741	200	0.93	-7.903089986991944
242509.217	200	0.935	-7.903089986991944
245196.61	200	0.94	-7.903089986991944
245775.485	200	0.945	-7.903089986991944
247323.211	200	0.95	-7.903089986991944
250563.343	200	0.955	-7.903089986991944
252098.457	200	0.96	-7.903089986991944
254054.419	200	0.965	-7.903089986991944
256978.071	200	0.97	-7.903089986991944
259304.32	200	0.975	-7.903089986991944
262390.629	200	0.98	-7.903089986991944
269683.736	200	0.985	-7.903089986991944
281978.498	200	0.99	-7.903089986991944
289238.121	200	0.995	-7.903089986991944
215307.143	225	0.5	-7.903089986991944
215636.03	225	0.505	-7.903089986991944
215864.684	225	0.51	-7.903089986991944
216079.264	225	0.515	-7.903089986991944
216429.301	225	0.52	-7.903089986991944
216711.93	225	0.525	-7.903089986991944
216983.631	225	0.53	-7.903089986991944
217334.45	225	0.535	-7.903089986991944
217807.441	225	0.54	-7.903089986991944
218167.15	225	0.545	-7.903089986991944
218364.111	225	0.55	-7.903089986991944
218687.886	225	0.555	-7.903089986991944
219025.971	225	0.56	-7.903089986991944
219150.331	225	0.565	-7.903089986991944
219415.943	225	0.57	-7.903089986991944
219673.862	225	0.575	-7.903089986991944
219873.184	225	0.58	-7.903089986991944
220381.994	225	0.585	-7.903089986991944
220631.745	225	0.59	-7.903089986991944
220983.343	225	0.595	-7.903089986991944
221418.835	225	0.6	-7.903089986991944
221629.793	225	0.605	-7.903089986991944
221935.271	225	0.61	-7.903089986991944
222119.671	225	0.615	-7.903089986991944
222412.719	225	0.62	-7.903089986991944
222643.036	225	0.625	-7.903089986991944
222781.555	225	0.63	-7.903089986991944
222959.302	225	0.635	-7.903089986991944
223286.229	225	0.64	-7.903089986991944
223518.029	225	0.645	-7.903089986991944
223827.357	225	0.65	-7.903089986991944
223941.107	225	0.655	-7.903089986991944
224258.379	225	0.66	-7.903089986991944
224541.929	225	0.665	-7.903089986991944
225045.429	225	0.67	-7.903089986991944
225533.0	225	0.675	-7.903089986991944
225833.817	225	0.68	-7.903089986991944
226040.507	225	0.685	-7.903089986991944
226283.152	225	0.69	-7.903089986991944
226543.364	225	0.695	-7.903089986991944
226704.021	225	0.7	-7.903089986991944
227176.8	225	0.705	-7.903089986991944
227680.164	225	0.71	-7.903089986991944
228007.715	225	0.715	-7.903089986991944
228239.606	225	0.72	-7.903089986991944
228627.893	225	0.725	-7.903089986991944
228963.138	225	0.73	-7.903089986991944
229219.448	225	0.735	-7.903089986991944
229557.914	225	0.74	-7.903089986991944
230017.85	225	0.745	-7.903089986991944
230521.536	225	0.75	-7.903089986991944
230763.694	225	0.755	-7.903089986991944
231364.911	225	0.76	-7.903089986991944
231827.279	225	0.765	-7.903089986991944
232315.367	225	0.77	-7.903089986991944
232800.821	225	0.775	-7.903089986991944
233044.993	225	0.78	-7.903089986991944
233425.586	225	0.785	-7.903089986991944
233809.843	225	0.79	-7.903089986991944
234057.835	225	0.795	-7.903089986991944
234423.214	225	0.8	-7.903089986991944
234884.214	225	0.805	-7.903089986991944
235490.385	225	0.81	-7.903089986991944
235770.581	225	0.815	-7.903089986991944
236481.144	225	0.82	-7.903089986991944
237223.0	225	0.825	-7.903089986991944
237453.243	225	0.83	-7.903089986991944
237845.612	225	0.835	-7.903089986991944
238066.143	225	0.84	-7.903089986991944
238405.918	225	0.845	-7.903089986991944
239165.082	225	0.85	-7.903089986991944
239676.082	225	0.855	-7.903089986991944
240302.09	225	0.86	-7.903089986991944
241230.828	225	0.865	-7.903089986991944
241660.049	225	0.87	-7.903089986991944
242346.567	225	0.875	-7.903089986991944
242728.017	225	0.88	-7.903089986991944
243819.914	225	0.885	-7.903089986991944
244523.076	225	0.89	-7.903089986991944
245101.446	225	0.895	-7.903089986991944
245794.033	225	0.9	-7.903089986991944
246480.149	225	0.905	-7.903089986991944
247117.804	225	0.91	-7.903089986991944
248324.299	225	0.915	-7.903089986991944
249258.12	225	0.92	-7.903089986991944
250166.786	225	0.925	-7.903089986991944
250907.03	225	0.93	-7.903089986991944
252818.381	225	0.935	-7.903089986991944
254216.73	225	0.94	-7.903089986991944
255261.746	225	0.945	-7.903089986991944
256590.504	225	0.95	-7.903089986991944
257524.49	225	0.955	-7.903089986991944
258900.183	225	0.96	-7.903089986991944
260743.663	225	0.965	-7.903089986991944
263984.469	225	0.97	-7.903089986991944
274452.502	225	0.975	-7.903089986991944
277858.327	225	0.98	-7.903089986991944
280849.058	225	0.985	-7.903089986991944
286803.141	225	0.99	-7.903089986991944
293595.793	225	0.995	-7.903089986991944
225502.179	250	0.5	-7.903089986991944
225693.572	250	0.505	-7.903089986991944
225773.544	250	0.51	-7.903089986991944
225977.929	250	0.515	-7.903089986991944
226345.691	250	0.52	-7.903089986991944
226566.138	250	0.525	-7.903089986991944
227064.306	250	0.53	-7.903089986991944
227259.402	250	0.535	-7.903089986991944
227377.176	250	0.54	-7.903089986991944
227647.204	250	0.545	-7.903089986991944
227952.507	250	0.55	-7.903089986991944
228164.891	250	0.555	-7.903089986991944
228379.714	250	0.56	-7.903089986991944
228535.157	250	0.565	-7.903089986991944
228977.0	250	0.57	-7.903089986991944
229410.377	250	0.575	-7.903089986991944
229664.886	250	0.58	-7.903089986991944
229803.421	250	0.585	-7.903089986991944
230132.372	250	0.59	-7.903089986991944
230282.558	250	0.595	-7.903089986991944
230616.6	250	0.6	-7.903089986991944
230748.754	250	0.605	-7.903089986991944
231055.3	250	0.61	-7.903089986991944
231404.873	250	0.615	-7.903089986991944
231594.385	250	0.62	-7.903089986991944
231818.571	250	0.625	-7.903089986991944
232494.726	250	0.63	-7.903089986991944
232774.855	250	0.635	-7.903089986991944
233114.706	250	0.64	-7.903089986991944
233502.043	250	0.645	-7.903089986991944
233698.1	250	0.65	-7.903089986991944
234063.669	250	0.655	-7.903089986991944
234434.027	250	0.66	-7.903089986991944
234727.41	250	0.665	-7.903089986991944
235073.554	250	0.67	-7.903089986991944
235433.714	250	0.675	-7.903089986991944
235789.571	250	0.68	-7.903089986991944
236444.756	250	0.685	-7.903089986991944
236852.165	250	0.69	-7.903089986991944
237243.722	250	0.695	-7.903089986991944
237648.879	250	0.7	-7.903089986991944
237891.005	250	0.705	-7.903089986991944
238760.376	250	0.71	-7.903089986991944
239001.574	250	0.715	-7.903089986991944
239264.28	250	0.72	-7.903089986991944
239529.802	250	0.725	-7.903089986991944
239701.412	250	0.73	-7.903089986991944
239892.754	250	0.735	-7.903089986991944
240218.804	250	0.74	-7.903089986991944
240677.036	250	0.745	-7.903089986991944
240927.418	250	0.75	-7.903089986991944
241221.55	250	0.755	-7.903089986991944
241900.0	250	0.76	-7.903089986991944
242408.944	250	0.765	-7.903089986991944
243416.654	250	0.77	-7.903089986991944
243693.25	250	0.775	-7.903089986991944
244110.22	250	0.78	-7.903089986991944
244532.831	250	0.785	-7.903089986991944
244857.972	250	0.79	-7.903089986991944
245148.007	250	0.795	-7.903089986991944
245597.443	250	0.8	-7.903089986991944
246139.371	250	0.805	-7.903089986991944
246509.7	250	0.81	-7.903089986991944
246772.955	250	0.815	-7.903089986991944
247231.697	250	0.82	-7.903089986991944
247665.429	250	0.825	-7.903089986991944
247969.214	250	0.83	-7.903089986991944
248489.469	250	0.835	-7.903089986991944
249092.014	250	0.84	-7.903089986991944
249573.803	250	0.845	-7.903089986991944
249903.643	250	0.85	-7.903089986991944
250237.801	250	0.855	-7.903089986991944
251408.914	250	0.86	-7.903089986991944
252039.11	250	0.865	-7.903089986991944
252533.119	250	0.87	-7.903089986991944
252997.741	250	0.875	-7.903089986991944
254299.657	250	0.88	-7.903089986991944
255270.986	250	0.885	-7.903089986991944
256257.087	250	0.89	-7.903089986991944
256736.473	250	0.895	-7.903089986991944
257744.571	250	0.9	-7.903089986991944
258243.735	250	0.905	-7.903089986991944
258924.043	250	0.91	-7.903089986991944
260271.353	250	0.915	-7.903089986991944
261194.64	250	0.92	-7.903089986991944
261922.898	250	0.925	-7.903089986991944
263178.057	250	0.93	-7.903089986991944
264697.819	250	0.935	-7.903089986991944
265814.519	250	0.94	-7.903089986991944
267850.328	250	0.945	-7.903089986991944
270833.432	250	0.95	-7.903089986991944
275934.632	250	0.955	-7.903089986991944
279099.2	250	0.96	-7.903089986991944
280824.985	250	0.965	-7.903089986991944
286762.152	250	0.97	-7.903089986991944
289302.107	250	0.975	-7.903089986991944
291493.643	250	0.98	-7.903089986991944
296778.7	250	0.985	-7.903089986991944
303790.149	250	0.99	-7.903089986991944
337011.321	250	0.995	-7.903089986991944
231037.214	275	0.5	-7.903089986991944
231393.457	275	0.505	-7.903089986991944
231477.813	275	0.51	-7.903089986991944
231655.874	275	0.515	-7.903089986991944
231873.557	275	0.52	-7.903089986991944
232085.594	275	0.525	-7.903089986991944
232412.428	275	0.53	-7.903089986991944
232644.086	275	0.535	-7.903089986991944
232958.649	275	0.54	-7.903089986991944
233219.616	275	0.545	-7.903089986991944
233400.064	275	0.55	-7.903089986991944
233753.193	275	0.555	-7.903089986991944
233859.783	275	0.56	-7.903089986991944
234130.193	275	0.565	-7.903089986991944
234329.769	275	0.57	-7.903089986991944
234529.263	275	0.575	-7.903089986991944
234842.314	275	0.58	-7.903089986991944
235166.844	275	0.585	-7.903089986991944
235847.029	275	0.59	-7.903089986991944
236312.629	275	0.595	-7.903089986991944
236729.471	275	0.6	-7.903089986991944
237093.121	275	0.605	-7.903089986991944
237393.801	275	0.61	-7.903089986991944
237682.285	275	0.615	-7.903089986991944
238039.617	275	0.62	-7.903089986991944
238206.634	275	0.625	-7.903089986991944
238483.701	275	0.63	-7.903089986991944
238946.132	275	0.635	-7.903089986991944
239034.74	275	0.64	-7.903089986991944
239196.697	275	0.645	-7.903089986991944
239493.596	275	0.65	-7.903089986991944
239739.171	275	0.655	-7.903089986991944
240068.857	275	0.66	-7.903089986991944
240764.395	275	0.665	-7.903089986991944
241078.504	275	0.67	-7.903089986991944
241517.809	275	0.675	-7.903089986991944
241800.137	275	0.68	-7.903089986991944
241937.833	275	0.685	-7.903089986991944
242304.786	275	0.69	-7.903089986991944
242773.027	275	0.695	-7.903089986991944
242890.714	275	0.7	-7.903089986991944
243164.159	275	0.705	-7.903089986991944
243325.5	275	0.71	-7.903089986991944
243703.101	275	0.715	-7.903089986991944
244456.503	275	0.72	-7.903089986991944
244788.973	275	0.725	-7.903089986991944
245087.509	275	0.73	-7.903089986991944
245531.874	275	0.735	-7.903089986991944
245845.514	275	0.74	-7.903089986991944
246324.021	275	0.745	-7.903089986991944
246603.946	275	0.75	-7.903089986991944
246828.136	275	0.755	-7.903089986991944
247241.6	275	0.76	-7.903089986991944
247493.107	275	0.765	-7.903089986991944
247777.824	275	0.77	-7.903089986991944
248472.479	275	0.775	-7.903089986991944
248798.259	275	0.78	-7.903089986991944
249166.715	275	0.785	-7.903089986991944
249605.444	275	0.79	-7.903089986991944
249858.314	275	0.795	-7.903089986991944
250049.486	275	0.8	-7.903089986991944
250545.536	275	0.805	-7.903089986991944
251254.243	275	0.81	-7.903089986991944
251777.793	275	0.815	-7.903089986991944
252381.615	275	0.82	-7.903089986991944
252978.464	275	0.825	-7.903089986991944
253318.933	275	0.83	-7.903089986991944
253769.088	275	0.835	-7.903089986991944
254485.249	275	0.84	-7.903089986991944
255491.636	275	0.845	-7.903089986991944
256040.236	275	0.85	-7.903089986991944
256550.682	275	0.855	-7.903089986991944
256797.861	275	0.86	-7.903089986991944
257029.524	275	0.865	-7.903089986991944
258604.643	275	0.87	-7.903089986991944
259146.804	275	0.875	-7.903089986991944
260225.209	275	0.88	-7.903089986991944
261359.686	275	0.885	-7.903089986991944
262121.574	275	0.89	-7.903089986991944
262874.273	275	0.895	-7.903089986991944
264147.064	275	0.9	-7.903089986991944
265063.343	275	0.905	-7.903089986991944
266130.243	275	0.91	-7.903089986991944
267297.794	275	0.915	-7.903089986991944
268523.666	275	0.92	-7.903089986991944
269900.123	275	0.925	-7.903089986991944
270905.595	275	0.93	-7.903089986991944
271937.065	275	0.935	-7.903089986991944
275033.469	275	0.94	-7.903089986991944
277277.76	275	0.945	-7.903089986991944
279230.571	275	0.95	-7.903089986991944
280253.886	275	0.955	-7.903089986991944
281563.886	275	0.96	-7.903089986991944
284621.165	275	0.965	-7.903089986991944
290177.304	275	0.97	-7.903089986991944
293601.396	275	0.975	-7.903089986991944
301926.986	275	0.98	-7.903089986991944
307641.107	275	0.985	-7.903089986991944
317887.742	275	0.99	-7.903089986991944
334137.229	275	0.995	-7.903089986991944
242543.571	300	0.5	-7.903089986991944
243021.435	300	0.505	-7.903089986991944
243251.181	300	0.51	-7.903089986991944
243472.864	300	0.515	-7.903089986991944
243829.771	300	0.52	-7.903089986991944
244144.75	300	0.525	-7.903089986991944
244464.269	300	0.53	-7.903089986991944
244713.093	300	0.535	-7.903089986991944
244920.446	300	0.54	-7.903089986991944
245132.492	300	0.545	-7.903089986991944
245693.104	300	0.55	-7.903089986991944
246035.584	300	0.555	-7.903089986991944
246479.457	300	0.56	-7.903089986991944
246689.257	300	0.565	-7.903089986991944
246871.871	300	0.57	-7.903089986991944
246964.036	300	0.575	-7.903089986991944
247097.904	300	0.58	-7.903089986991944
247495.458	300	0.585	-7.903089986991944
247930.729	300	0.59	-7.903089986991944
247994.587	300	0.595	-7.903089986991944
248158.943	300	0.6	-7.903089986991944
248398.764	300	0.605	-7.903089986991944
248929.071	300	0.61	-7.903089986991944
249371.879	300	0.615	-7.903089986991944
249480.227	300	0.62	-7.903089986991944
250080.536	300	0.625	-7.903089986991944
250377.998	300	0.63	-7.903089986991944
250592.457	300	0.635	-7.903089986991944
250759.797	300	0.64	-7.903089986991944
250884.947	300	0.645	-7.903089986991944
251214.979	300	0.65	-7.903089986991944
251845.542	300	0.655	-7.903089986991944
252197.901	300	0.66	-7.903089986991944
252571.543	300	0.665	-7.903089986991944
252797.8	300	0.67	-7.903089986991944
253069.095	300	0.675	-7.903089986991944
253382.251	300	0.68	-7.903089986991944
253567.308	300	0.685	-7.903089986991944
253962.057	300	0.69	-7.903089986991944
254329.978	300	0.695	-7.903089986991944
254652.429	300	0.7	-7.903089986991944
254987.543	300	0.705	-7.903089986991944
255256.669	300	0.71	-7.903089986991944
255427.137	300	0.715	-7.903089986991944
255633.257	300	0.72	-7.903089986991944
255974.055	300	0.725	-7.903089986991944
256207.886	300	0.73	-7.903089986991944
256669.862	300	0.735	-7.903089986991944
257039.98	300	0.74	-7.903089986991944
257427.214	300	0.745	-7.903089986991944
257903.214	300	0.75	-7.903089986991944
258392.368	300	0.755	-7.903089986991944
259077.717	300	0.76	-7.903089986991944
259483.626	300	0.765	-7.903089986991944
259798.008	300	0.77	-7.903089986991944
260727.877	300	0.775	-7.903089986991944
261182.076	300	0.78	-7.903089986991944
261399.721	300	0.785	-7.903089986991944
261774.158	300	0.79	-7.903089986991944
262566.7	300	0.795	-7.903089986991944
263546.4	300	0.8	-7.903089986991944
264057.935	300	0.805	-7.903089986991944
264490.514	300	0.81	-7.903089986991944
264988.395	300	0.815	-7.903089986991944
265122.343	300	0.82	-7.903089986991944
265568.455	300	0.825	-7.903089986991944
266179.874	300	0.83	-7.903089986991944
266782.733	300	0.835	-7.903089986991944
267806.674	300	0.84	-7.903089986991944
268949.443	300	0.845	-7.903089986991944
269379.368	300	0.85	-7.903089986991944
269952.56	300	0.855	-7.903089986991944
270763.114	300	0.86	-7.903089986991944
271286.793	300	0.865	-7.903089986991944
272596.948	300	0.87	-7.903089986991944
273674.107	300	0.875	-7.903089986991944
274438.691	300	0.88	-7.903089986991944
275274.01	300	0.885	-7.903089986991944
276769.641	300	0.89	-7.903089986991944
277397.043	300	0.895	-7.903089986991944
278355.857	300	0.9	-7.903089986991944
279077.971	300	0.905	-7.903089986991944
280204.359	300	0.91	-7.903089986991944
281148.518	300	0.915	-7.903089986991944
282874.874	300	0.92	-7.903089986991944
283713.53	300	0.925	-7.903089986991944
285407.791	300	0.93	-7.903089986991944
286883.221	300	0.935	-7.903089986991944
288150.706	300	0.94	-7.903089986991944
289642.542	300	0.945	-7.903089986991944
291584.282	300	0.95	-7.903089986991944
292952.402	300	0.955	-7.903089986991944
294293.2	300	0.96	-7.903089986991944
298775.065	300	0.965	-7.903089986991944
303538.176	300	0.97	-7.903089986991944
306007.425	300	0.975	-7.903089986991944
314779.239	300	0.98	-7.903089986991944
320770.503	300	0.985	-7.903089986991944
344101.171	300	0.99	-7.903089986991944
360536.924	300	0.995	-7.903089986991944
250269.429	325	0.5	-7.903089986991944
250657.272	325	0.505	-7.903089986991944
251130.293	325	0.51	-7.903089986991944
251417.309	325	0.515	-7.903089986991944
251673.637	325	0.52	-7.903089986991944
251822.752	325	0.525	-7.903089986991944
252022.534	325	0.53	-7.903089986991944
252615.319	325	0.535	-7.903089986991944
252871.464	325	0.54	-7.903089986991944
252985.666	325	0.545	-7.903089986991944
253143.429	325	0.55	-7.903089986991944
253400.529	325	0.555	-7.903089986991944
253674.963	325	0.56	-7.903089986991944
253896.067	325	0.565	-7.903089986991944
254244.461	325	0.57	-7.903089986991944
254748.75	325	0.575	-7.903089986991944
254947.919	325	0.58	-7.903089986991944
255450.324	325	0.585	-7.903089986991944
255603.141	325	0.59	-7.903089986991944
255841.379	325	0.595	-7.903089986991944
256140.529	325	0.6	-7.903089986991944
256355.5	325	0.605	-7.903089986991944
256582.329	325	0.61	-7.903089986991944
256889.331	325	0.615	-7.903089986991944
257050.747	325	0.62	-7.903089986991944
257430.92	325	0.625	-7.903089986991944
257821.022	325	0.63	-7.903089986991944
258186.31	325	0.635	-7.903089986991944
258446.571	325	0.64	-7.903089986991944
258681.257	325	0.645	-7.903089986991944
259018.025	325	0.65	-7.903089986991944
259328.668	325	0.655	-7.903089986991944
259670.303	325	0.66	-7.903089986991944
259885.014	325	0.665	-7.903089986991944
260229.486	325	0.67	-7.903089986991944
260516.334	325	0.675	-7.903089986991944
260976.743	325	0.68	-7.903089986991944
261221.014	325	0.685	-7.903089986991944
261558.538	325	0.69	-7.903089986991944
261709.601	325	0.695	-7.903089986991944
262119.264	325	0.7	-7.903089986991944
262802.5	325	0.705	-7.903089986991944
262998.196	325	0.71	-7.903089986991944
263425.279	325	0.715	-7.903089986991944
263741.194	325	0.72	-7.903089986991944
264616.405	325	0.725	-7.903089986991944
265348.962	325	0.73	-7.903089986991944
265561.705	325	0.735	-7.903089986991944
265720.466	325	0.74	-7.903089986991944
265871.199	325	0.745	-7.903089986991944
266116.054	325	0.75	-7.903089986991944
266461.871	325	0.755	-7.903089986991944
266715.534	325	0.76	-7.903089986991944
266981.958	325	0.765	-7.903089986991944
267617.657	325	0.77	-7.903089986991944
268011.159	325	0.775	-7.903089986991944
268195.743	325	0.78	-7.903089986991944
268747.12	325	0.785	-7.903089986991944
269004.314	325	0.79	-7.903089986991944
269340.882	325	0.795	-7.903089986991944
269916.714	325	0.8	-7.903089986991944
270566.308	325	0.805	-7.903089986991944
271510.341	325	0.81	-7.903089986991944
272477.655	325	0.815	-7.903089986991944
272783.313	325	0.82	-7.903089986991944
273139.559	325	0.825	-7.903089986991944
273830.216	325	0.83	-7.903089986991944
274524.445	325	0.835	-7.903089986991944
274869.031	325	0.84	-7.903089986991944
275667.757	325	0.845	-7.903089986991944
276184.857	325	0.85	-7.903089986991944
276445.647	325	0.855	-7.903089986991944
276905.433	325	0.86	-7.903089986991944
278330.509	325	0.865	-7.903089986991944
279123.171	325	0.87	-7.903089986991944
280498.589	325	0.875	-7.903089986991944
281975.071	325	0.88	-7.903089986991944
282416.518	325	0.885	-7.903089986991944
283184.269	325	0.89	-7.903089986991944
283585.55	325	0.895	-7.903089986991944
284735.857	325	0.9	-7.903089986991944
285095.036	325	0.905	-7.903089986991944
286055.056	325	0.91	-7.903089986991944
286701.235	325	0.915	-7.903089986991944
287897.309	325	0.92	-7.903089986991944
288220.754	325	0.925	-7.903089986991944
289791.419	325	0.93	-7.903089986991944
291654.364	325	0.935	-7.903089986991944
293551.237	325	0.94	-7.903089986991944
294885.347	325	0.945	-7.903089986991944
297660.143	325	0.95	-7.903089986991944
299832.401	325	0.955	-7.903089986991944
303316.843	325	0.96	-7.903089986991944
305360.583	325	0.965	-7.903089986991944
309705.445	325	0.97	-7.903089986991944
321295.075	325	0.975	-7.903089986991944
325146.833	325	0.98	-7.903089986991944
331511.629	325	0.985	-7.903089986991944
344712.626	325	0.99	-7.903089986991944
364579.414	325	0.995	-7.903089986991944
258081.536	350	0.5	-7.903089986991944
258553.636	350	0.505	-7.903089986991944
258833.422	350	0.51	-7.903089986991944
259180.46	350	0.515	-7.903089986991944
259331.989	350	0.52	-7.903089986991944
259539.141	350	0.525	-7.903089986991944
259672.824	350	0.53	-7.903089986991944
259820.795	350	0.535	-7.903089986991944
260213.829	350	0.54	-7.903089986991944
260392.671	350	0.545	-7.903089986991944
260887.896	350	0.55	-7.903089986991944
261163.186	350	0.555	-7.903089986991944
261310.774	350	0.56	-7.903089986991944
261569.336	350	0.565	-7.903089986991944
261748.4	350	0.57	-7.903089986991944
262174.22	350	0.575	-7.903089986991944
262496.524	350	0.58	-7.903089986991944
262813.831	350	0.585	-7.903089986991944
263347.3	350	0.59	-7.903089986991944
263545.671	350	0.595	-7.903089986991944
263954.343	350	0.6	-7.903089986991944
264182.372	350	0.605	-7.903089986991944
264599.359	350	0.61	-7.903089986991944
264750.149	350	0.615	-7.903089986991944
264978.307	350	0.62	-7.903089986991944
265321.607	350	0.625	-7.903089986991944
265881.99	350	0.63	-7.903089986991944
266549.83	350	0.635	-7.903089986991944
266822.426	350	0.64	-7.903089986991944
267507.69	350	0.645	-7.903089986991944
267695.739	350	0.65	-7.903089986991944
268184.193	350	0.655	-7.903089986991944
268377.45	350	0.66	-7.903089986991944
268561.1	350	0.665	-7.903089986991944
268914.966	350	0.67	-7.903089986991944
269405.857	350	0.675	-7.903089986991944
269946.411	350	0.68	-7.903089986991944
270356.629	350	0.685	-7.903089986991944
270767.606	350	0.69	-7.903089986991944
271145.701	350	0.695	-7.903089986991944
271320.0	350	0.7	-7.903089986991944
271644.092	350	0.705	-7.903089986991944
271982.664	350	0.71	-7.903089986991944
272536.123	350	0.715	-7.903089986991944
273071.671	350	0.72	-7.903089986991944
273325.27	350	0.725	-7.903089986991944
273785.086	350	0.73	-7.903089986991944
274013.524	350	0.735	-7.903089986991944
274535.029	350	0.74	-7.903089986991944
274891.145	350	0.745	-7.903089986991944
275376.089	350	0.75	-7.903089986991944
275758.182	350	0.755	-7.903089986991944
276068.431	350	0.76	-7.903089986991944
276577.6	350	0.765	-7.903089986991944
277119.329	350	0.77	-7.903089986991944
278074.841	350	0.775	-7.903089986991944
279123.471	350	0.78	-7.903089986991944
279532.839	350	0.785	-7.903089986991944
279945.63	350	0.79	-7.903089986991944
280607.453	350	0.795	-7.903089986991944
281257.0	350	0.8	-7.903089986991944
281825.139	350	0.805	-7.903089986991944
282235.931	350	0.81	-7.903089986991944
282848.243	350	0.815	-7.903089986991944
283349.02	350	0.82	-7.903089986991944
284452.454	350	0.825	-7.903089986991944
284960.794	350	0.83	-7.903089986991944
285715.086	350	0.835	-7.903089986991944
286579.877	350	0.84	-7.903089986991944
287205.19	350	0.845	-7.903089986991944
287980.439	350	0.85	-7.903089986991944
288898.193	350	0.855	-7.903089986991944
289989.136	350	0.86	-7.903089986991944
290404.314	350	0.865	-7.903089986991944
290631.562	350	0.87	-7.903089986991944
291651.795	350	0.875	-7.903089986991944
292706.377	350	0.88	-7.903089986991944
294181.412	350	0.885	-7.903089986991944
295359.686	350	0.89	-7.903089986991944
296738.742	350	0.895	-7.903089986991944
297867.714	350	0.9	-7.903089986991944
299271.743	350	0.905	-7.903089986991944
300597.543	350	0.91	-7.903089986991944
302171.491	350	0.915	-7.903089986991944
303628.686	350	0.92	-7.903089986991944
305211.968	350	0.925	-7.903089986991944
306642.057	350	0.93	-7.903089986991944
308780.293	350	0.935	-7.903089986991944
310203.727	350	0.94	-7.903089986991944
312589.754	350	0.945	-7.903089986991944
314732.293	350	0.95	-7.903089986991944
317513.164	350	0.955	-7.903089986991944
320640.229	350	0.96	-7.903089986991944
322193.755	350	0.965	-7.903089986991944
323563.034	350	0.97	-7.903089986991944
326768.571	350	0.975	-7.903089986991944
329641.344	350	0.98	-7.903089986991944
336281.029	350	0.985	-7.903089986991944
363442.52	350	0.99	-7.903089986991944
383061.479	350	0.995	-7.903089986991944
267465.143	375	0.5	-7.903089986991944
267633.571	375	0.505	-7.903089986991944
268241.592	375	0.51	-7.903089986991944
268541.227	375	0.515	-7.903089986991944
268653.466	375	0.52	-7.903089986991944
268861.248	375	0.525	-7.903089986991944
269199.043	375	0.53	-7.903089986991944
269449.093	375	0.535	-7.903089986991944
269572.731	375	0.54	-7.903089986991944
269777.473	375	0.545	-7.903089986991944
269957.889	375	0.55	-7.903089986991944
270368.964	375	0.555	-7.903089986991944
270550.326	375	0.56	-7.903089986991944
271210.363	375	0.565	-7.903089986991944
271773.371	375	0.57	-7.903089986991944
272409.143	375	0.575	-7.903089986991944
272669.4	375	0.58	-7.903089986991944
273036.007	375	0.585	-7.903089986991944
273348.768	375	0.59	-7.903089986991944
273544.986	375	0.595	-7.903089986991944
273897.557	375	0.6	-7.903089986991944
273998.658	375	0.605	-7.903089986991944
274363.031	375	0.61	-7.903089986991944
274820.603	375	0.615	-7.903089986991944
275359.241	375	0.62	-7.903089986991944
275497.473	375	0.625	-7.903089986991944
275900.919	375	0.63	-7.903089986991944
276235.007	375	0.635	-7.903089986991944
276421.614	375	0.64	-7.903089986991944
276845.598	375	0.645	-7.903089986991944
277066.707	375	0.65	-7.903089986991944
277610.54	375	0.655	-7.903089986991944
277906.824	375	0.66	-7.903089986991944
278378.695	375	0.665	-7.903089986991944
278800.062	375	0.67	-7.903089986991944
279076.752	375	0.675	-7.903089986991944
279687.451	375	0.68	-7.903089986991944
280072.343	375	0.685	-7.903089986991944
280327.206	375	0.69	-7.903089986991944
280738.03	375	0.695	-7.903089986991944
281162.243	375	0.7	-7.903089986991944
281548.943	375	0.705	-7.903089986991944
282074.734	375	0.71	-7.903089986991944
282586.179	375	0.715	-7.903089986991944
283058.217	375	0.72	-7.903089986991944
283319.734	375	0.725	-7.903089986991944
283634.513	375	0.73	-7.903089986991944
284167.714	375	0.735	-7.903089986991944
284773.71	375	0.74	-7.903089986991944
285108.264	375	0.745	-7.903089986991944
285519.643	375	0.75	-7.903089986991944
286134.945	375	0.755	-7.903089986991944
286359.649	375	0.76	-7.903089986991944
286696.072	375	0.765	-7.903089986991944
286950.212	375	0.77	-7.903089986991944
287405.088	375	0.775	-7.903089986991944
287710.33	375	0.78	-7.903089986991944
288055.465	375	0.785	-7.903089986991944
289006.574	375	0.79	-7.903089986991944
289473.479	375	0.795	-7.903089986991944
290187.029	375	0.8	-7.903089986991944
290829.686	375	0.805	-7.903089986991944
291252.241	375	0.81	-7.903089986991944
291629.884	375	0.815	-7.903089986991944
292291.0	375	0.82	-7.903089986991944
292824.157	375	0.825	-7.903089986991944
293523.474	375	0.83	-7.903089986991944
294033.7	375	0.835	-7.903089986991944
294780.343	375	0.84	-7.903089986991944
295328.593	375	0.845	-7.903089986991944
296256.071	375	0.85	-7.903089986991944
296945.029	375	0.855	-7.903089986991944
297482.696	375	0.86	-7.903089986991944
299093.508	375	0.865	-7.903089986991944
299829.616	375	0.87	-7.903089986991944
301150.714	375	0.875	-7.903089986991944
302238.934	375	0.88	-7.903089986991944
303042.659	375	0.885	-7.903089986991944
303480.881	375	0.89	-7.903089986991944
304431.229	375	0.895	-7.903089986991944
305301.379	375	0.9	-7.903089986991944
306158.441	375	0.905	-7.903089986991944
308833.443	375	0.91	-7.903089986991944
311342.024	375	0.915	-7.903089986991944
312525.209	375	0.92	-7.903089986991944
313610.371	375	0.925	-7.903089986991944
315207.101	375	0.93	-7.903089986991944
316153.721	375	0.935	-7.903089986991944
317808.776	375	0.94	-7.903089986991944
320066.65	375	0.945	-7.903089986991944
322070.214	375	0.95	-7.903089986991944
324948.389	375	0.955	-7.903089986991944
328566.229	375	0.96	-7.903089986991944
332025.219	375	0.965	-7.903089986991944
337126.154	375	0.97	-7.903089986991944
340227.893	375	0.975	-7.903089986991944
351808.06	375	0.98	-7.903089986991944
361027.729	375	0.985	-7.903089986991944
372700.685	375	0.99	-7.903089986991944
380609.551	375	0.995	-7.903089986991944
274125.036	400	0.5	-7.903089986991944
274599.507	400	0.505	-7.903089986991944
274772.043	400	0.51	-7.903089986991944
275256.792	400	0.515	-7.903089986991944
275466.834	400	0.52	-7.903089986991944
275750.68	400	0.525	-7.903089986991944
276006.157	400	0.53	-7.903089986991944
276574.214	400	0.535	-7.903089986991944
276832.667	400	0.54	-7.903089986991944
277125.536	400	0.545	-7.903089986991944
277401.318	400	0.55	-7.903089986991944
277638.046	400	0.555	-7.903089986991944
278114.726	400	0.56	-7.903089986991944
278696.674	400	0.565	-7.903089986991944
278951.796	400	0.57	-7.903089986991944
279107.471	400	0.575	-7.903089986991944
279403.229	400	0.58	-7.903089986991944
279615.064	400	0.585	-7.903089986991944
279762.87	400	0.59	-7.903089986991944
280092.512	400	0.595	-7.903089986991944
280497.6	400	0.6	-7.903089986991944
280867.407	400	0.605	-7.903089986991944
280983.842	400	0.61	-7.903089986991944
281414.193	400	0.615	-7.903089986991944
281640.591	400	0.62	-7.903089986991944
282014.643	400	0.625	-7.903089986991944
282379.559	400	0.63	-7.903089986991944
282724.512	400	0.635	-7.903089986991944
282976.617	400	0.64	-7.903089986991944
283412.386	400	0.645	-7.903089986991944
283745.35	400	0.65	-7.903089986991944
284113.471	400	0.655	-7.903089986991944
284638.113	400	0.66	-7.903089986991944
284893.429	400	0.665	-7.903089986991944
284996.566	400	0.67	-7.903089986991944
285344.823	400	0.675	-7.903089986991944
285755.771	400	0.68	-7.903089986991944
285988.88	400	0.685	-7.903089986991944
286294.014	400	0.69	-7.903089986991944
286650.428	400	0.695	-7.903089986991944
287211.907	400	0.7	-7.903089986991944
287635.386	400	0.705	-7.903089986991944
288017.235	400	0.71	-7.903089986991944
288522.379	400	0.715	-7.903089986991944
289159.766	400	0.72	-7.903089986991944
289413.143	400	0.725	-7.903089986991944
289760.433	400	0.73	-7.903089986991944
290247.414	400	0.735	-7.903089986991944
290674.993	400	0.74	-7.903089986991944
291205.202	400	0.745	-7.903089986991944
291439.518	400	0.75	-7.903089986991944
291706.259	400	0.755	-7.903089986991944
291990.071	400	0.76	-7.903089986991944
292295.902	400	0.765	-7.903089986991944
292851.586	400	0.77	-7.903089986991944
293320.707	400	0.775	-7.903089986991944
293866.346	400	0.78	-7.903089986991944
294499.481	400	0.785	-7.903089986991944
295459.229	400	0.79	-7.903089986991944
296261.674	400	0.795	-7.903089986991944
296772.471	400	0.8	-7.903089986991944
297511.707	400	0.805	-7.903089986991944
297968.329	400	0.81	-7.903089986991944
298690.0	400	0.815	-7.903089986991944
299554.093	400	0.82	-7.903089986991944
300523.107	400	0.825	-7.903089986991944
301490.2	400	0.83	-7.903089986991944
301760.09	400	0.835	-7.903089986991944
302445.143	400	0.84	-7.903089986991944
303520.971	400	0.845	-7.903089986991944
304345.132	400	0.85	-7.903089986991944
305091.788	400	0.855	-7.903089986991944
305471.033	400	0.86	-7.903089986991944
306114.316	400	0.865	-7.903089986991944
306834.281	400	0.87	-7.903089986991944
308167.92	400	0.875	-7.903089986991944
309208.303	400	0.88	-7.903089986991944
309946.498	400	0.885	-7.903089986991944
311005.209	400	0.89	-7.903089986991944
312048.85	400	0.895	-7.903089986991944
313868.7	400	0.9	-7.903089986991944
314786.021	400	0.905	-7.903089986991944
316382.257	400	0.91	-7.903089986991944
317045.243	400	0.915	-7.903089986991944
319576.914	400	0.92	-7.903089986991944
321680.87	400	0.925	-7.903089986991944
322716.958	400	0.93	-7.903089986991944
325331.137	400	0.935	-7.903089986991944
327593.45	400	0.94	-7.903089986991944
329457.591	400	0.945	-7.903089986991944
331811.643	400	0.95	-7.903089986991944
333315.373	400	0.955	-7.903089986991944
336168.229	400	0.96	-7.903089986991944
339482.671	400	0.965	-7.903089986991944
344886.82	400	0.97	-7.903089986991944
347663.611	400	0.975	-7.903089986991944
357921.616	400	0.98	-7.903089986991944
364854.817	400	0.985	-7.903089986991944
374401.286	400	0.99	-7.903089986991944
422253.65	400	0.995	-7.903089986991944
279633.75	425	0.5	-7.903089986991944
279939.861	425	0.505	-7.903089986991944
280238.489	425	0.51	-7.903089986991944
280639.829	425	0.515	-7.903089986991944
281096.32	425	0.52	-7.903089986991944
281519.184	425	0.525	-7.903089986991944
281654.376	425	0.53	-7.903089986991944
281869.75	425	0.535	-7.903089986991944
282174.059	425	0.54	-7.903089986991944
282484.593	425	0.545	-7.903089986991944
282876.675	425	0.55	-7.903089986991944
283172.104	425	0.555	-7.903089986991944
283411.157	425	0.56	-7.903089986991944
284057.505	425	0.565	-7.903089986991944
284544.041	425	0.57	-7.903089986991944
284743.75	425	0.575	-7.903089986991944
285046.3	425	0.58	-7.903089986991944
285345.691	425	0.585	-7.903089986991944
285853.758	425	0.59	-7.903089986991944
285973.665	425	0.595	-7.903089986991944
286257.871	425	0.6	-7.903089986991944
286815.836	425	0.605	-7.903089986991944
287374.286	425	0.61	-7.903089986991944
287559.0	425	0.615	-7.903089986991944
288148.543	425	0.62	-7.903089986991944
288416.821	425	0.625	-7.903089986991944
288592.044	425	0.63	-7.903089986991944
289327.0	425	0.635	-7.903089986991944
289949.169	425	0.64	-7.903089986991944
290343.958	425	0.645	-7.903089986991944
290630.025	425	0.65	-7.903089986991944
290833.843	425	0.655	-7.903089986991944
291312.61	425	0.66	-7.903089986991944
291670.269	425	0.665	-7.903089986991944
291903.743	425	0.67	-7.903089986991944
292227.821	425	0.675	-7.903089986991944
292774.971	425	0.68	-7.903089986991944
293171.093	425	0.685	-7.903089986991944
293381.622	425	0.69	-7.903089986991944
293735.122	425	0.695	-7.903089986991944
294296.329	425	0.7	-7.903089986991944
294820.276	425	0.705	-7.903089986991944
295003.757	425	0.71	-7.903089986991944
295238.18	425	0.715	-7.903089986991944
295473.343	425	0.72	-7.903089986991944
295600.339	425	0.725	-7.903089986991944
295722.729	425	0.73	-7.903089986991944
296036.183	425	0.735	-7.903089986991944
296391.413	425	0.74	-7.903089986991944
296842.614	425	0.745	-7.903089986991944
297380.0	425	0.75	-7.903089986991944
297758.068	425	0.755	-7.903089986991944
298194.014	425	0.76	-7.903089986991944
298660.643	425	0.765	-7.903089986991944
299264.41	425	0.77	-7.903089986991944
299451.429	425	0.775	-7.903089986991944
300010.571	425	0.78	-7.903089986991944
300723.526	425	0.785	-7.903089986991944
301561.141	425	0.79	-7.903089986991944
302448.373	425	0.795	-7.903089986991944
302988.871	425	0.8	-7.903089986991944
303337.428	425	0.805	-7.903089986991944
303822.899	425	0.81	-7.903089986991944
304434.035	425	0.815	-7.903089986991944
305179.07	425	0.82	-7.903089986991944
305653.495	425	0.825	-7.903089986991944
306211.314	425	0.83	-7.903089986991944
306818.764	425	0.835	-7.903089986991944
307102.294	425	0.84	-7.903089986991944
307570.607	425	0.845	-7.903089986991944
308226.846	425	0.85	-7.903089986991944
309130.672	425	0.855	-7.903089986991944
310626.886	425	0.86	-7.903089986991944
311327.734	425	0.865	-7.903089986991944
312222.281	425	0.87	-7.903089986991944
313622.696	425	0.875	-7.903089986991944
313953.894	425	0.88	-7.903089986991944
314702.944	425	0.885	-7.903089986991944
316208.214	425	0.89	-7.903089986991944
317430.535	425	0.895	-7.903089986991944
318331.414	425	0.9	-7.903089986991944
320388.1	425	0.905	-7.903089986991944
321657.081	425	0.91	-7.903089986991944
323349.423	425	0.915	-7.903089986991944
324392.3	425	0.92	-7.903089986991944
325881.03	425	0.925	-7.903089986991944
328648.152	425	0.93	-7.903089986991944
331157.229	425	0.935	-7.903089986991944
332875.143	425	0.94	-7.903089986991944
335018.375	425	0.945	-7.903089986991944
339313.639	425	0.95	-7.903089986991944
342708.257	425	0.955	-7.903089986991944
351676.763	425	0.96	-7.903089986991944
358089.274	425	0.965	-7.903089986991944
364314.888	425	0.97	-7.903089986991944
374524.857	425	0.975	-7.903089986991944
386946.2	425	0.98	-7.903089986991944
399155.134	425	0.985	-7.903089986991944
411773.28	425	0.99	-7.903089986991944
442628.606	425	0.995	-7.903089986991944
287601.464	450	0.5	-7.903089986991944
287913.321	450	0.505	-7.903089986991944
288328.208	450	0.51	-7.903089986991944
288696.15	450	0.515	-7.903089986991944
289002.857	450	0.52	-7.903089986991944
289216.82	450	0.525	-7.903089986991944
289724.899	450	0.53	-7.903089986991944
290221.462	450	0.535	-7.903089986991944
290869.36	450	0.54	-7.903089986991944
291225.703	450	0.545	-7.903089986991944
291473.0	450	0.55	-7.903089986991944
291864.842	450	0.555	-7.903089986991944
292201.957	450	0.56	-7.903089986991944
292589.321	450	0.565	-7.903089986991944
292936.266	450	0.57	-7.903089986991944
293341.689	450	0.575	-7.903089986991944
293509.114	450	0.58	-7.903089986991944
294108.956	450	0.585	-7.903089986991944
294667.556	450	0.59	-7.903089986991944
295321.364	450	0.595	-7.903089986991944
295570.014	450	0.6	-7.903089986991944
295933.965	450	0.605	-7.903089986991944
296289.699	450	0.61	-7.903089986991944
296774.072	450	0.615	-7.903089986991944
297066.114	450	0.62	-7.903089986991944
297334.491	450	0.625	-7.903089986991944
297416.945	450	0.63	-7.903089986991944
297699.979	450	0.635	-7.903089986991944
298130.286	450	0.64	-7.903089986991944
298717.54	450	0.645	-7.903089986991944
298985.575	450	0.65	-7.903089986991944
299490.221	450	0.655	-7.903089986991944
299809.781	450	0.66	-7.903089986991944
300054.664	450	0.665	-7.903089986991944
300360.104	450	0.67	-7.903089986991944
300789.67	450	0.675	-7.903089986991944
301060.0	450	0.68	-7.903089986991944
301318.531	450	0.685	-7.903089986991944
301520.486	450	0.69	-7.903089986991944
301970.728	450	0.695	-7.903089986991944
302529.764	450	0.7	-7.903089986991944
303015.939	450	0.705	-7.903089986991944
303421.081	450	0.71	-7.903089986991944
303723.101	450	0.715	-7.903089986991944
303862.351	450	0.72	-7.903089986991944
304239.838	450	0.725	-7.903089986991944
304587.766	450	0.73	-7.903089986991944
304845.164	450	0.735	-7.903089986991944
305321.677	450	0.74	-7.903089986991944
305806.371	450	0.745	-7.903089986991944
306455.357	450	0.75	-7.903089986991944
307002.079	450	0.755	-7.903089986991944
307375.451	450	0.76	-7.903089986991944
308189.205	450	0.765	-7.903089986991944
308826.587	450	0.77	-7.903089986991944
309575.295	450	0.775	-7.903089986991944
310089.286	450	0.78	-7.903089986991944
310792.579	450	0.785	-7.903089986991944
311382.871	450	0.79	-7.903089986991944
311963.035	450	0.795	-7.903089986991944
312373.657	450	0.8	-7.903089986991944
313458.866	450	0.805	-7.903089986991944
313722.384	450	0.81	-7.903089986991944
314099.528	450	0.815	-7.903089986991944
314754.489	450	0.82	-7.903089986991944
315571.893	450	0.825	-7.903089986991944
316670.486	450	0.83	-7.903089986991944
317109.321	450	0.835	-7.903089986991944
317889.691	450	0.84	-7.903089986991944
319065.48	450	0.845	-7.903089986991944
319899.143	450	0.85	-7.903089986991944
320583.168	450	0.855	-7.903089986991944
321008.444	450	0.86	-7.903089986991944
321845.284	450	0.865	-7.903089986991944
323332.795	450	0.87	-7.903089986991944
324693.027	450	0.875	-7.903089986991944
325332.014	450	0.88	-7.903089986991944
326779.814	450	0.885	-7.903089986991944
328445.423	450	0.89	-7.903089986991944
329233.436	450	0.895	-7.903089986991944
330195.721	450	0.9	-7.903089986991944
331502.614	450	0.905	-7.903089986991944
332679.367	450	0.91	-7.903089986991944
333866.728	450	0.915	-7.903089986991944
337850.091	450	0.92	-7.903089986991944
338860.673	450	0.925	-7.903089986991944
340059.643	450	0.93	-7.903089986991944
341607.881	450	0.935	-7.903089986991944
342148.039	450	0.94	-7.903089986991944
345873.209	450	0.945	-7.903089986991944
348674.404	450	0.95	-7.903089986991944
353087.843	450	0.955	-7.903089986991944
358975.886	450	0.96	-7.903089986991944
366316.872	450	0.965	-7.903089986991944
370361.613	450	0.97	-7.903089986991944
376632.646	450	0.975	-7.903089986991944
380579.357	450	0.98	-7.903089986991944
392794.758	450	0.985	-7.903089986991944
406853.286	450	0.99	-7.903089986991944
458564.235	450	0.995	-7.903089986991944
