S*_score	SNP_num	quantile	log(local_recomb_rate)
112107.778	25	0.5	-7.903089986991944
112822.625	25	0.505	-7.903089986991944
113238.449	25	0.51	-7.903089986991944
113812.6	25	0.515	-7.903089986991944
114834.54	25	0.52	-7.903089986991944
115602.833	25	0.525	-7.903089986991944
116594.292	25	0.53	-7.903089986991944
116711.09	25	0.535	-7.903089986991944
117744.03	25	0.54	-7.903089986991944
117937.44	25	0.545	-7.903089986991944
119534.083	25	0.55	-7.903089986991944
120587.994	25	0.555	-7.903089986991944
120948.16	25	0.56	-7.903089986991944
121484.715	25	0.565	-7.903089986991944
122014.92	25	0.57	-7.903089986991944
122573.0	25	0.575	-7.903089986991944
123029.067	25	0.58	-7.903089986991944
124017.464	25	0.585	-7.903089986991944
124276.8	25	0.59	-7.903089986991944
124931.186	25	0.595	-7.903089986991944
125612.0	25	0.6	-7.903089986991944
126078.86	25	0.605	-7.903089986991944
126417.1	25	0.61	-7.903089986991944
126827.19	25	0.615	-7.903089986991944
128110.0	25	0.62	-7.903089986991944
128708.295	25	0.625	-7.903089986991944
129526.992	25	0.63	-7.903089986991944
129973.767	25	0.635	-7.903089986991944
130522.4	25	0.64	-7.903089986991944
130762.933	25	0.645	-7.903089986991944
130906.667	25	0.65	-7.903089986991944
131550.65	25	0.655	-7.903089986991944
132533.6	25	0.66	-7.903089986991944
132994.4	25	0.665	-7.903089986991944
133331.385	25	0.67	-7.903089986991944
134171.202	25	0.675	-7.903089986991944
134396.8	25	0.68	-7.903089986991944
135049.77	25	0.685	-7.903089986991944
135690.32	25	0.69	-7.903089986991944
136024.415	25	0.695	-7.903089986991944
136892.5	25	0.7	-7.903089986991944
137391.245	25	0.705	-7.903089986991944
137953.574	25	0.71	-7.903089986991944
139439.9	25	0.715	-7.903089986991944
139950.36	25	0.72	-7.903089986991944
140527.831	25	0.725	-7.903089986991944
141139.99	25	0.73	-7.903089986991944
141486.796	25	0.735	-7.903089986991944
141842.516	25	0.74	-7.903089986991944
142297.373	25	0.745	-7.903089986991944
143307.5	25	0.75	-7.903089986991944
143942.78	25	0.755	-7.903089986991944
144620.0	25	0.76	-7.903089986991944
145387.4	25	0.765	-7.903089986991944
145869.261	25	0.77	-7.903089986991944
146510.0	25	0.775	-7.903089986991944
147102.4	25	0.78	-7.903089986991944
147943.046	25	0.785	-7.903089986991944
149031.386	25	0.79	-7.903089986991944
149756.66	25	0.795	-7.903089986991944
150140.0	25	0.8	-7.903089986991944
150533.293	25	0.805	-7.903089986991944
151079.425	25	0.81	-7.903089986991944
151415.65	25	0.815	-7.903089986991944
152134.6	25	0.82	-7.903089986991944
152605.375	25	0.825	-7.903089986991944
153421.469	25	0.83	-7.903089986991944
154585.8	25	0.835	-7.903089986991944
154934.982	25	0.84	-7.903089986991944
156408.745	25	0.845	-7.903089986991944
157553.5	25	0.85	-7.903089986991944
159514.836	25	0.855	-7.903089986991944
159726.0	25	0.86	-7.903089986991944
160331.337	25	0.865	-7.903089986991944
161669.55	25	0.87	-7.903089986991944
163417.5	25	0.875	-7.903089986991944
164442.756	25	0.88	-7.903089986991944
164729.033	25	0.885	-7.903089986991944
166059.433	25	0.89	-7.903089986991944
166695.571	25	0.895	-7.903089986991944
167485.677	25	0.9	-7.903089986991944
168051.611	25	0.905	-7.903089986991944
169001.8	25	0.91	-7.903089986991944
169999.6	25	0.915	-7.903089986991944
171387.2	25	0.92	-7.903089986991944
174291.538	25	0.925	-7.903089986991944
175645.99	25	0.93	-7.903089986991944
175878.0	25	0.935	-7.903089986991944
178130.0	25	0.94	-7.903089986991944
179882.42	25	0.945	-7.903089986991944
180944.714	25	0.95	-7.903089986991944
183011.4	25	0.955	-7.903089986991944
184354.4	25	0.96	-7.903089986991944
186781.194	25	0.965	-7.903089986991944
189739.967	25	0.97	-7.903089986991944
190745.5	25	0.975	-7.903089986991944
193915.6	25	0.98	-7.903089986991944
196915.631	25	0.985	-7.903089986991944
200566.04	25	0.99	-7.903089986991944
204778.047	25	0.995	-7.903089986991944
122443.397	50	0.5	-7.903089986991944
122974.443	50	0.505	-7.903089986991944
123475.845	50	0.51	-7.903089986991944
123993.691	50	0.515	-7.903089986991944
124561.093	50	0.52	-7.903089986991944
124823.952	50	0.525	-7.903089986991944
125135.531	50	0.53	-7.903089986991944
125739.845	50	0.535	-7.903089986991944
126087.64	50	0.54	-7.903089986991944
126815.717	50	0.545	-7.903089986991944
127313.0	50	0.55	-7.903089986991944
128026.749	50	0.555	-7.903089986991944
128926.189	50	0.56	-7.903089986991944
129389.354	50	0.565	-7.903089986991944
129962.82	50	0.57	-7.903089986991944
130640.0	50	0.575	-7.903089986991944
131529.419	50	0.58	-7.903089986991944
131768.429	50	0.585	-7.903089986991944
132179.367	50	0.59	-7.903089986991944
133020.685	50	0.595	-7.903089986991944
133421.0	50	0.6	-7.903089986991944
133767.439	50	0.605	-7.903089986991944
134640.799	50	0.61	-7.903089986991944
135281.45	50	0.615	-7.903089986991944
135750.65	50	0.62	-7.903089986991944
136206.917	50	0.625	-7.903089986991944
136798.829	50	0.63	-7.903089986991944
137332.6	50	0.635	-7.903089986991944
137613.56	50	0.64	-7.903089986991944
138159.942	50	0.645	-7.903089986991944
138774.49	50	0.65	-7.903089986991944
139232.97	50	0.655	-7.903089986991944
139468.12	50	0.66	-7.903089986991944
139971.125	50	0.665	-7.903089986991944
140486.338	50	0.67	-7.903089986991944
141693.167	50	0.675	-7.903089986991944
142166.297	50	0.68	-7.903089986991944
142570.555	50	0.685	-7.903089986991944
142938.7	50	0.69	-7.903089986991944
143248.503	50	0.695	-7.903089986991944
144103.077	50	0.7	-7.903089986991944
144631.551	50	0.705	-7.903089986991944
145131.177	50	0.71	-7.903089986991944
145602.036	50	0.715	-7.903089986991944
145933.81	50	0.72	-7.903089986991944
146277.506	50	0.725	-7.903089986991944
146790.974	50	0.73	-7.903089986991944
147441.014	50	0.735	-7.903089986991944
148541.76	50	0.74	-7.903089986991944
148756.674	50	0.745	-7.903089986991944
149172.5	50	0.75	-7.903089986991944
149621.794	50	0.755	-7.903089986991944
150648.738	50	0.76	-7.903089986991944
151296.321	50	0.765	-7.903089986991944
152201.712	50	0.77	-7.903089986991944
152932.196	50	0.775	-7.903089986991944
153480.944	50	0.78	-7.903089986991944
154054.351	50	0.785	-7.903089986991944
154491.508	50	0.79	-7.903089986991944
154835.657	50	0.795	-7.903089986991944
155555.247	50	0.8	-7.903089986991944
155992.125	50	0.805	-7.903089986991944
156387.153	50	0.81	-7.903089986991944
157007.611	50	0.815	-7.903089986991944
157609.36	50	0.82	-7.903089986991944
158326.405	50	0.825	-7.903089986991944
158623.539	50	0.83	-7.903089986991944
159371.429	50	0.835	-7.903089986991944
160022.856	50	0.84	-7.903089986991944
160488.703	50	0.845	-7.903089986991944
162289.005	50	0.85	-7.903089986991944
163185.75	50	0.855	-7.903089986991944
163874.211	50	0.86	-7.903089986991944
164863.35	50	0.865	-7.903089986991944
165631.3	50	0.87	-7.903089986991944
166687.991	50	0.875	-7.903089986991944
167955.173	50	0.88	-7.903089986991944
168835.486	50	0.885	-7.903089986991944
169388.067	50	0.89	-7.903089986991944
170424.211	50	0.895	-7.903089986991944
171443.0	50	0.9	-7.903089986991944
173682.0	50	0.905	-7.903089986991944
174654.629	50	0.91	-7.903089986991944
175780.271	50	0.915	-7.903089986991944
177100.133	50	0.92	-7.903089986991944
177661.909	50	0.925	-7.903089986991944
179188.7	50	0.93	-7.903089986991944
180068.086	50	0.935	-7.903089986991944
181156.6	50	0.94	-7.903089986991944
182311.229	50	0.945	-7.903089986991944
183618.9	50	0.95	-7.903089986991944
185003.0	50	0.955	-7.903089986991944
188042.32	50	0.96	-7.903089986991944
189647.801	50	0.965	-7.903089986991944
192213.4	50	0.97	-7.903089986991944
197358.75	50	0.975	-7.903089986991944
199561.057	50	0.98	-7.903089986991944
207522.037	50	0.985	-7.903089986991944
210885.4	50	0.99	-7.903089986991944
217597.457	50	0.995	-7.903089986991944
134964.385	75	0.5	-7.903089986991944
135556.585	75	0.505	-7.903089986991944
135928.531	75	0.51	-7.903089986991944
136337.34	75	0.515	-7.903089986991944
137055.422	75	0.52	-7.903089986991944
137690.65	75	0.525	-7.903089986991944
138023.649	75	0.53	-7.903089986991944
138269.765	75	0.535	-7.903089986991944
138685.7	75	0.54	-7.903089986991944
138971.691	75	0.545	-7.903089986991944
139462.286	75	0.55	-7.903089986991944
140047.071	75	0.555	-7.903089986991944
140227.262	75	0.56	-7.903089986991944
140695.202	75	0.565	-7.903089986991944
141443.417	75	0.57	-7.903089986991944
141861.3	75	0.575	-7.903089986991944
142569.52	75	0.58	-7.903089986991944
143432.21	75	0.585	-7.903089986991944
143814.035	75	0.59	-7.903089986991944
144151.086	75	0.595	-7.903089986991944
145057.815	75	0.6	-7.903089986991944
145406.769	75	0.605	-7.903089986991944
145870.903	75	0.61	-7.903089986991944
146265.45	75	0.615	-7.903089986991944
147521.942	75	0.62	-7.903089986991944
147839.729	75	0.625	-7.903089986991944
148359.335	75	0.63	-7.903089986991944
148979.398	75	0.635	-7.903089986991944
149521.034	75	0.64	-7.903089986991944
149818.332	75	0.645	-7.903089986991944
150186.847	75	0.65	-7.903089986991944
150672.082	75	0.655	-7.903089986991944
151247.892	75	0.66	-7.903089986991944
151653.773	75	0.665	-7.903089986991944
152216.183	75	0.67	-7.903089986991944
153076.262	75	0.675	-7.903089986991944
154085.867	75	0.68	-7.903089986991944
154285.192	75	0.685	-7.903089986991944
154552.539	75	0.69	-7.903089986991944
155226.998	75	0.695	-7.903089986991944
155566.1	75	0.7	-7.903089986991944
156460.433	75	0.705	-7.903089986991944
156794.007	75	0.71	-7.903089986991944
157043.563	75	0.715	-7.903089986991944
157895.2	75	0.72	-7.903089986991944
158362.387	75	0.725	-7.903089986991944
159211.09	75	0.73	-7.903089986991944
159590.733	75	0.735	-7.903089986991944
159817.681	75	0.74	-7.903089986991944
160459.964	75	0.745	-7.903089986991944
161016.259	75	0.75	-7.903089986991944
161203.588	75	0.755	-7.903089986991944
162133.44	75	0.76	-7.903089986991944
162758.015	75	0.765	-7.903089986991944
163259.035	75	0.77	-7.903089986991944
163664.734	75	0.775	-7.903089986991944
163938.855	75	0.78	-7.903089986991944
164860.387	75	0.785	-7.903089986991944
165285.685	75	0.79	-7.903089986991944
166564.186	75	0.795	-7.903089986991944
167036.0	75	0.8	-7.903089986991944
167478.443	75	0.805	-7.903089986991944
167802.868	75	0.81	-7.903089986991944
168427.143	75	0.815	-7.903089986991944
169115.582	75	0.82	-7.903089986991944
170037.446	75	0.825	-7.903089986991944
170398.532	75	0.83	-7.903089986991944
171269.75	75	0.835	-7.903089986991944
171553.733	75	0.84	-7.903089986991944
171814.95	75	0.845	-7.903089986991944
172761.684	75	0.85	-7.903089986991944
173605.009	75	0.855	-7.903089986991944
174395.416	75	0.86	-7.903089986991944
175221.247	75	0.865	-7.903089986991944
175453.868	75	0.87	-7.903089986991944
176597.837	75	0.875	-7.903089986991944
177624.858	75	0.88	-7.903089986991944
178920.194	75	0.885	-7.903089986991944
180165.745	75	0.89	-7.903089986991944
181642.621	75	0.895	-7.903089986991944
183031.0	75	0.9	-7.903089986991944
184681.869	75	0.905	-7.903089986991944
185664.8	75	0.91	-7.903089986991944
186778.786	75	0.915	-7.903089986991944
188513.842	75	0.92	-7.903089986991944
189274.684	75	0.925	-7.903089986991944
190437.843	75	0.93	-7.903089986991944
194266.893	75	0.935	-7.903089986991944
197308.18	75	0.94	-7.903089986991944
199116.18	75	0.945	-7.903089986991944
201265.024	75	0.95	-7.903089986991944
203141.557	75	0.955	-7.903089986991944
207106.4	75	0.96	-7.903089986991944
211019.279	75	0.965	-7.903089986991944
213441.845	75	0.97	-7.903089986991944
218185.731	75	0.975	-7.903089986991944
223677.575	75	0.98	-7.903089986991944
230387.371	75	0.985	-7.903089986991944
245602.266	75	0.99	-7.903089986991944
270038.514	75	0.995	-7.903089986991944
149223.571	100	0.5	-7.903089986991944
149645.86	100	0.505	-7.903089986991944
150333.92	100	0.51	-7.903089986991944
150700.613	100	0.515	-7.903089986991944
151402.838	100	0.52	-7.903089986991944
151929.743	100	0.525	-7.903089986991944
152137.474	100	0.53	-7.903089986991944
152389.87	100	0.535	-7.903089986991944
153432.044	100	0.54	-7.903089986991944
154276.505	100	0.545	-7.903089986991944
154611.473	100	0.55	-7.903089986991944
155087.866	100	0.555	-7.903089986991944
155616.0	100	0.56	-7.903089986991944
156007.211	100	0.565	-7.903089986991944
156805.108	100	0.57	-7.903089986991944
156962.477	100	0.575	-7.903089986991944
157368.466	100	0.58	-7.903089986991944
157771.909	100	0.585	-7.903089986991944
158539.029	100	0.59	-7.903089986991944
159078.504	100	0.595	-7.903089986991944
159711.086	100	0.6	-7.903089986991944
159970.971	100	0.605	-7.903089986991944
160777.503	100	0.61	-7.903089986991944
160958.64	100	0.615	-7.903089986991944
161208.16	100	0.62	-7.903089986991944
161365.455	100	0.625	-7.903089986991944
161653.657	100	0.63	-7.903089986991944
162050.571	100	0.635	-7.903089986991944
162421.479	100	0.64	-7.903089986991944
162892.727	100	0.645	-7.903089986991944
163228.547	100	0.65	-7.903089986991944
163610.44	100	0.655	-7.903089986991944
164655.983	100	0.66	-7.903089986991944
165336.4	100	0.665	-7.903089986991944
166058.14	100	0.67	-7.903089986991944
166456.183	100	0.675	-7.903089986991944
167069.92	100	0.68	-7.903089986991944
167661.429	100	0.685	-7.903089986991944
168183.27	100	0.69	-7.903089986991944
169480.596	100	0.695	-7.903089986991944
169759.467	100	0.7	-7.903089986991944
170418.846	100	0.705	-7.903089986991944
171103.429	100	0.71	-7.903089986991944
171744.615	100	0.715	-7.903089986991944
172244.769	100	0.72	-7.903089986991944
173213.762	100	0.725	-7.903089986991944
173486.872	100	0.73	-7.903089986991944
173997.067	100	0.735	-7.903089986991944
174425.254	100	0.74	-7.903089986991944
175154.409	100	0.745	-7.903089986991944
175520.0	100	0.75	-7.903089986991944
176067.314	100	0.755	-7.903089986991944
176497.305	100	0.76	-7.903089986991944
176741.547	100	0.765	-7.903089986991944
177187.543	100	0.77	-7.903089986991944
178081.714	100	0.775	-7.903089986991944
178820.791	100	0.78	-7.903089986991944
179183.795	100	0.785	-7.903089986991944
179934.092	100	0.79	-7.903089986991944
180464.209	100	0.795	-7.903089986991944
180769.319	100	0.8	-7.903089986991944
181470.0	100	0.805	-7.903089986991944
182147.057	100	0.81	-7.903089986991944
183423.52	100	0.815	-7.903089986991944
184484.114	100	0.82	-7.903089986991944
184880.8	100	0.825	-7.903089986991944
185822.266	100	0.83	-7.903089986991944
186461.714	100	0.835	-7.903089986991944
187161.34	100	0.84	-7.903089986991944
187801.349	100	0.845	-7.903089986991944
188543.429	100	0.85	-7.903089986991944
188827.509	100	0.855	-7.903089986991944
189425.745	100	0.86	-7.903089986991944
191351.771	100	0.865	-7.903089986991944
192058.545	100	0.87	-7.903089986991944
192968.571	100	0.875	-7.903089986991944
193360.19	100	0.88	-7.903089986991944
194035.493	100	0.885	-7.903089986991944
194279.148	100	0.89	-7.903089986991944
195172.748	100	0.895	-7.903089986991944
197053.686	100	0.9	-7.903089986991944
198285.394	100	0.905	-7.903089986991944
200016.0	100	0.91	-7.903089986991944
201130.467	100	0.915	-7.903089986991944
202348.308	100	0.92	-7.903089986991944
202916.0	100	0.925	-7.903089986991944
204416.8	100	0.93	-7.903089986991944
208142.88	100	0.935	-7.903089986991944
208924.8	100	0.94	-7.903089986991944
210873.908	100	0.945	-7.903089986991944
213010.871	100	0.95	-7.903089986991944
216453.134	100	0.955	-7.903089986991944
217962.878	100	0.96	-7.903089986991944
222247.808	100	0.965	-7.903089986991944
225973.486	100	0.97	-7.903089986991944
233232.132	100	0.975	-7.903089986991944
240240.123	100	0.98	-7.903089986991944
253455.314	100	0.985	-7.903089986991944
257065.543	100	0.99	-7.903089986991944
267449.128	100	0.995	-7.903089986991944
163840.255	125	0.5	-7.903089986991944
164096.468	125	0.505	-7.903089986991944
164682.571	125	0.51	-7.903089986991944
165032.805	125	0.515	-7.903089986991944
165466.695	125	0.52	-7.903089986991944
166080.838	125	0.525	-7.903089986991944
166531.7	125	0.53	-7.903089986991944
166742.821	125	0.535	-7.903089986991944
167093.545	125	0.54	-7.903089986991944
167726.357	125	0.545	-7.903089986991944
168123.929	125	0.55	-7.903089986991944
168542.55	125	0.555	-7.903089986991944
168798.444	125	0.56	-7.903089986991944
169115.338	125	0.565	-7.903089986991944
169730.747	125	0.57	-7.903089986991944
170321.906	125	0.575	-7.903089986991944
170620.5	125	0.58	-7.903089986991944
171100.115	125	0.585	-7.903089986991944
171365.115	125	0.59	-7.903089986991944
171719.679	125	0.595	-7.903089986991944
172508.417	125	0.6	-7.903089986991944
172958.188	125	0.605	-7.903089986991944
173241.346	125	0.61	-7.903089986991944
173600.143	125	0.615	-7.903089986991944
174282.143	125	0.62	-7.903089986991944
174703.076	125	0.625	-7.903089986991944
175232.362	125	0.63	-7.903089986991944
175486.964	125	0.635	-7.903089986991944
176289.914	125	0.64	-7.903089986991944
177216.041	125	0.645	-7.903089986991944
177462.308	125	0.65	-7.903089986991944
178318.518	125	0.655	-7.903089986991944
178689.0	125	0.66	-7.903089986991944
178860.964	125	0.665	-7.903089986991944
179028.5	125	0.67	-7.903089986991944
179381.907	125	0.675	-7.903089986991944
180125.187	125	0.68	-7.903089986991944
180648.78	125	0.685	-7.903089986991944
180871.214	125	0.69	-7.903089986991944
181617.714	125	0.695	-7.903089986991944
182134.799	125	0.7	-7.903089986991944
182894.299	125	0.705	-7.903089986991944
183514.362	125	0.71	-7.903089986991944
184162.01	125	0.715	-7.903089986991944
184557.143	125	0.72	-7.903089986991944
185192.819	125	0.725	-7.903089986991944
185823.085	125	0.73	-7.903089986991944
186274.012	125	0.735	-7.903089986991944
187030.677	125	0.74	-7.903089986991944
187364.02	125	0.745	-7.903089986991944
187545.714	125	0.75	-7.903089986991944
187916.607	125	0.755	-7.903089986991944
188173.314	125	0.76	-7.903089986991944
189090.5	125	0.765	-7.903089986991944
190164.472	125	0.77	-7.903089986991944
190856.134	125	0.775	-7.903089986991944
191953.264	125	0.78	-7.903089986991944
192427.25	125	0.785	-7.903089986991944
193223.073	125	0.79	-7.903089986991944
194273.534	125	0.795	-7.903089986991944
194910.231	125	0.8	-7.903089986991944
195838.421	125	0.805	-7.903089986991944
196586.012	125	0.81	-7.903089986991944
197060.107	125	0.815	-7.903089986991944
197185.736	125	0.82	-7.903089986991944
197443.958	125	0.825	-7.903089986991944
197908.723	125	0.83	-7.903089986991944
199229.786	125	0.835	-7.903089986991944
199669.363	125	0.84	-7.903089986991944
200336.034	125	0.845	-7.903089986991944
200549.679	125	0.85	-7.903089986991944
200840.111	125	0.855	-7.903089986991944
201455.612	125	0.86	-7.903089986991944
202171.818	125	0.865	-7.903089986991944
203015.693	125	0.87	-7.903089986991944
203775.0	125	0.875	-7.903089986991944
205074.857	125	0.88	-7.903089986991944
205929.595	125	0.885	-7.903089986991944
206207.258	125	0.89	-7.903089986991944
207483.519	125	0.895	-7.903089986991944
209428.375	125	0.9	-7.903089986991944
211041.502	125	0.905	-7.903089986991944
212988.525	125	0.91	-7.903089986991944
213721.388	125	0.915	-7.903089986991944
214642.257	125	0.92	-7.903089986991944
215576.696	125	0.925	-7.903089986991944
217038.529	125	0.93	-7.903089986991944
219092.679	125	0.935	-7.903089986991944
221750.5	125	0.94	-7.903089986991944
225341.154	125	0.945	-7.903089986991944
227358.768	125	0.95	-7.903089986991944
228527.882	125	0.955	-7.903089986991944
229916.564	125	0.96	-7.903089986991944
231085.286	125	0.965	-7.903089986991944
234123.214	125	0.97	-7.903089986991944
239909.356	125	0.975	-7.903089986991944
247581.857	125	0.98	-7.903089986991944
259850.31	125	0.985	-7.903089986991944
271355.914	125	0.99	-7.903089986991944
279882.946	125	0.995	-7.903089986991944
176025.714	150	0.5	-7.903089986991944
176340.377	150	0.505	-7.903089986991944
176770.935	150	0.51	-7.903089986991944
177021.02	150	0.515	-7.903089986991944
177434.972	150	0.52	-7.903089986991944
177642.286	150	0.525	-7.903089986991944
178387.129	150	0.53	-7.903089986991944
179407.043	150	0.535	-7.903089986991944
179723.6	150	0.54	-7.903089986991944
179972.259	150	0.545	-7.903089986991944
180529.429	150	0.55	-7.903089986991944
181022.029	150	0.555	-7.903089986991944
181400.353	150	0.56	-7.903089986991944
181765.857	150	0.565	-7.903089986991944
182058.514	150	0.57	-7.903089986991944
182541.286	150	0.575	-7.903089986991944
182942.026	150	0.58	-7.903089986991944
183548.331	150	0.585	-7.903089986991944
183998.629	150	0.59	-7.903089986991944
184581.999	150	0.595	-7.903089986991944
185109.238	150	0.6	-7.903089986991944
185448.875	150	0.605	-7.903089986991944
185960.7	150	0.61	-7.903089986991944
186111.557	150	0.615	-7.903089986991944
186542.907	150	0.62	-7.903089986991944
186888.857	150	0.625	-7.903089986991944
187324.189	150	0.63	-7.903089986991944
187750.514	150	0.635	-7.903089986991944
188501.156	150	0.64	-7.903089986991944
188845.607	150	0.645	-7.903089986991944
189213.629	150	0.65	-7.903089986991944
189338.554	150	0.655	-7.903089986991944
190025.264	150	0.66	-7.903089986991944
190292.457	150	0.665	-7.903089986991944
190684.057	150	0.67	-7.903089986991944
191411.048	150	0.675	-7.903089986991944
192410.255	150	0.68	-7.903089986991944
192935.46	150	0.685	-7.903089986991944
193027.262	150	0.69	-7.903089986991944
193467.62	150	0.695	-7.903089986991944
193619.086	150	0.7	-7.903089986991944
194095.295	150	0.705	-7.903089986991944
194318.8	150	0.71	-7.903089986991944
195002.2	150	0.715	-7.903089986991944
196027.341	150	0.72	-7.903089986991944
196304.993	150	0.725	-7.903089986991944
196741.72	150	0.73	-7.903089986991944
197380.353	150	0.735	-7.903089986991944
197830.634	150	0.74	-7.903089986991944
199041.185	150	0.745	-7.903089986991944
200118.571	150	0.75	-7.903089986991944
200703.38	150	0.755	-7.903089986991944
201210.02	150	0.76	-7.903089986991944
201784.847	150	0.765	-7.903089986991944
202093.554	150	0.77	-7.903089986991944
202608.007	150	0.775	-7.903089986991944
203378.211	150	0.78	-7.903089986991944
203626.8	150	0.785	-7.903089986991944
205198.614	150	0.79	-7.903089986991944
205928.471	150	0.795	-7.903089986991944
206524.835	150	0.8	-7.903089986991944
207343.571	150	0.805	-7.903089986991944
208072.743	150	0.81	-7.903089986991944
208493.6	150	0.815	-7.903089986991944
208902.074	150	0.82	-7.903089986991944
209323.286	150	0.825	-7.903089986991944
209757.463	150	0.83	-7.903089986991944
210720.543	150	0.835	-7.903089986991944
211582.949	150	0.84	-7.903089986991944
212190.062	150	0.845	-7.903089986991944
213745.557	150	0.85	-7.903089986991944
214812.143	150	0.855	-7.903089986991944
215386.423	150	0.86	-7.903089986991944
216274.771	150	0.865	-7.903089986991944
216930.8	150	0.87	-7.903089986991944
217985.714	150	0.875	-7.903089986991944
219689.983	150	0.88	-7.903089986991944
220778.745	150	0.885	-7.903089986991944
221868.687	150	0.89	-7.903089986991944
223561.944	150	0.895	-7.903089986991944
224161.023	150	0.9	-7.903089986991944
224896.133	150	0.905	-7.903089986991944
227544.206	150	0.91	-7.903089986991944
228708.4	150	0.915	-7.903089986991944
229525.6	150	0.92	-7.903089986991944
230740.143	150	0.925	-7.903089986991944
231743.926	150	0.93	-7.903089986991944
233707.596	150	0.935	-7.903089986991944
235231.516	150	0.94	-7.903089986991944
238121.857	150	0.945	-7.903089986991944
239555.429	150	0.95	-7.903089986991944
243546.34	150	0.955	-7.903089986991944
246704.667	150	0.96	-7.903089986991944
250070.617	150	0.965	-7.903089986991944
258699.086	150	0.97	-7.903089986991944
264880.5	150	0.975	-7.903089986991944
273595.897	150	0.98	-7.903089986991944
285030.171	150	0.985	-7.903089986991944
298818.154	150	0.99	-7.903089986991944
317317.314	150	0.995	-7.903089986991944
188112.308	175	0.5	-7.903089986991944
188871.43	175	0.505	-7.903089986991944
189674.074	175	0.51	-7.903089986991944
190080.286	175	0.515	-7.903089986991944
190417.034	175	0.52	-7.903089986991944
190638.632	175	0.525	-7.903089986991944
190940.878	175	0.53	-7.903089986991944
191126.2	175	0.535	-7.903089986991944
191808.451	175	0.54	-7.903089986991944
192364.523	175	0.545	-7.903089986991944
192813.904	175	0.55	-7.903089986991944
193481.123	175	0.555	-7.903089986991944
193961.657	175	0.56	-7.903089986991944
194263.443	175	0.565	-7.903089986991944
194912.086	175	0.57	-7.903089986991944
195117.929	175	0.575	-7.903089986991944
195634.308	175	0.58	-7.903089986991944
196215.955	175	0.585	-7.903089986991944
196695.946	175	0.59	-7.903089986991944
197098.844	175	0.595	-7.903089986991944
197362.286	175	0.6	-7.903089986991944
197676.729	175	0.605	-7.903089986991944
198090.943	175	0.61	-7.903089986991944
198320.167	175	0.615	-7.903089986991944
198930.494	175	0.62	-7.903089986991944
199499.357	175	0.625	-7.903089986991944
200186.697	175	0.63	-7.903089986991944
200531.311	175	0.635	-7.903089986991944
200799.506	175	0.64	-7.903089986991944
201229.271	175	0.645	-7.903089986991944
201717.976	175	0.65	-7.903089986991944
201943.98	175	0.655	-7.903089986991944
202564.857	175	0.66	-7.903089986991944
203008.01	175	0.665	-7.903089986991944
203558.077	175	0.67	-7.903089986991944
204254.525	175	0.675	-7.903089986991944
204760.02	175	0.68	-7.903089986991944
204936.612	175	0.685	-7.903089986991944
205510.927	175	0.69	-7.903089986991944
206199.431	175	0.695	-7.903089986991944
206466.314	175	0.7	-7.903089986991944
206874.69	175	0.705	-7.903089986991944
207191.514	175	0.71	-7.903089986991944
207535.464	175	0.715	-7.903089986991944
208385.893	175	0.72	-7.903089986991944
208956.286	175	0.725	-7.903089986991944
209754.886	175	0.73	-7.903089986991944
210296.709	175	0.735	-7.903089986991944
210541.726	175	0.74	-7.903089986991944
210825.8	175	0.745	-7.903089986991944
211224.25	175	0.75	-7.903089986991944
212118.057	175	0.755	-7.903089986991944
212270.4	175	0.76	-7.903089986991944
212927.509	175	0.765	-7.903089986991944
213613.136	175	0.77	-7.903089986991944
215158.136	175	0.775	-7.903089986991944
215919.074	175	0.78	-7.903089986991944
216786.884	175	0.785	-7.903089986991944
218320.14	175	0.79	-7.903089986991944
219539.542	175	0.795	-7.903089986991944
219826.586	175	0.8	-7.903089986991944
220260.885	175	0.805	-7.903089986991944
221504.4	175	0.81	-7.903089986991944
222466.6	175	0.815	-7.903089986991944
223124.351	175	0.82	-7.903089986991944
223989.35	175	0.825	-7.903089986991944
224920.538	175	0.83	-7.903089986991944
225564.224	175	0.835	-7.903089986991944
226077.96	175	0.84	-7.903089986991944
227070.257	175	0.845	-7.903089986991944
227371.825	175	0.85	-7.903089986991944
228273.499	175	0.855	-7.903089986991944
229927.697	175	0.86	-7.903089986991944
230370.502	175	0.865	-7.903089986991944
231007.47	175	0.87	-7.903089986991944
231281.786	175	0.875	-7.903089986991944
231950.903	175	0.88	-7.903089986991944
232452.843	175	0.885	-7.903089986991944
232837.481	175	0.89	-7.903089986991944
234091.121	175	0.895	-7.903089986991944
235106.114	175	0.9	-7.903089986991944
236818.2	175	0.905	-7.903089986991944
238245.153	175	0.91	-7.903089986991944
240140.759	175	0.915	-7.903089986991944
241174.182	175	0.92	-7.903089986991944
242805.543	175	0.925	-7.903089986991944
245911.867	175	0.93	-7.903089986991944
247387.518	175	0.935	-7.903089986991944
249003.015	175	0.94	-7.903089986991944
250562.114	175	0.945	-7.903089986991944
253904.429	175	0.95	-7.903089986991944
256029.862	175	0.955	-7.903089986991944
261717.306	175	0.96	-7.903089986991944
267600.284	175	0.965	-7.903089986991944
272487.524	175	0.97	-7.903089986991944
280300.821	175	0.975	-7.903089986991944
291251.771	175	0.98	-7.903089986991944
298367.001	175	0.985	-7.903089986991944
314879.486	175	0.99	-7.903089986991944
336754.486	175	0.995	-7.903089986991944
198819.286	200	0.5	-7.903089986991944
199428.079	200	0.505	-7.903089986991944
199740.251	200	0.51	-7.903089986991944
200461.028	200	0.515	-7.903089986991944
200983.234	200	0.52	-7.903089986991944
201782.179	200	0.525	-7.903089986991944
202100.386	200	0.53	-7.903089986991944
202721.686	200	0.535	-7.903089986991944
203080.16	200	0.54	-7.903089986991944
203568.743	200	0.545	-7.903089986991944
203989.486	200	0.55	-7.903089986991944
204317.007	200	0.555	-7.903089986991944
204909.009	200	0.56	-7.903089986991944
205498.539	200	0.565	-7.903089986991944
205692.731	200	0.57	-7.903089986991944
206121.673	200	0.575	-7.903089986991944
206366.549	200	0.58	-7.903089986991944
207021.969	200	0.585	-7.903089986991944
207189.715	200	0.59	-7.903089986991944
207811.007	200	0.595	-7.903089986991944
208302.686	200	0.6	-7.903089986991944
208732.071	200	0.605	-7.903089986991944
209169.353	200	0.61	-7.903089986991944
209572.795	200	0.615	-7.903089986991944
209961.856	200	0.62	-7.903089986991944
210376.793	200	0.625	-7.903089986991944
210990.454	200	0.63	-7.903089986991944
211643.319	200	0.635	-7.903089986991944
212262.781	200	0.64	-7.903089986991944
212512.816	200	0.645	-7.903089986991944
212945.357	200	0.65	-7.903089986991944
213302.086	200	0.655	-7.903089986991944
213789.554	200	0.66	-7.903089986991944
214166.321	200	0.665	-7.903089986991944
215000.297	200	0.67	-7.903089986991944
215579.552	200	0.675	-7.903089986991944
215750.137	200	0.68	-7.903089986991944
216012.887	200	0.685	-7.903089986991944
216278.661	200	0.69	-7.903089986991944
216595.35	200	0.695	-7.903089986991944
217277.243	200	0.7	-7.903089986991944
217740.136	200	0.705	-7.903089986991944
217896.649	200	0.71	-7.903089986991944
218266.616	200	0.715	-7.903089986991944
218742.4	200	0.72	-7.903089986991944
219675.071	200	0.725	-7.903089986991944
220656.176	200	0.73	-7.903089986991944
221582.688	200	0.735	-7.903089986991944
221726.424	200	0.74	-7.903089986991944
222524.89	200	0.745	-7.903089986991944
223338.107	200	0.75	-7.903089986991944
223752.188	200	0.755	-7.903089986991944
224347.086	200	0.76	-7.903089986991944
224528.393	200	0.765	-7.903089986991944
225150.204	200	0.77	-7.903089986991944
225654.964	200	0.775	-7.903089986991944
226651.976	200	0.78	-7.903089986991944
227850.197	200	0.785	-7.903089986991944
228209.0	200	0.79	-7.903089986991944
228906.694	200	0.795	-7.903089986991944
229801.714	200	0.8	-7.903089986991944
230607.614	200	0.805	-7.903089986991944
231151.914	200	0.81	-7.903089986991944
232088.992	200	0.815	-7.903089986991944
232507.441	200	0.82	-7.903089986991944
233364.179	200	0.825	-7.903089986991944
234096.444	200	0.83	-7.903089986991944
235215.971	200	0.835	-7.903089986991944
235824.571	200	0.84	-7.903089986991944
236617.951	200	0.845	-7.903089986991944
237110.576	200	0.85	-7.903089986991944
237896.953	200	0.855	-7.903089986991944
238727.857	200	0.86	-7.903089986991944
239848.838	200	0.865	-7.903089986991944
240998.843	200	0.87	-7.903089986991944
242350.833	200	0.875	-7.903089986991944
243109.829	200	0.88	-7.903089986991944
244553.343	200	0.885	-7.903089986991944
245602.705	200	0.89	-7.903089986991944
247520.221	200	0.895	-7.903089986991944
249185.571	200	0.9	-7.903089986991944
250715.547	200	0.905	-7.903089986991944
252390.113	200	0.91	-7.903089986991944
255553.341	200	0.915	-7.903089986991944
257166.28	200	0.92	-7.903089986991944
260245.591	200	0.925	-7.903089986991944
261559.75	200	0.93	-7.903089986991944
262832.552	200	0.935	-7.903089986991944
265334.371	200	0.94	-7.903089986991944
270413.953	200	0.945	-7.903089986991944
274992.048	200	0.95	-7.903089986991944
276470.136	200	0.955	-7.903089986991944
282002.983	200	0.96	-7.903089986991944
286026.05	200	0.965	-7.903089986991944
293080.451	200	0.97	-7.903089986991944
296782.857	200	0.975	-7.903089986991944
306525.0	200	0.98	-7.903089986991944
321538.821	200	0.985	-7.903089986991944
344902.486	200	0.99	-7.903089986991944
386986.363	200	0.995	-7.903089986991944
207817.071	225	0.5	-7.903089986991944
208316.979	225	0.505	-7.903089986991944
208930.841	225	0.51	-7.903089986991944
209267.352	225	0.515	-7.903089986991944
209858.017	225	0.52	-7.903089986991944
210294.893	225	0.525	-7.903089986991944
210441.131	225	0.53	-7.903089986991944
210651.057	225	0.535	-7.903089986991944
211012.834	225	0.54	-7.903089986991944
211310.803	225	0.545	-7.903089986991944
211798.312	225	0.55	-7.903089986991944
212172.557	225	0.555	-7.903089986991944
212557.117	225	0.56	-7.903089986991944
213097.576	225	0.565	-7.903089986991944
213430.771	225	0.57	-7.903089986991944
214114.464	225	0.575	-7.903089986991944
214770.671	225	0.58	-7.903089986991944
215038.705	225	0.585	-7.903089986991944
215885.37	225	0.59	-7.903089986991944
216333.351	225	0.595	-7.903089986991944
216886.286	225	0.6	-7.903089986991944
217187.884	225	0.605	-7.903089986991944
217712.586	225	0.61	-7.903089986991944
218405.413	225	0.615	-7.903089986991944
218916.371	225	0.62	-7.903089986991944
219608.571	225	0.625	-7.903089986991944
220050.812	225	0.63	-7.903089986991944
220488.983	225	0.635	-7.903089986991944
221290.974	225	0.64	-7.903089986991944
221753.029	225	0.645	-7.903089986991944
222333.45	225	0.65	-7.903089986991944
222643.025	225	0.655	-7.903089986991944
223133.149	225	0.66	-7.903089986991944
223590.61	225	0.665	-7.903089986991944
223919.748	225	0.67	-7.903089986991944
224516.393	225	0.675	-7.903089986991944
225202.594	225	0.68	-7.903089986991944
225850.831	225	0.685	-7.903089986991944
226437.286	225	0.69	-7.903089986991944
227241.064	225	0.695	-7.903089986991944
227647.571	225	0.7	-7.903089986991944
228014.793	225	0.705	-7.903089986991944
228396.371	225	0.71	-7.903089986991944
228893.95	225	0.715	-7.903089986991944
229654.874	225	0.72	-7.903089986991944
230004.305	225	0.725	-7.903089986991944
230368.061	225	0.73	-7.903089986991944
230963.476	225	0.735	-7.903089986991944
231525.28	225	0.74	-7.903089986991944
231891.718	225	0.745	-7.903089986991944
232306.668	225	0.75	-7.903089986991944
233305.893	225	0.755	-7.903089986991944
234485.697	225	0.76	-7.903089986991944
234907.124	225	0.765	-7.903089986991944
235504.5	225	0.77	-7.903089986991944
236245.604	225	0.775	-7.903089986991944
236708.2	225	0.78	-7.903089986991944
237583.551	225	0.785	-7.903089986991944
238284.476	225	0.79	-7.903089986991944
238962.664	225	0.795	-7.903089986991944
239955.429	225	0.8	-7.903089986991944
241042.236	225	0.805	-7.903089986991944
241958.932	225	0.81	-7.903089986991944
243495.871	225	0.815	-7.903089986991944
244741.229	225	0.82	-7.903089986991944
245579.275	225	0.825	-7.903089986991944
246567.243	225	0.83	-7.903089986991944
247234.594	225	0.835	-7.903089986991944
248216.783	225	0.84	-7.903089986991944
248590.318	225	0.845	-7.903089986991944
249785.214	225	0.85	-7.903089986991944
251395.564	225	0.855	-7.903089986991944
252211.2	225	0.86	-7.903089986991944
253961.0	225	0.865	-7.903089986991944
255477.964	225	0.87	-7.903089986991944
256854.652	225	0.875	-7.903089986991944
257350.371	225	0.88	-7.903089986991944
259405.229	225	0.885	-7.903089986991944
261540.057	225	0.89	-7.903089986991944
263706.394	225	0.895	-7.903089986991944
265876.143	225	0.9	-7.903089986991944
267455.857	225	0.905	-7.903089986991944
269760.186	225	0.91	-7.903089986991944
271818.625	225	0.915	-7.903089986991944
273496.257	225	0.92	-7.903089986991944
275864.714	225	0.925	-7.903089986991944
278612.439	225	0.93	-7.903089986991944
279650.924	225	0.935	-7.903089986991944
282118.714	225	0.94	-7.903089986991944
285440.429	225	0.945	-7.903089986991944
289057.9	225	0.95	-7.903089986991944
295007.025	225	0.955	-7.903089986991944
296711.58	225	0.96	-7.903089986991944
304785.086	225	0.965	-7.903089986991944
308333.705	225	0.97	-7.903089986991944
318370.711	225	0.975	-7.903089986991944
325932.313	225	0.98	-7.903089986991944
344471.763	225	0.985	-7.903089986991944
372180.25	225	0.99	-7.903089986991944
395544.118	225	0.995	-7.903089986991944
213707.357	250	0.5	-7.903089986991944
214938.564	250	0.505	-7.903089986991944
215804.44	250	0.51	-7.903089986991944
216118.273	250	0.515	-7.903089986991944
216964.069	250	0.52	-7.903089986991944
217771.821	250	0.525	-7.903089986991944
218509.778	250	0.53	-7.903089986991944
218863.624	250	0.535	-7.903089986991944
219393.82	250	0.54	-7.903089986991944
219627.508	250	0.545	-7.903089986991944
219961.039	250	0.55	-7.903089986991944
220386.404	250	0.555	-7.903089986991944
220801.117	250	0.56	-7.903089986991944
221676.793	250	0.565	-7.903089986991944
222173.364	250	0.57	-7.903089986991944
222614.929	250	0.575	-7.903089986991944
223257.154	250	0.58	-7.903089986991944
223762.664	250	0.585	-7.903089986991944
224169.126	250	0.59	-7.903089986991944
224416.543	250	0.595	-7.903089986991944
224551.714	250	0.6	-7.903089986991944
225233.05	250	0.605	-7.903089986991944
225547.771	250	0.61	-7.903089986991944
226177.231	250	0.615	-7.903089986991944
226801.844	250	0.62	-7.903089986991944
227404.643	250	0.625	-7.903089986991944
228184.986	250	0.63	-7.903089986991944
228529.474	250	0.635	-7.903089986991944
229104.411	250	0.64	-7.903089986991944
229721.453	250	0.645	-7.903089986991944
230735.429	250	0.65	-7.903089986991944
231075.407	250	0.655	-7.903089986991944
231687.8	250	0.66	-7.903089986991944
232278.631	250	0.665	-7.903089986991944
233162.891	250	0.67	-7.903089986991944
233831.92	250	0.675	-7.903089986991944
234140.85	250	0.68	-7.903089986991944
234614.069	250	0.685	-7.903089986991944
234945.757	250	0.69	-7.903089986991944
235465.156	250	0.695	-7.903089986991944
235795.471	250	0.7	-7.903089986991944
236307.443	250	0.705	-7.903089986991944
236956.64	250	0.71	-7.903089986991944
237502.407	250	0.715	-7.903089986991944
238039.263	250	0.72	-7.903089986991944
238437.379	250	0.725	-7.903089986991944
239210.209	250	0.73	-7.903089986991944
239615.919	250	0.735	-7.903089986991944
240036.644	250	0.74	-7.903089986991944
240280.0	250	0.745	-7.903089986991944
240872.5	250	0.75	-7.903089986991944
241299.207	250	0.755	-7.903089986991944
241763.429	250	0.76	-7.903089986991944
241962.24	250	0.765	-7.903089986991944
242479.986	250	0.77	-7.903089986991944
243140.393	250	0.775	-7.903089986991944
243941.197	250	0.78	-7.903089986991944
244631.1	250	0.785	-7.903089986991944
245327.226	250	0.79	-7.903089986991944
246463.4	250	0.795	-7.903089986991944
247396.571	250	0.8	-7.903089986991944
248286.008	250	0.805	-7.903089986991944
248645.429	250	0.81	-7.903089986991944
250062.491	250	0.815	-7.903089986991944
251359.63	250	0.82	-7.903089986991944
252542.464	250	0.825	-7.903089986991944
254104.429	250	0.83	-7.903089986991944
254989.036	250	0.835	-7.903089986991944
255464.577	250	0.84	-7.903089986991944
256710.517	250	0.845	-7.903089986991944
257859.571	250	0.85	-7.903089986991944
258877.736	250	0.855	-7.903089986991944
260290.524	250	0.86	-7.903089986991944
261187.553	250	0.865	-7.903089986991944
262759.457	250	0.87	-7.903089986991944
263657.083	250	0.875	-7.903089986991944
265203.886	250	0.88	-7.903089986991944
266572.695	250	0.885	-7.903089986991944
270222.814	250	0.89	-7.903089986991944
273313.876	250	0.895	-7.903089986991944
274991.285	250	0.9	-7.903089986991944
277269.743	250	0.905	-7.903089986991944
280397.074	250	0.91	-7.903089986991944
283052.362	250	0.915	-7.903089986991944
285516.177	250	0.92	-7.903089986991944
287779.579	250	0.925	-7.903089986991944
289379.517	250	0.93	-7.903089986991944
291278.9	250	0.935	-7.903089986991944
293506.871	250	0.94	-7.903089986991944
302903.44	250	0.945	-7.903089986991944
307699.956	250	0.95	-7.903089986991944
314748.349	250	0.955	-7.903089986991944
319905.714	250	0.96	-7.903089986991944
325038.374	250	0.965	-7.903089986991944
328529.797	250	0.97	-7.903089986991944
336665.148	250	0.975	-7.903089986991944
345139.184	250	0.98	-7.903089986991944
356884.686	250	0.985	-7.903089986991944
367095.427	250	0.99	-7.903089986991944
419062.236	250	0.995	-7.903089986991944
225022.143	275	0.5	-7.903089986991944
225374.871	275	0.505	-7.903089986991944
225703.703	275	0.51	-7.903089986991944
226614.17	275	0.515	-7.903089986991944
226824.514	275	0.52	-7.903089986991944
227439.889	275	0.525	-7.903089986991944
227738.9	275	0.53	-7.903089986991944
227901.49	275	0.535	-7.903089986991944
228131.753	275	0.54	-7.903089986991944
228785.86	275	0.545	-7.903089986991944
229073.857	275	0.55	-7.903089986991944
229773.181	275	0.555	-7.903089986991944
230149.011	275	0.56	-7.903089986991944
230594.771	275	0.565	-7.903089986991944
231262.95	275	0.57	-7.903089986991944
231530.464	275	0.575	-7.903089986991944
231943.087	275	0.58	-7.903089986991944
232522.405	275	0.585	-7.903089986991944
232945.114	275	0.59	-7.903089986991944
233364.397	275	0.595	-7.903089986991944
233900.314	275	0.6	-7.903089986991944
234404.107	275	0.605	-7.903089986991944
234717.137	275	0.61	-7.903089986991944
235345.892	275	0.615	-7.903089986991944
235795.196	275	0.62	-7.903089986991944
236891.384	275	0.625	-7.903089986991944
237447.614	275	0.63	-7.903089986991944
237668.021	275	0.635	-7.903089986991944
238209.124	275	0.64	-7.903089986991944
238612.643	275	0.645	-7.903089986991944
239229.168	275	0.65	-7.903089986991944
239486.506	275	0.655	-7.903089986991944
239797.733	275	0.66	-7.903089986991944
240272.567	275	0.665	-7.903089986991944
240832.157	275	0.67	-7.903089986991944
241307.905	275	0.675	-7.903089986991944
241794.26	275	0.68	-7.903089986991944
242445.3	275	0.685	-7.903089986991944
242617.771	275	0.69	-7.903089986991944
242792.994	275	0.695	-7.903089986991944
243692.429	275	0.7	-7.903089986991944
244122.879	275	0.705	-7.903089986991944
244877.383	275	0.71	-7.903089986991944
245436.012	275	0.715	-7.903089986991944
245902.466	275	0.72	-7.903089986991944
246382.702	275	0.725	-7.903089986991944
247074.826	275	0.73	-7.903089986991944
248008.862	275	0.735	-7.903089986991944
249066.246	275	0.74	-7.903089986991944
249352.39	275	0.745	-7.903089986991944
249702.143	275	0.75	-7.903089986991944
250803.579	275	0.755	-7.903089986991944
251708.903	275	0.76	-7.903089986991944
253001.383	275	0.765	-7.903089986991944
254059.514	275	0.77	-7.903089986991944
254586.504	275	0.775	-7.903089986991944
255316.959	275	0.78	-7.903089986991944
255953.901	275	0.785	-7.903089986991944
256799.329	275	0.79	-7.903089986991944
257837.508	275	0.795	-7.903089986991944
258080.357	275	0.8	-7.903089986991944
258484.251	275	0.805	-7.903089986991944
259628.814	275	0.81	-7.903089986991944
260712.15	275	0.815	-7.903089986991944
261641.8	275	0.82	-7.903089986991944
261918.154	275	0.825	-7.903089986991944
262450.286	275	0.83	-7.903089986991944
263656.369	275	0.835	-7.903089986991944
265038.286	275	0.84	-7.903089986991944
266298.557	275	0.845	-7.903089986991944
267541.807	275	0.85	-7.903089986991944
268705.041	275	0.855	-7.903089986991944
270687.144	275	0.86	-7.903089986991944
273737.54	275	0.865	-7.903089986991944
275446.895	275	0.87	-7.903089986991944
276327.027	275	0.875	-7.903089986991944
277688.171	275	0.88	-7.903089986991944
280384.384	275	0.885	-7.903089986991944
282095.186	275	0.89	-7.903089986991944
283316.887	275	0.895	-7.903089986991944
284354.136	275	0.9	-7.903089986991944
286944.771	275	0.905	-7.903089986991944
288432.196	275	0.91	-7.903089986991944
292182.67	275	0.915	-7.903089986991944
296236.583	275	0.92	-7.903089986991944
297325.638	275	0.925	-7.903089986991944
300956.657	275	0.93	-7.903089986991944
303885.721	275	0.935	-7.903089986991944
305372.067	275	0.94	-7.903089986991944
310202.536	275	0.945	-7.903089986991944
316233.425	275	0.95	-7.903089986991944
321879.014	275	0.955	-7.903089986991944
327603.426	275	0.96	-7.903089986991944
333853.258	275	0.965	-7.903089986991944
352730.614	275	0.97	-7.903089986991944
361344.769	275	0.975	-7.903089986991944
383175.27	275	0.98	-7.903089986991944
394211.371	275	0.985	-7.903089986991944
411587.371	275	0.99	-7.903089986991944
431252.743	275	0.995	-7.903089986991944
234022.179	300	0.5	-7.903089986991944
234646.95	300	0.505	-7.903089986991944
235536.538	300	0.51	-7.903089986991944
236089.263	300	0.515	-7.903089986991944
237570.811	300	0.52	-7.903089986991944
238076.893	300	0.525	-7.903089986991944
238750.591	300	0.53	-7.903089986991944
239081.521	300	0.535	-7.903089986991944
239306.914	300	0.54	-7.903089986991944
239503.529	300	0.545	-7.903089986991944
240084.011	300	0.55	-7.903089986991944
240297.417	300	0.555	-7.903089986991944
240653.486	300	0.56	-7.903089986991944
241088.483	300	0.565	-7.903089986991944
241791.216	300	0.57	-7.903089986991944
242236.393	300	0.575	-7.903089986991944
242652.527	300	0.58	-7.903089986991944
243184.5	300	0.585	-7.903089986991944
243405.599	300	0.59	-7.903089986991944
243873.406	300	0.595	-7.903089986991944
244291.171	300	0.6	-7.903089986991944
244652.207	300	0.605	-7.903089986991944
245242.001	300	0.61	-7.903089986991944
245776.956	300	0.615	-7.903089986991944
246148.356	300	0.62	-7.903089986991944
246639.366	300	0.625	-7.903089986991944
246939.033	300	0.63	-7.903089986991944
247637.852	300	0.635	-7.903089986991944
248413.229	300	0.64	-7.903089986991944
249009.821	300	0.645	-7.903089986991944
249361.429	300	0.65	-7.903089986991944
249612.668	300	0.655	-7.903089986991944
249959.539	300	0.66	-7.903089986991944
250393.417	300	0.665	-7.903089986991944
250999.566	300	0.67	-7.903089986991944
251499.355	300	0.675	-7.903089986991944
252656.966	300	0.68	-7.903089986991944
253230.172	300	0.685	-7.903089986991944
253632.2	300	0.69	-7.903089986991944
254043.641	300	0.695	-7.903089986991944
254479.093	300	0.7	-7.903089986991944
254876.333	300	0.705	-7.903089986991944
255252.043	300	0.71	-7.903089986991944
255866.957	300	0.715	-7.903089986991944
256768.171	300	0.72	-7.903089986991944
257436.461	300	0.725	-7.903089986991944
257957.771	300	0.73	-7.903089986991944
259149.536	300	0.735	-7.903089986991944
259529.133	300	0.74	-7.903089986991944
260657.285	300	0.745	-7.903089986991944
261450.429	300	0.75	-7.903089986991944
261926.432	300	0.755	-7.903089986991944
262514.557	300	0.76	-7.903089986991944
263238.483	300	0.765	-7.903089986991944
264242.6	300	0.77	-7.903089986991944
264774.714	300	0.775	-7.903089986991944
265326.608	300	0.78	-7.903089986991944
265593.007	300	0.785	-7.903089986991944
266260.659	300	0.79	-7.903089986991944
267189.221	300	0.795	-7.903089986991944
267914.057	300	0.8	-7.903089986991944
268479.735	300	0.805	-7.903089986991944
268973.088	300	0.81	-7.903089986991944
269543.9	300	0.815	-7.903089986991944
270579.19	300	0.82	-7.903089986991944
271313.143	300	0.825	-7.903089986991944
271974.212	300	0.83	-7.903089986991944
273189.301	300	0.835	-7.903089986991944
274490.666	300	0.84	-7.903089986991944
275270.936	300	0.845	-7.903089986991944
277131.374	300	0.85	-7.903089986991944
278905.307	300	0.855	-7.903089986991944
279898.642	300	0.86	-7.903089986991944
280707.976	300	0.865	-7.903089986991944
282659.084	300	0.87	-7.903089986991944
284741.071	300	0.875	-7.903089986991944
285816.474	300	0.88	-7.903089986991944
286604.528	300	0.885	-7.903089986991944
288044.543	300	0.89	-7.903089986991944
290627.322	300	0.895	-7.903089986991944
292278.179	300	0.9	-7.903089986991944
293694.389	300	0.905	-7.903089986991944
295586.93	300	0.91	-7.903089986991944
298567.571	300	0.915	-7.903089986991944
302418.189	300	0.92	-7.903089986991944
305795.739	300	0.925	-7.903089986991944
308773.729	300	0.93	-7.903089986991944
314829.453	300	0.935	-7.903089986991944
317351.851	300	0.94	-7.903089986991944
320259.486	300	0.945	-7.903089986991944
324937.2	300	0.95	-7.903089986991944
332731.534	300	0.955	-7.903089986991944
340590.534	300	0.96	-7.903089986991944
350175.557	300	0.965	-7.903089986991944
358985.626	300	0.97	-7.903089986991944
368967.464	300	0.975	-7.903089986991944
375689.767	300	0.98	-7.903089986991944
385956.621	300	0.985	-7.903089986991944
403489.136	300	0.99	-7.903089986991944
481742.639	300	0.995	-7.903089986991944
239523.679	325	0.5	-7.903089986991944
239900.729	325	0.505	-7.903089986991944
240209.343	325	0.51	-7.903089986991944
240667.932	325	0.515	-7.903089986991944
241048.774	325	0.52	-7.903089986991944
241579.425	325	0.525	-7.903089986991944
242118.914	325	0.53	-7.903089986991944
242460.121	325	0.535	-7.903089986991944
242777.78	325	0.54	-7.903089986991944
243150.504	325	0.545	-7.903089986991944
243742.189	325	0.55	-7.903089986991944
244033.871	325	0.555	-7.903089986991944
244329.52	325	0.56	-7.903089986991944
245106.736	325	0.565	-7.903089986991944
246104.719	325	0.57	-7.903089986991944
246746.077	325	0.575	-7.903089986991944
247388.857	325	0.58	-7.903089986991944
247709.188	325	0.585	-7.903089986991944
248427.536	325	0.59	-7.903089986991944
248853.279	325	0.595	-7.903089986991944
249111.429	325	0.6	-7.903089986991944
249611.528	325	0.605	-7.903089986991944
250395.082	325	0.61	-7.903089986991944
251324.186	325	0.615	-7.903089986991944
251678.17	325	0.62	-7.903089986991944
252154.196	325	0.625	-7.903089986991944
252939.345	325	0.63	-7.903089986991944
253385.876	325	0.635	-7.903089986991944
253837.029	325	0.64	-7.903089986991944
254515.218	325	0.645	-7.903089986991944
254801.429	325	0.65	-7.903089986991944
255342.929	325	0.655	-7.903089986991944
255781.771	325	0.66	-7.903089986991944
257189.191	325	0.665	-7.903089986991944
257458.743	325	0.67	-7.903089986991944
258461.845	325	0.675	-7.903089986991944
259191.086	325	0.68	-7.903089986991944
259593.25	325	0.685	-7.903089986991944
260186.876	325	0.69	-7.903089986991944
261023.53	325	0.695	-7.903089986991944
261620.143	325	0.7	-7.903089986991944
262399.746	325	0.705	-7.903089986991944
263035.064	325	0.71	-7.903089986991944
263564.121	325	0.715	-7.903089986991944
264026.037	325	0.72	-7.903089986991944
264450.857	325	0.725	-7.903089986991944
264907.229	325	0.73	-7.903089986991944
265590.005	325	0.735	-7.903089986991944
266329.853	325	0.74	-7.903089986991944
267295.711	325	0.745	-7.903089986991944
268397.607	325	0.75	-7.903089986991944
269247.071	325	0.755	-7.903089986991944
269886.097	325	0.76	-7.903089986991944
270795.357	325	0.765	-7.903089986991944
271321.486	325	0.77	-7.903089986991944
272183.929	325	0.775	-7.903089986991944
272563.369	325	0.78	-7.903089986991944
273187.101	325	0.785	-7.903089986991944
274511.1	325	0.79	-7.903089986991944
274742.689	325	0.795	-7.903089986991944
275511.714	325	0.8	-7.903089986991944
276841.55	325	0.805	-7.903089986991944
277137.143	325	0.81	-7.903089986991944
278336.676	325	0.815	-7.903089986991944
279072.486	325	0.82	-7.903089986991944
280031.652	325	0.825	-7.903089986991944
281639.964	325	0.83	-7.903089986991944
283381.037	325	0.835	-7.903089986991944
285812.937	325	0.84	-7.903089986991944
286969.754	325	0.845	-7.903089986991944
287683.086	325	0.85	-7.903089986991944
289200.26	325	0.855	-7.903089986991944
291805.369	325	0.86	-7.903089986991944
292356.646	325	0.865	-7.903089986991944
294230.082	325	0.87	-7.903089986991944
296016.607	325	0.875	-7.903089986991944
297213.991	325	0.88	-7.903089986991944
298950.12	325	0.885	-7.903089986991944
301149.282	325	0.89	-7.903089986991944
302387.193	325	0.895	-7.903089986991944
306050.714	325	0.9	-7.903089986991944
307841.221	325	0.905	-7.903089986991944
310516.438	325	0.91	-7.903089986991944
314253.785	325	0.915	-7.903089986991944
317416.743	325	0.92	-7.903089986991944
319374.88	325	0.925	-7.903089986991944
322607.034	325	0.93	-7.903089986991944
324726.639	325	0.935	-7.903089986991944
326822.229	325	0.94	-7.903089986991944
328272.738	325	0.945	-7.903089986991944
334725.936	325	0.95	-7.903089986991944
337777.471	325	0.955	-7.903089986991944
352013.146	325	0.96	-7.903089986991944
359477.05	325	0.965	-7.903089986991944
364992.977	325	0.97	-7.903089986991944
373625.318	325	0.975	-7.903089986991944
390116.703	325	0.98	-7.903089986991944
398320.954	325	0.985	-7.903089986991944
454049.343	325	0.99	-7.903089986991944
535675.271	325	0.995	-7.903089986991944
248181.429	350	0.5	-7.903089986991944
248657.699	350	0.505	-7.903089986991944
249251.35	350	0.51	-7.903089986991944
249775.249	350	0.515	-7.903089986991944
250354.514	350	0.52	-7.903089986991944
251367.807	350	0.525	-7.903089986991944
252044.843	350	0.53	-7.903089986991944
252459.893	350	0.535	-7.903089986991944
253038.156	350	0.54	-7.903089986991944
253490.055	350	0.545	-7.903089986991944
253880.611	350	0.55	-7.903089986991944
254403.279	350	0.555	-7.903089986991944
254883.183	350	0.56	-7.903089986991944
255403.345	350	0.565	-7.903089986991944
256013.731	350	0.57	-7.903089986991944
257640.62	350	0.575	-7.903089986991944
258314.559	350	0.58	-7.903089986991944
258470.918	350	0.585	-7.903089986991944
258708.17	350	0.59	-7.903089986991944
259065.777	350	0.595	-7.903089986991944
259421.429	350	0.6	-7.903089986991944
260371.922	350	0.605	-7.903089986991944
260789.029	350	0.61	-7.903089986991944
261083.429	350	0.615	-7.903089986991944
261593.957	350	0.62	-7.903089986991944
261853.106	350	0.625	-7.903089986991944
262382.959	350	0.63	-7.903089986991944
262623.8	350	0.635	-7.903089986991944
262937.346	350	0.64	-7.903089986991944
263462.895	350	0.645	-7.903089986991944
263913.728	350	0.65	-7.903089986991944
264507.167	350	0.655	-7.903089986991944
265041.202	350	0.66	-7.903089986991944
265562.946	350	0.665	-7.903089986991944
266621.3	350	0.67	-7.903089986991944
267383.179	350	0.675	-7.903089986991944
268012.797	350	0.68	-7.903089986991944
268351.579	350	0.685	-7.903089986991944
269452.986	350	0.69	-7.903089986991944
270031.721	350	0.695	-7.903089986991944
270519.44	350	0.7	-7.903089986991944
271357.7	350	0.705	-7.903089986991944
272095.287	350	0.71	-7.903089986991944
272687.314	350	0.715	-7.903089986991944
273675.6	350	0.72	-7.903089986991944
274382.938	350	0.725	-7.903089986991944
274838.376	350	0.73	-7.903089986991944
275360.236	350	0.735	-7.903089986991944
276155.677	350	0.74	-7.903089986991944
276971.879	350	0.745	-7.903089986991944
277555.357	350	0.75	-7.903089986991944
278443.054	350	0.755	-7.903089986991944
278887.486	350	0.76	-7.903089986991944
279441.476	350	0.765	-7.903089986991944
279887.962	350	0.77	-7.903089986991944
280492.48	350	0.775	-7.903089986991944
281668.486	350	0.78	-7.903089986991944
282397.929	350	0.785	-7.903089986991944
283435.915	350	0.79	-7.903089986991944
284847.707	350	0.795	-7.903089986991944
286065.143	350	0.8	-7.903089986991944
287045.35	350	0.805	-7.903089986991944
288503.971	350	0.81	-7.903089986991944
290210.905	350	0.815	-7.903089986991944
290942.116	350	0.82	-7.903089986991944
292064.427	350	0.825	-7.903089986991944
293553.302	350	0.83	-7.903089986991944
294648.607	350	0.835	-7.903089986991944
296612.514	350	0.84	-7.903089986991944
299005.232	350	0.845	-7.903089986991944
300426.95	350	0.85	-7.903089986991944
302059.35	350	0.855	-7.903089986991944
303810.939	350	0.86	-7.903089986991944
305385.421	350	0.865	-7.903089986991944
306439.966	350	0.87	-7.903089986991944
307612.759	350	0.875	-7.903089986991944
310275.891	350	0.88	-7.903089986991944
311539.019	350	0.885	-7.903089986991944
313575.549	350	0.89	-7.903089986991944
315959.764	350	0.895	-7.903089986991944
317743.626	350	0.9	-7.903089986991944
318704.658	350	0.905	-7.903089986991944
322821.353	350	0.91	-7.903089986991944
325583.08	350	0.915	-7.903089986991944
330542.857	350	0.92	-7.903089986991944
336578.127	350	0.925	-7.903089986991944
339158.043	350	0.93	-7.903089986991944
343275.537	350	0.935	-7.903089986991944
344845.367	350	0.94	-7.903089986991944
348491.293	350	0.945	-7.903089986991944
351451.643	350	0.95	-7.903089986991944
354317.3	350	0.955	-7.903089986991944
367831.543	350	0.96	-7.903089986991944
382369.474	350	0.965	-7.903089986991944
390134.174	350	0.97	-7.903089986991944
394501.536	350	0.975	-7.903089986991944
402501.314	350	0.98	-7.903089986991944
433525.46	350	0.985	-7.903089986991944
485297.071	350	0.99	-7.903089986991944
517182.986	350	0.995	-7.903089986991944
255220.071	375	0.5	-7.903089986991944
255786.65	375	0.505	-7.903089986991944
256742.844	375	0.51	-7.903089986991944
257628.45	375	0.515	-7.903089986991944
258126.017	375	0.52	-7.903089986991944
258983.143	375	0.525	-7.903089986991944
259235.329	375	0.53	-7.903089986991944
259880.421	375	0.535	-7.903089986991944
260682.567	375	0.54	-7.903089986991944
260805.56	375	0.545	-7.903089986991944
261059.429	375	0.55	-7.903089986991944
261934.568	375	0.555	-7.903089986991944
262774.894	375	0.56	-7.903089986991944
262925.234	375	0.565	-7.903089986991944
263430.541	375	0.57	-7.903089986991944
263923.496	375	0.575	-7.903089986991944
264429.126	375	0.58	-7.903089986991944
264937.721	375	0.585	-7.903089986991944
265377.772	375	0.59	-7.903089986991944
265887.75	375	0.595	-7.903089986991944
267196.571	375	0.6	-7.903089986991944
267960.008	375	0.605	-7.903089986991944
268816.614	375	0.61	-7.903089986991944
269332.258	375	0.615	-7.903089986991944
269938.114	375	0.62	-7.903089986991944
270300.491	375	0.625	-7.903089986991944
270925.241	375	0.63	-7.903089986991944
271542.702	375	0.635	-7.903089986991944
271850.742	375	0.64	-7.903089986991944
273065.444	375	0.645	-7.903089986991944
273830.429	375	0.65	-7.903089986991944
274721.557	375	0.655	-7.903089986991944
275308.6	375	0.66	-7.903089986991944
276036.892	375	0.665	-7.903089986991944
277029.776	375	0.67	-7.903089986991944
277350.975	375	0.675	-7.903089986991944
278183.314	375	0.68	-7.903089986991944
278447.47	375	0.685	-7.903089986991944
278923.636	375	0.69	-7.903089986991944
279565.729	375	0.695	-7.903089986991944
280111.143	375	0.7	-7.903089986991944
280551.975	375	0.705	-7.903089986991944
281309.608	375	0.71	-7.903089986991944
281962.65	375	0.715	-7.903089986991944
282614.591	375	0.72	-7.903089986991944
283279.804	375	0.725	-7.903089986991944
283890.324	375	0.73	-7.903089986991944
285303.086	375	0.735	-7.903089986991944
285904.886	375	0.74	-7.903089986991944
286739.407	375	0.745	-7.903089986991944
287368.571	375	0.75	-7.903089986991944
287914.519	375	0.755	-7.903089986991944
288243.883	375	0.76	-7.903089986991944
289003.071	375	0.765	-7.903089986991944
289949.246	375	0.77	-7.903089986991944
290407.104	375	0.775	-7.903089986991944
291224.847	375	0.78	-7.903089986991944
291823.413	375	0.785	-7.903089986991944
292939.912	375	0.79	-7.903089986991944
294164.371	375	0.795	-7.903089986991944
294785.044	375	0.8	-7.903089986991944
295538.193	375	0.805	-7.903089986991944
296165.343	375	0.81	-7.903089986991944
297270.036	375	0.815	-7.903089986991944
297979.057	375	0.82	-7.903089986991944
298915.334	375	0.825	-7.903089986991944
301153.631	375	0.83	-7.903089986991944
301618.414	375	0.835	-7.903089986991944
303676.971	375	0.84	-7.903089986991944
304636.82	375	0.845	-7.903089986991944
307319.346	375	0.85	-7.903089986991944
308259.589	375	0.855	-7.903089986991944
308887.086	375	0.86	-7.903089986991944
309861.908	375	0.865	-7.903089986991944
311870.329	375	0.87	-7.903089986991944
313071.786	375	0.875	-7.903089986991944
314593.129	375	0.88	-7.903089986991944
316741.564	375	0.885	-7.903089986991944
317670.615	375	0.89	-7.903089986991944
320172.195	375	0.895	-7.903089986991944
321242.143	375	0.9	-7.903089986991944
322686.058	375	0.905	-7.903089986991944
327494.967	375	0.91	-7.903089986991944
329520.944	375	0.915	-7.903089986991944
334383.074	375	0.92	-7.903089986991944
338000.481	375	0.925	-7.903089986991944
341803.905	375	0.93	-7.903089986991944
347408.686	375	0.935	-7.903089986991944
351165.914	375	0.94	-7.903089986991944
355369.583	375	0.945	-7.903089986991944
357854.571	375	0.95	-7.903089986991944
365681.842	375	0.955	-7.903089986991944
374282.571	375	0.96	-7.903089986991944
386157.843	375	0.965	-7.903089986991944
390575.724	375	0.97	-7.903089986991944
401028.543	375	0.975	-7.903089986991944
427519.274	375	0.98	-7.903089986991944
445514.457	375	0.985	-7.903089986991944
476953.056	375	0.99	-7.903089986991944
529383.63	375	0.995	-7.903089986991944
264145.214	400	0.5	-7.903089986991944
264459.757	400	0.505	-7.903089986991944
264842.467	400	0.51	-7.903089986991944
265094.672	400	0.515	-7.903089986991944
265507.646	400	0.52	-7.903089986991944
266082.037	400	0.525	-7.903089986991944
266509.733	400	0.53	-7.903089986991944
266931.295	400	0.535	-7.903089986991944
267742.099	400	0.54	-7.903089986991944
268275.833	400	0.545	-7.903089986991944
269084.35	400	0.55	-7.903089986991944
269970.653	400	0.555	-7.903089986991944
270156.089	400	0.56	-7.903089986991944
270839.602	400	0.565	-7.903089986991944
271121.801	400	0.57	-7.903089986991944
271936.495	400	0.575	-7.903089986991944
272654.87	400	0.58	-7.903089986991944
273248.162	400	0.585	-7.903089986991944
274003.12	400	0.59	-7.903089986991944
274372.435	400	0.595	-7.903089986991944
274903.314	400	0.6	-7.903089986991944
275496.043	400	0.605	-7.903089986991944
275815.256	400	0.61	-7.903089986991944
276345.464	400	0.615	-7.903089986991944
277040.829	400	0.62	-7.903089986991944
278028.571	400	0.625	-7.903089986991944
278237.086	400	0.63	-7.903089986991944
278619.833	400	0.635	-7.903089986991944
279181.257	400	0.64	-7.903089986991944
279401.593	400	0.645	-7.903089986991944
279829.954	400	0.65	-7.903089986991944
280252.707	400	0.655	-7.903089986991944
281191.49	400	0.66	-7.903089986991944
281397.0	400	0.665	-7.903089986991944
282218.426	400	0.67	-7.903089986991944
283020.811	400	0.675	-7.903089986991944
283727.6	400	0.68	-7.903089986991944
284450.379	400	0.685	-7.903089986991944
285066.144	400	0.69	-7.903089986991944
285560.314	400	0.695	-7.903089986991944
285796.021	400	0.7	-7.903089986991944
286226.55	400	0.705	-7.903089986991944
286997.071	400	0.71	-7.903089986991944
287996.174	400	0.715	-7.903089986991944
288492.154	400	0.72	-7.903089986991944
289030.405	400	0.725	-7.903089986991944
289694.091	400	0.73	-7.903089986991944
290173.481	400	0.735	-7.903089986991944
291082.83	400	0.74	-7.903089986991944
293713.143	400	0.745	-7.903089986991944
294692.554	400	0.75	-7.903089986991944
295061.632	400	0.755	-7.903089986991944
295740.129	400	0.76	-7.903089986991944
296680.741	400	0.765	-7.903089986991944
298467.926	400	0.77	-7.903089986991944
299209.179	400	0.775	-7.903089986991944
300845.171	400	0.78	-7.903089986991944
302722.356	400	0.785	-7.903089986991944
304021.739	400	0.79	-7.903089986991944
305156.046	400	0.795	-7.903089986991944
306396.229	400	0.8	-7.903089986991944
307438.145	400	0.805	-7.903089986991944
308212.914	400	0.81	-7.903089986991944
309528.709	400	0.815	-7.903089986991944
310821.143	400	0.82	-7.903089986991944
311649.523	400	0.825	-7.903089986991944
313812.024	400	0.83	-7.903089986991944
315567.676	400	0.835	-7.903089986991944
316503.426	400	0.84	-7.903089986991944
318398.443	400	0.845	-7.903089986991944
321239.204	400	0.85	-7.903089986991944
323976.418	400	0.855	-7.903089986991944
325647.371	400	0.86	-7.903089986991944
327427.478	400	0.865	-7.903089986991944
328920.561	400	0.87	-7.903089986991944
331495.929	400	0.875	-7.903089986991944
333590.909	400	0.88	-7.903089986991944
336659.359	400	0.885	-7.903089986991944
338382.731	400	0.89	-7.903089986991944
342731.071	400	0.895	-7.903089986991944
345377.571	400	0.9	-7.903089986991944
346649.686	400	0.905	-7.903089986991944
349256.513	400	0.91	-7.903089986991944
350976.549	400	0.915	-7.903089986991944
353641.486	400	0.92	-7.903089986991944
361791.363	400	0.925	-7.903089986991944
368997.614	400	0.93	-7.903089986991944
373944.336	400	0.935	-7.903089986991944
377696.106	400	0.94	-7.903089986991944
381150.506	400	0.945	-7.903089986991944
387957.957	400	0.95	-7.903089986991944
396205.455	400	0.955	-7.903089986991944
403511.714	400	0.96	-7.903089986991944
414235.158	400	0.965	-7.903089986991944
432219.61	400	0.97	-7.903089986991944
446756.464	400	0.975	-7.903089986991944
473877.229	400	0.98	-7.903089986991944
505593.9	400	0.985	-7.903089986991944
530521.542	400	0.99	-7.903089986991944
570157.593	400	0.995	-7.903089986991944
270460.071	425	0.5	-7.903089986991944
270836.393	425	0.505	-7.903089986991944
271326.964	425	0.51	-7.903089986991944
272034.45	425	0.515	-7.903089986991944
272589.694	425	0.52	-7.903089986991944
273063.107	425	0.525	-7.903089986991944
273648.019	425	0.53	-7.903089986991944
274227.628	425	0.535	-7.903089986991944
274775.037	425	0.54	-7.903089986991944
275891.621	425	0.545	-7.903089986991944
276396.604	425	0.55	-7.903089986991944
277397.486	425	0.555	-7.903089986991944
278290.543	425	0.56	-7.903089986991944
278499.329	425	0.565	-7.903089986991944
279227.649	425	0.57	-7.903089986991944
279795.225	425	0.575	-7.903089986991944
280543.429	425	0.58	-7.903089986991944
280788.8	425	0.585	-7.903089986991944
281058.786	425	0.59	-7.903089986991944
281451.229	425	0.595	-7.903089986991944
281808.571	425	0.6	-7.903089986991944
282430.97	425	0.605	-7.903089986991944
283533.241	425	0.61	-7.903089986991944
284250.139	425	0.615	-7.903089986991944
285051.597	425	0.62	-7.903089986991944
285362.321	425	0.625	-7.903089986991944
285797.686	425	0.63	-7.903089986991944
286364.001	425	0.635	-7.903089986991944
287730.369	425	0.64	-7.903089986991944
288158.76	425	0.645	-7.903089986991944
288874.325	425	0.65	-7.903089986991944
289237.918	425	0.655	-7.903089986991944
290212.743	425	0.66	-7.903089986991944
291005.814	425	0.665	-7.903089986991944
292305.214	425	0.67	-7.903089986991944
292981.595	425	0.675	-7.903089986991944
293737.58	425	0.68	-7.903089986991944
295125.919	425	0.685	-7.903089986991944
295627.652	425	0.69	-7.903089986991944
297229.485	425	0.695	-7.903089986991944
297841.764	425	0.7	-7.903089986991944
298485.378	425	0.705	-7.903089986991944
299049.121	425	0.71	-7.903089986991944
299474.93	425	0.715	-7.903089986991944
300452.914	425	0.72	-7.903089986991944
301937.512	425	0.725	-7.903089986991944
302448.419	425	0.73	-7.903089986991944
303288.964	425	0.735	-7.903089986991944
304941.666	425	0.74	-7.903089986991944
305380.668	425	0.745	-7.903089986991944
306572.107	425	0.75	-7.903089986991944
307037.586	425	0.755	-7.903089986991944
307573.794	425	0.76	-7.903089986991944
308593.245	425	0.765	-7.903089986991944
309605.498	425	0.77	-7.903089986991944
310889.87	425	0.775	-7.903089986991944
312308.284	425	0.78	-7.903089986991944
313676.621	425	0.785	-7.903089986991944
314821.629	425	0.79	-7.903089986991944
315686.999	425	0.795	-7.903089986991944
316710.857	425	0.8	-7.903089986991944
318190.386	425	0.805	-7.903089986991944
319416.587	425	0.81	-7.903089986991944
320944.943	425	0.815	-7.903089986991944
321811.943	425	0.82	-7.903089986991944
322789.959	425	0.825	-7.903089986991944
324100.137	425	0.83	-7.903089986991944
327524.45	425	0.835	-7.903089986991944
328132.343	425	0.84	-7.903089986991944
329297.505	425	0.845	-7.903089986991944
331500.011	425	0.85	-7.903089986991944
334100.439	425	0.855	-7.903089986991944
335237.3	425	0.86	-7.903089986991944
337172.834	425	0.865	-7.903089986991944
341477.543	425	0.87	-7.903089986991944
344438.25	425	0.875	-7.903089986991944
345173.314	425	0.88	-7.903089986991944
346864.035	425	0.885	-7.903089986991944
351028.071	425	0.89	-7.903089986991944
356055.614	425	0.895	-7.903089986991944
357976.821	425	0.9	-7.903089986991944
362145.779	425	0.905	-7.903089986991944
365584.329	425	0.91	-7.903089986991944
368391.321	425	0.915	-7.903089986991944
373331.889	425	0.92	-7.903089986991944
376311.857	425	0.925	-7.903089986991944
381549.134	425	0.93	-7.903089986991944
386754.043	425	0.935	-7.903089986991944
392483.2	425	0.94	-7.903089986991944
400678.882	425	0.945	-7.903089986991944
402819.185	425	0.95	-7.903089986991944
409996.057	425	0.955	-7.903089986991944
414139.483	425	0.96	-7.903089986991944
421665.464	425	0.965	-7.903089986991944
442501.62	425	0.97	-7.903089986991944
458148.143	425	0.975	-7.903089986991944
464454.856	425	0.98	-7.903089986991944
478092.865	425	0.985	-7.903089986991944
516403.597	425	0.99	-7.903089986991944
538558.714	425	0.995	-7.903089986991944
279282.107	450	0.5	-7.903089986991944
279975.236	450	0.505	-7.903089986991944
280295.22	450	0.51	-7.903089986991944
281293.45	450	0.515	-7.903089986991944
281806.114	450	0.52	-7.903089986991944
282079.25	450	0.525	-7.903089986991944
282374.358	450	0.53	-7.903089986991944
282909.576	450	0.535	-7.903089986991944
283813.946	450	0.54	-7.903089986991944
284234.382	450	0.545	-7.903089986991944
284670.857	450	0.55	-7.903089986991944
285354.957	450	0.555	-7.903089986991944
285785.68	450	0.56	-7.903089986991944
286213.371	450	0.565	-7.903089986991944
287520.286	450	0.57	-7.903089986991944
288607.398	450	0.575	-7.903089986991944
289040.544	450	0.58	-7.903089986991944
289332.893	450	0.585	-7.903089986991944
289845.401	450	0.59	-7.903089986991944
290872.408	450	0.595	-7.903089986991944
291490.0	450	0.6	-7.903089986991944
291922.914	450	0.605	-7.903089986991944
292591.725	450	0.61	-7.903089986991944
293185.13	450	0.615	-7.903089986991944
294922.984	450	0.62	-7.903089986991944
296119.464	450	0.625	-7.903089986991944
296562.541	450	0.63	-7.903089986991944
297245.286	450	0.635	-7.903089986991944
298345.343	450	0.64	-7.903089986991944
299005.628	450	0.645	-7.903089986991944
299618.336	450	0.65	-7.903089986991944
300311.318	450	0.655	-7.903089986991944
300932.461	450	0.66	-7.903089986991944
301556.471	450	0.665	-7.903089986991944
302241.499	450	0.67	-7.903089986991944
302784.139	450	0.675	-7.903089986991944
303560.971	450	0.68	-7.903089986991944
304848.664	450	0.685	-7.903089986991944
305726.705	450	0.69	-7.903089986991944
306349.29	450	0.695	-7.903089986991944
306718.179	450	0.7	-7.903089986991944
307059.4	450	0.705	-7.903089986991944
308301.236	450	0.71	-7.903089986991944
308845.619	450	0.715	-7.903089986991944
310544.089	450	0.72	-7.903089986991944
311051.597	450	0.725	-7.903089986991944
312447.882	450	0.73	-7.903089986991944
312763.564	450	0.735	-7.903089986991944
314109.071	450	0.74	-7.903089986991944
314429.969	450	0.745	-7.903089986991944
315299.786	450	0.75	-7.903089986991944
316945.394	450	0.755	-7.903089986991944
318882.017	450	0.76	-7.903089986991944
320328.605	450	0.765	-7.903089986991944
321205.585	450	0.77	-7.903089986991944
321558.139	450	0.775	-7.903089986991944
322504.083	450	0.78	-7.903089986991944
323969.936	450	0.785	-7.903089986991944
324714.429	450	0.79	-7.903089986991944
326288.842	450	0.795	-7.903089986991944
328027.429	450	0.8	-7.903089986991944
329161.572	450	0.805	-7.903089986991944
330088.112	450	0.81	-7.903089986991944
332184.379	450	0.815	-7.903089986991944
334196.457	450	0.82	-7.903089986991944
335245.095	450	0.825	-7.903089986991944
338005.286	450	0.83	-7.903089986991944
338978.859	450	0.835	-7.903089986991944
340774.126	450	0.84	-7.903089986991944
342077.81	450	0.845	-7.903089986991944
343331.407	450	0.85	-7.903089986991944
346824.357	450	0.855	-7.903089986991944
349427.104	450	0.86	-7.903089986991944
354036.536	450	0.865	-7.903089986991944
355642.729	450	0.87	-7.903089986991944
357490.375	450	0.875	-7.903089986991944
359180.137	450	0.88	-7.903089986991944
360671.299	450	0.885	-7.903089986991944
362211.408	450	0.89	-7.903089986991944
364110.924	450	0.895	-7.903089986991944
365884.236	450	0.9	-7.903089986991944
369156.565	450	0.905	-7.903089986991944
371970.371	450	0.91	-7.903089986991944
375877.951	450	0.915	-7.903089986991944
379060.463	450	0.92	-7.903089986991944
384312.743	450	0.925	-7.903089986991944
387902.241	450	0.93	-7.903089986991944
390334.793	450	0.935	-7.903089986991944
393734.776	450	0.94	-7.903089986991944
396789.157	450	0.945	-7.903089986991944
404882.286	450	0.95	-7.903089986991944
410143.646	450	0.955	-7.903089986991944
415931.5	450	0.96	-7.903089986991944
422925.068	450	0.965	-7.903089986991944
434077.6	450	0.97	-7.903089986991944
451920.964	450	0.975	-7.903089986991944
465976.137	450	0.98	-7.903089986991944
492501.405	450	0.985	-7.903089986991944
552782.629	450	0.99	-7.903089986991944
621901.821	450	0.995	-7.903089986991944
