S*_score	SNP_num	quantile	log(local_recomb_rate)
116090.0	25	0.5	-7.903089986991944
116542.871	25	0.505	-7.903089986991944
117325.111	25	0.51	-7.903089986991944
117842.485	25	0.515	-7.903089986991944
118003.12	25	0.52	-7.903089986991944
118676.5	25	0.525	-7.903089986991944
118885.08	25	0.53	-7.903089986991944
119458.93	25	0.535	-7.903089986991944
120116.133	25	0.54	-7.903089986991944
120267.679	25	0.545	-7.903089986991944
121010.833	25	0.55	-7.903089986991944
122099.9	25	0.555	-7.903089986991944
122582.933	25	0.56	-7.903089986991944
123461.4	25	0.565	-7.903089986991944
123606.2	25	0.57	-7.903089986991944
124356.5	25	0.575	-7.903089986991944
125002.943	25	0.58	-7.903089986991944
125165.2	25	0.585	-7.903089986991944
125753.595	25	0.59	-7.903089986991944
126303.075	25	0.595	-7.903089986991944
126464.0	25	0.6	-7.903089986991944
128072.482	25	0.605	-7.903089986991944
128255.8	25	0.61	-7.903089986991944
128597.675	25	0.615	-7.903089986991944
128813.886	25	0.62	-7.903089986991944
129331.875	25	0.625	-7.903089986991944
129611.4	25	0.63	-7.903089986991944
130504.633	25	0.635	-7.903089986991944
132098.0	25	0.64	-7.903089986991944
132647.633	25	0.645	-7.903089986991944
133521.583	25	0.65	-7.903089986991944
134545.86	25	0.655	-7.903089986991944
135427.267	25	0.66	-7.903089986991944
136090.9	25	0.665	-7.903089986991944
136868.005	25	0.67	-7.903089986991944
137241.0	25	0.675	-7.903089986991944
138577.714	25	0.68	-7.903089986991944
139543.9	25	0.685	-7.903089986991944
140398.9	25	0.69	-7.903089986991944
140938.5	25	0.695	-7.903089986991944
141859.25	25	0.7	-7.903089986991944
142552.63	25	0.705	-7.903089986991944
143173.8	25	0.71	-7.903089986991944
143758.82	25	0.715	-7.903089986991944
143986.4	25	0.72	-7.903089986991944
144366.175	25	0.725	-7.903089986991944
145198.4	25	0.73	-7.903089986991944
146281.113	25	0.735	-7.903089986991944
146499.657	25	0.74	-7.903089986991944
147236.05	25	0.745	-7.903089986991944
148341.875	25	0.75	-7.903089986991944
149025.364	25	0.755	-7.903089986991944
150767.2	25	0.76	-7.903089986991944
151399.05	25	0.765	-7.903089986991944
151936.12	25	0.77	-7.903089986991944
152166.3	25	0.775	-7.903089986991944
152468.0	25	0.78	-7.903089986991944
153398.8	25	0.785	-7.903089986991944
153729.038	25	0.79	-7.903089986991944
154360.9	25	0.795	-7.903089986991944
154716.0	25	0.8	-7.903089986991944
154991.35	25	0.805	-7.903089986991944
155716.0	25	0.81	-7.903089986991944
156110.423	25	0.815	-7.903089986991944
156609.4	25	0.82	-7.903089986991944
157403.583	25	0.825	-7.903089986991944
157967.99	25	0.83	-7.903089986991944
158890.4	25	0.835	-7.903089986991944
159282.4	25	0.84	-7.903089986991944
159912.033	25	0.845	-7.903089986991944
161045.0	25	0.85	-7.903089986991944
162845.202	25	0.855	-7.903089986991944
164711.6	25	0.86	-7.903089986991944
166528.2	25	0.865	-7.903089986991944
167116.484	25	0.87	-7.903089986991944
167570.0	25	0.875	-7.903089986991944
168028.0	25	0.88	-7.903089986991944
168614.067	25	0.885	-7.903089986991944
169802.5	25	0.89	-7.903089986991944
170583.35	25	0.895	-7.903089986991944
172008.286	25	0.9	-7.903089986991944
172803.96	25	0.905	-7.903089986991944
173213.48	25	0.91	-7.903089986991944
173413.7	25	0.915	-7.903089986991944
173964.533	25	0.92	-7.903089986991944
174995.167	25	0.925	-7.903089986991944
175785.8	25	0.93	-7.903089986991944
176320.536	25	0.935	-7.903089986991944
176498.52	25	0.94	-7.903089986991944
179374.2	25	0.945	-7.903089986991944
180468.45	25	0.95	-7.903089986991944
180890.576	25	0.955	-7.903089986991944
181240.6	25	0.96	-7.903089986991944
183554.935	25	0.965	-7.903089986991944
186973.733	25	0.97	-7.903089986991944
189536.375	25	0.975	-7.903089986991944
193690.0	25	0.98	-7.903089986991944
195154.3	25	0.985	-7.903089986991944
196719.4	25	0.99	-7.903089986991944
198845.5	25	0.995	-7.903089986991944
120467.738	50	0.5	-7.903089986991944
121155.7	50	0.505	-7.903089986991944
121781.324	50	0.51	-7.903089986991944
122316.5	50	0.515	-7.903089986991944
122895.84	50	0.52	-7.903089986991944
123228.75	50	0.525	-7.903089986991944
123404.273	50	0.53	-7.903089986991944
123595.514	50	0.535	-7.903089986991944
124023.2	50	0.54	-7.903089986991944
124630.944	50	0.545	-7.903089986991944
125059.726	50	0.55	-7.903089986991944
125278.474	50	0.555	-7.903089986991944
125813.352	50	0.56	-7.903089986991944
126193.856	50	0.565	-7.903089986991944
126590.464	50	0.57	-7.903089986991944
126890.667	50	0.575	-7.903089986991944
127287.352	50	0.58	-7.903089986991944
127869.442	50	0.585	-7.903089986991944
128223.89	50	0.59	-7.903089986991944
128620.495	50	0.595	-7.903089986991944
128957.857	50	0.6	-7.903089986991944
129480.49	50	0.605	-7.903089986991944
129860.277	50	0.61	-7.903089986991944
130284.782	50	0.615	-7.903089986991944
130660.578	50	0.62	-7.903089986991944
131207.5	50	0.625	-7.903089986991944
131357.367	50	0.63	-7.903089986991944
132003.628	50	0.635	-7.903089986991944
132525.04	50	0.64	-7.903089986991944
132693.156	50	0.645	-7.903089986991944
133361.033	50	0.65	-7.903089986991944
133882.129	50	0.655	-7.903089986991944
134854.6	50	0.66	-7.903089986991944
135140.558	50	0.665	-7.903089986991944
135581.641	50	0.67	-7.903089986991944
136027.594	50	0.675	-7.903089986991944
137450.88	50	0.68	-7.903089986991944
138411.595	50	0.685	-7.903089986991944
139068.719	50	0.69	-7.903089986991944
139514.864	50	0.695	-7.903089986991944
139842.54	50	0.7	-7.903089986991944
140378.1	50	0.705	-7.903089986991944
141075.309	50	0.71	-7.903089986991944
141738.238	50	0.715	-7.903089986991944
142591.487	50	0.72	-7.903089986991944
143495.375	50	0.725	-7.903089986991944
143810.55	50	0.73	-7.903089986991944
144244.791	50	0.735	-7.903089986991944
144936.54	50	0.74	-7.903089986991944
145147.25	50	0.745	-7.903089986991944
146397.068	50	0.75	-7.903089986991944
146829.41	50	0.755	-7.903089986991944
147232.923	50	0.76	-7.903089986991944
147615.625	50	0.765	-7.903089986991944
149025.578	50	0.77	-7.903089986991944
150201.732	50	0.775	-7.903089986991944
150964.177	50	0.78	-7.903089986991944
151533.079	50	0.785	-7.903089986991944
152036.571	50	0.79	-7.903089986991944
152857.794	50	0.795	-7.903089986991944
153341.6	50	0.8	-7.903089986991944
154952.8	50	0.805	-7.903089986991944
155682.171	50	0.81	-7.903089986991944
156500.9	50	0.815	-7.903089986991944
157390.5	50	0.82	-7.903089986991944
158147.113	50	0.825	-7.903089986991944
159071.914	50	0.83	-7.903089986991944
159828.302	50	0.835	-7.903089986991944
160722.836	50	0.84	-7.903089986991944
161158.915	50	0.845	-7.903089986991944
161825.5	50	0.85	-7.903089986991944
162198.52	50	0.855	-7.903089986991944
163476.31	50	0.86	-7.903089986991944
164255.817	50	0.865	-7.903089986991944
165335.018	50	0.87	-7.903089986991944
166163.375	50	0.875	-7.903089986991944
167147.6	50	0.88	-7.903089986991944
168255.9	50	0.885	-7.903089986991944
168743.16	50	0.89	-7.903089986991944
169229.7	50	0.895	-7.903089986991944
169714.857	50	0.9	-7.903089986991944
170934.468	50	0.905	-7.903089986991944
171631.3	50	0.91	-7.903089986991944
172308.3	50	0.915	-7.903089986991944
173261.349	50	0.92	-7.903089986991944
174372.5	50	0.925	-7.903089986991944
175928.427	50	0.93	-7.903089986991944
176692.3	50	0.935	-7.903089986991944
177885.054	50	0.94	-7.903089986991944
178818.15	50	0.945	-7.903089986991944
179734.4	50	0.95	-7.903089986991944
180566.209	50	0.955	-7.903089986991944
186200.0	50	0.96	-7.903089986991944
189875.187	50	0.965	-7.903089986991944
192207.99	50	0.97	-7.903089986991944
194877.318	50	0.975	-7.903089986991944
201740.714	50	0.98	-7.903089986991944
204990.19	50	0.985	-7.903089986991944
210069.872	50	0.99	-7.903089986991944
218019.1	50	0.995	-7.903089986991944
131614.7	75	0.5	-7.903089986991944
131856.24	75	0.505	-7.903089986991944
132095.402	75	0.51	-7.903089986991944
132451.712	75	0.515	-7.903089986991944
132714.711	75	0.52	-7.903089986991944
133136.49	75	0.525	-7.903089986991944
133858.557	75	0.53	-7.903089986991944
134612.665	75	0.535	-7.903089986991944
135633.311	75	0.54	-7.903089986991944
136099.835	75	0.545	-7.903089986991944
136555.01	75	0.55	-7.903089986991944
136993.667	75	0.555	-7.903089986991944
137619.543	75	0.56	-7.903089986991944
138643.62	75	0.565	-7.903089986991944
138893.07	75	0.57	-7.903089986991944
139294.869	75	0.575	-7.903089986991944
139725.43	75	0.58	-7.903089986991944
140074.199	75	0.585	-7.903089986991944
140193.52	75	0.59	-7.903089986991944
140436.085	75	0.595	-7.903089986991944
140778.203	75	0.6	-7.903089986991944
141259.795	75	0.605	-7.903089986991944
141456.267	75	0.61	-7.903089986991944
141742.05	75	0.615	-7.903089986991944
142270.56	75	0.62	-7.903089986991944
142656.429	75	0.625	-7.903089986991944
142756.343	75	0.63	-7.903089986991944
143004.117	75	0.635	-7.903089986991944
143655.003	75	0.64	-7.903089986991944
144197.344	75	0.645	-7.903089986991944
144459.8	75	0.65	-7.903089986991944
144603.816	75	0.655	-7.903089986991944
145088.12	75	0.66	-7.903089986991944
145255.778	75	0.665	-7.903089986991944
145564.193	75	0.67	-7.903089986991944
146030.17	75	0.675	-7.903089986991944
146573.387	75	0.68	-7.903089986991944
146871.225	75	0.685	-7.903089986991944
147301.415	75	0.69	-7.903089986991944
147760.5	75	0.695	-7.903089986991944
148269.293	75	0.7	-7.903089986991944
148623.505	75	0.705	-7.903089986991944
149638.352	75	0.71	-7.903089986991944
149799.314	75	0.715	-7.903089986991944
150615.723	75	0.72	-7.903089986991944
151295.308	75	0.725	-7.903089986991944
152153.676	75	0.73	-7.903089986991944
152726.8	75	0.735	-7.903089986991944
153205.3	75	0.74	-7.903089986991944
153965.867	75	0.745	-7.903089986991944
154186.061	75	0.75	-7.903089986991944
154680.797	75	0.755	-7.903089986991944
154988.629	75	0.76	-7.903089986991944
155297.4	75	0.765	-7.903089986991944
155635.29	75	0.77	-7.903089986991944
156146.408	75	0.775	-7.903089986991944
156586.2	75	0.78	-7.903089986991944
156836.592	75	0.785	-7.903089986991944
157189.705	75	0.79	-7.903089986991944
157577.769	75	0.795	-7.903089986991944
158159.867	75	0.8	-7.903089986991944
158559.497	75	0.805	-7.903089986991944
158879.503	75	0.81	-7.903089986991944
160041.433	75	0.815	-7.903089986991944
160923.92	75	0.82	-7.903089986991944
161410.608	75	0.825	-7.903089986991944
161683.749	75	0.83	-7.903089986991944
162130.605	75	0.835	-7.903089986991944
162451.8	75	0.84	-7.903089986991944
162795.6	75	0.845	-7.903089986991944
163911.833	75	0.85	-7.903089986991944
164579.26	75	0.855	-7.903089986991944
165348.272	75	0.86	-7.903089986991944
166436.627	75	0.865	-7.903089986991944
167308.074	75	0.87	-7.903089986991944
167859.0	75	0.875	-7.903089986991944
168773.129	75	0.88	-7.903089986991944
169920.622	75	0.885	-7.903089986991944
170207.933	75	0.89	-7.903089986991944
171368.2	75	0.895	-7.903089986991944
172148.123	75	0.9	-7.903089986991944
173819.8	75	0.905	-7.903089986991944
175635.829	75	0.91	-7.903089986991944
176522.91	75	0.915	-7.903089986991944
177945.149	75	0.92	-7.903089986991944
178824.0	75	0.925	-7.903089986991944
180291.7	75	0.93	-7.903089986991944
182064.457	75	0.935	-7.903089986991944
182633.4	75	0.94	-7.903089986991944
183993.785	75	0.945	-7.903089986991944
185880.936	75	0.95	-7.903089986991944
187273.032	75	0.955	-7.903089986991944
188621.619	75	0.96	-7.903089986991944
190049.504	75	0.965	-7.903089986991944
192839.152	75	0.97	-7.903089986991944
195407.505	75	0.975	-7.903089986991944
197014.8	75	0.98	-7.903089986991944
204368.13	75	0.985	-7.903089986991944
210807.233	75	0.99	-7.903089986991944
222749.155	75	0.995	-7.903089986991944
140567.455	100	0.5	-7.903089986991944
140693.144	100	0.505	-7.903089986991944
141192.32	100	0.51	-7.903089986991944
141674.03	100	0.515	-7.903089986991944
141847.104	100	0.52	-7.903089986991944
142130.375	100	0.525	-7.903089986991944
142466.092	100	0.53	-7.903089986991944
142651.482	100	0.535	-7.903089986991944
143174.371	100	0.54	-7.903089986991944
143803.943	100	0.545	-7.903089986991944
144080.923	100	0.55	-7.903089986991944
144321.571	100	0.555	-7.903089986991944
144433.628	100	0.56	-7.903089986991944
144920.499	100	0.565	-7.903089986991944
145313.599	100	0.57	-7.903089986991944
145570.651	100	0.575	-7.903089986991944
145818.375	100	0.58	-7.903089986991944
146284.175	100	0.585	-7.903089986991944
146498.8	100	0.59	-7.903089986991944
146718.934	100	0.595	-7.903089986991944
147123.077	100	0.6	-7.903089986991944
147646.532	100	0.605	-7.903089986991944
148108.874	100	0.61	-7.903089986991944
148355.356	100	0.615	-7.903089986991944
148577.92	100	0.62	-7.903089986991944
149039.39	100	0.625	-7.903089986991944
149572.78	100	0.63	-7.903089986991944
150105.263	100	0.635	-7.903089986991944
150435.337	100	0.64	-7.903089986991944
150908.183	100	0.645	-7.903089986991944
151259.0	100	0.65	-7.903089986991944
151745.084	100	0.655	-7.903089986991944
152089.636	100	0.66	-7.903089986991944
152535.094	100	0.665	-7.903089986991944
153110.666	100	0.67	-7.903089986991944
153433.982	100	0.675	-7.903089986991944
153895.2	100	0.68	-7.903089986991944
154599.56	100	0.685	-7.903089986991944
154991.087	100	0.69	-7.903089986991944
155321.434	100	0.695	-7.903089986991944
155775.4	100	0.7	-7.903089986991944
156002.267	100	0.705	-7.903089986991944
157233.985	100	0.71	-7.903089986991944
157819.757	100	0.715	-7.903089986991944
158214.545	100	0.72	-7.903089986991944
158749.427	100	0.725	-7.903089986991944
159065.123	100	0.73	-7.903089986991944
159264.717	100	0.735	-7.903089986991944
159552.945	100	0.74	-7.903089986991944
160214.508	100	0.745	-7.903089986991944
160596.859	100	0.75	-7.903089986991944
161155.195	100	0.755	-7.903089986991944
161698.168	100	0.76	-7.903089986991944
162217.574	100	0.765	-7.903089986991944
162394.35	100	0.77	-7.903089986991944
163558.429	100	0.775	-7.903089986991944
164121.382	100	0.78	-7.903089986991944
164601.131	100	0.785	-7.903089986991944
165362.645	100	0.79	-7.903089986991944
165753.553	100	0.795	-7.903089986991944
166640.343	100	0.8	-7.903089986991944
167079.193	100	0.805	-7.903089986991944
167763.05	100	0.81	-7.903089986991944
168123.088	100	0.815	-7.903089986991944
168707.508	100	0.82	-7.903089986991944
169169.069	100	0.825	-7.903089986991944
169522.229	100	0.83	-7.903089986991944
170381.679	100	0.835	-7.903089986991944
171530.32	100	0.84	-7.903089986991944
171994.243	100	0.845	-7.903089986991944
173131.753	100	0.85	-7.903089986991944
173370.742	100	0.855	-7.903089986991944
173716.177	100	0.86	-7.903089986991944
174419.112	100	0.865	-7.903089986991944
175370.42	100	0.87	-7.903089986991944
176594.043	100	0.875	-7.903089986991944
177320.213	100	0.88	-7.903089986991944
178718.369	100	0.885	-7.903089986991944
179655.287	100	0.89	-7.903089986991944
180646.842	100	0.895	-7.903089986991944
182290.742	100	0.9	-7.903089986991944
182828.948	100	0.905	-7.903089986991944
183751.633	100	0.91	-7.903089986991944
184629.071	100	0.915	-7.903089986991944
185180.086	100	0.92	-7.903089986991944
186058.286	100	0.925	-7.903089986991944
187593.801	100	0.93	-7.903089986991944
188372.341	100	0.935	-7.903089986991944
191881.204	100	0.94	-7.903089986991944
192813.192	100	0.945	-7.903089986991944
194241.625	100	0.95	-7.903089986991944
195423.816	100	0.955	-7.903089986991944
197716.167	100	0.96	-7.903089986991944
204160.262	100	0.965	-7.903089986991944
206884.624	100	0.97	-7.903089986991944
210008.742	100	0.975	-7.903089986991944
214906.624	100	0.98	-7.903089986991944
219251.418	100	0.985	-7.903089986991944
226715.19	100	0.99	-7.903089986991944
241164.205	100	0.995	-7.903089986991944
151128.25	125	0.5	-7.903089986991944
151608.426	125	0.505	-7.903089986991944
151749.4	125	0.51	-7.903089986991944
152206.654	125	0.515	-7.903089986991944
153026.857	125	0.52	-7.903089986991944
153297.807	125	0.525	-7.903089986991944
153480.034	125	0.53	-7.903089986991944
153951.045	125	0.535	-7.903089986991944
154069.462	125	0.54	-7.903089986991944
154644.05	125	0.545	-7.903089986991944
154922.462	125	0.55	-7.903089986991944
155223.779	125	0.555	-7.903089986991944
155571.9	125	0.56	-7.903089986991944
155973.067	125	0.565	-7.903089986991944
156354.075	125	0.57	-7.903089986991944
156670.921	125	0.575	-7.903089986991944
157401.44	125	0.58	-7.903089986991944
157730.591	125	0.585	-7.903089986991944
157901.298	125	0.59	-7.903089986991944
158213.887	125	0.595	-7.903089986991944
158375.247	125	0.6	-7.903089986991944
159204.71	125	0.605	-7.903089986991944
159395.93	125	0.61	-7.903089986991944
159574.701	125	0.615	-7.903089986991944
160003.83	125	0.62	-7.903089986991944
160180.977	125	0.625	-7.903089986991944
160454.747	125	0.63	-7.903089986991944
160690.104	125	0.635	-7.903089986991944
160935.992	125	0.64	-7.903089986991944
161736.164	125	0.645	-7.903089986991944
162022.214	125	0.65	-7.903089986991944
162422.922	125	0.655	-7.903089986991944
162713.514	125	0.66	-7.903089986991944
162938.348	125	0.665	-7.903089986991944
163643.614	125	0.67	-7.903089986991944
164020.692	125	0.675	-7.903089986991944
164866.255	125	0.68	-7.903089986991944
165483.944	125	0.685	-7.903089986991944
166627.003	125	0.69	-7.903089986991944
167496.4	125	0.695	-7.903089986991944
167847.185	125	0.7	-7.903089986991944
168636.883	125	0.705	-7.903089986991944
169263.265	125	0.71	-7.903089986991944
169537.489	125	0.715	-7.903089986991944
169807.956	125	0.72	-7.903089986991944
170228.838	125	0.725	-7.903089986991944
170712.955	125	0.73	-7.903089986991944
171258.849	125	0.735	-7.903089986991944
171471.105	125	0.74	-7.903089986991944
171877.732	125	0.745	-7.903089986991944
172673.538	125	0.75	-7.903089986991944
173455.757	125	0.755	-7.903089986991944
173996.366	125	0.76	-7.903089986991944
174225.932	125	0.765	-7.903089986991944
174622.738	125	0.77	-7.903089986991944
175010.905	125	0.775	-7.903089986991944
175394.88	125	0.78	-7.903089986991944
176225.625	125	0.785	-7.903089986991944
176676.214	125	0.79	-7.903089986991944
176945.017	125	0.795	-7.903089986991944
177804.364	125	0.8	-7.903089986991944
178114.686	125	0.805	-7.903089986991944
179141.103	125	0.81	-7.903089986991944
179832.54	125	0.815	-7.903089986991944
180934.646	125	0.82	-7.903089986991944
181361.308	125	0.825	-7.903089986991944
181964.509	125	0.83	-7.903089986991944
182280.971	125	0.835	-7.903089986991944
183383.474	125	0.84	-7.903089986991944
184660.76	125	0.845	-7.903089986991944
185205.164	125	0.85	-7.903089986991944
186383.165	125	0.855	-7.903089986991944
187350.207	125	0.86	-7.903089986991944
187904.187	125	0.865	-7.903089986991944
188335.806	125	0.87	-7.903089986991944
189177.391	125	0.875	-7.903089986991944
190007.051	125	0.88	-7.903089986991944
190625.807	125	0.885	-7.903089986991944
191460.057	125	0.89	-7.903089986991944
192208.154	125	0.895	-7.903089986991944
193120.517	125	0.9	-7.903089986991944
193635.969	125	0.905	-7.903089986991944
194182.495	125	0.91	-7.903089986991944
194887.799	125	0.915	-7.903089986991944
196458.488	125	0.92	-7.903089986991944
196797.953	125	0.925	-7.903089986991944
197606.943	125	0.93	-7.903089986991944
199606.129	125	0.935	-7.903089986991944
200587.42	125	0.94	-7.903089986991944
201714.087	125	0.945	-7.903089986991944
202661.571	125	0.95	-7.903089986991944
205329.36	125	0.955	-7.903089986991944
208963.97	125	0.96	-7.903089986991944
209520.85	125	0.965	-7.903089986991944
212604.414	125	0.97	-7.903089986991944
217594.0	125	0.975	-7.903089986991944
221392.926	125	0.98	-7.903089986991944
226105.704	125	0.985	-7.903089986991944
239289.005	125	0.99	-7.903089986991944
257820.226	125	0.995	-7.903089986991944
162114.192	150	0.5	-7.903089986991944
162469.007	150	0.505	-7.903089986991944
162669.549	150	0.51	-7.903089986991944
162943.437	150	0.515	-7.903089986991944
163263.698	150	0.52	-7.903089986991944
163607.015	150	0.525	-7.903089986991944
163749.771	150	0.53	-7.903089986991944
164014.006	150	0.535	-7.903089986991944
164313.229	150	0.54	-7.903089986991944
164561.186	150	0.545	-7.903089986991944
165059.05	150	0.55	-7.903089986991944
165527.632	150	0.555	-7.903089986991944
165801.222	150	0.56	-7.903089986991944
165974.964	150	0.565	-7.903089986991944
166192.859	150	0.57	-7.903089986991944
166965.925	150	0.575	-7.903089986991944
167180.362	150	0.58	-7.903089986991944
167465.686	150	0.585	-7.903089986991944
167853.333	150	0.59	-7.903089986991944
168094.446	150	0.595	-7.903089986991944
168458.215	150	0.6	-7.903089986991944
168744.897	150	0.605	-7.903089986991944
169148.036	150	0.61	-7.903089986991944
169513.642	150	0.615	-7.903089986991944
170145.6	150	0.62	-7.903089986991944
170815.966	150	0.625	-7.903089986991944
171124.209	150	0.63	-7.903089986991944
171604.379	150	0.635	-7.903089986991944
172108.457	150	0.64	-7.903089986991944
172417.831	150	0.645	-7.903089986991944
172647.017	150	0.65	-7.903089986991944
172848.782	150	0.655	-7.903089986991944
173157.256	150	0.66	-7.903089986991944
173647.926	150	0.665	-7.903089986991944
174011.991	150	0.67	-7.903089986991944
174254.788	150	0.675	-7.903089986991944
174919.611	150	0.68	-7.903089986991944
175139.121	150	0.685	-7.903089986991944
175722.034	150	0.69	-7.903089986991944
175990.908	150	0.695	-7.903089986991944
176537.077	150	0.7	-7.903089986991944
177016.153	150	0.705	-7.903089986991944
177719.665	150	0.71	-7.903089986991944
177946.888	150	0.715	-7.903089986991944
178302.09	150	0.72	-7.903089986991944
178641.036	150	0.725	-7.903089986991944
178879.143	150	0.73	-7.903089986991944
179516.966	150	0.735	-7.903089986991944
180069.403	150	0.74	-7.903089986991944
180282.621	150	0.745	-7.903089986991944
180727.911	150	0.75	-7.903089986991944
181061.086	150	0.755	-7.903089986991944
181598.514	150	0.76	-7.903089986991944
181966.206	150	0.765	-7.903089986991944
182555.345	150	0.77	-7.903089986991944
182921.702	150	0.775	-7.903089986991944
183367.604	150	0.78	-7.903089986991944
183780.364	150	0.785	-7.903089986991944
183976.789	150	0.79	-7.903089986991944
184420.03	150	0.795	-7.903089986991944
184989.13	150	0.8	-7.903089986991944
185352.479	150	0.805	-7.903089986991944
185626.926	150	0.81	-7.903089986991944
186064.327	150	0.815	-7.903089986991944
186485.995	150	0.82	-7.903089986991944
187303.389	150	0.825	-7.903089986991944
188008.704	150	0.83	-7.903089986991944
189001.478	150	0.835	-7.903089986991944
189589.991	150	0.84	-7.903089986991944
190241.776	150	0.845	-7.903089986991944
190566.454	150	0.85	-7.903089986991944
190956.281	150	0.855	-7.903089986991944
191660.641	150	0.86	-7.903089986991944
192407.208	150	0.865	-7.903089986991944
192920.982	150	0.87	-7.903089986991944
194049.464	150	0.875	-7.903089986991944
195459.854	150	0.88	-7.903089986991944
195651.451	150	0.885	-7.903089986991944
196368.368	150	0.89	-7.903089986991944
197113.029	150	0.895	-7.903089986991944
197612.0	150	0.9	-7.903089986991944
199314.558	150	0.905	-7.903089986991944
201151.564	150	0.91	-7.903089986991944
202350.296	150	0.915	-7.903089986991944
203451.302	150	0.92	-7.903089986991944
205169.508	150	0.925	-7.903089986991944
207152.914	150	0.93	-7.903089986991944
209262.315	150	0.935	-7.903089986991944
211301.508	150	0.94	-7.903089986991944
212202.493	150	0.945	-7.903089986991944
214651.794	150	0.95	-7.903089986991944
216353.921	150	0.955	-7.903089986991944
218320.818	150	0.96	-7.903089986991944
220690.104	150	0.965	-7.903089986991944
222025.15	150	0.97	-7.903089986991944
225258.25	150	0.975	-7.903089986991944
229579.458	150	0.98	-7.903089986991944
233302.16	150	0.985	-7.903089986991944
244372.526	150	0.99	-7.903089986991944
283495.948	150	0.995	-7.903089986991944
171504.0	175	0.5	-7.903089986991944
172140.78	175	0.505	-7.903089986991944
172367.454	175	0.51	-7.903089986991944
172649.116	175	0.515	-7.903089986991944
173003.048	175	0.52	-7.903089986991944
173366.237	175	0.525	-7.903089986991944
173609.97	175	0.53	-7.903089986991944
174041.709	175	0.535	-7.903089986991944
174336.883	175	0.54	-7.903089986991944
174670.565	175	0.545	-7.903089986991944
174805.936	175	0.55	-7.903089986991944
175104.8	175	0.555	-7.903089986991944
175540.055	175	0.56	-7.903089986991944
175762.026	175	0.565	-7.903089986991944
176070.499	175	0.57	-7.903089986991944
176844.854	175	0.575	-7.903089986991944
177207.814	175	0.58	-7.903089986991944
177671.133	175	0.585	-7.903089986991944
177792.415	175	0.59	-7.903089986991944
178139.774	175	0.595	-7.903089986991944
178371.457	175	0.6	-7.903089986991944
178633.929	175	0.605	-7.903089986991944
178979.587	175	0.61	-7.903089986991944
179411.312	175	0.615	-7.903089986991944
179741.412	175	0.62	-7.903089986991944
180301.446	175	0.625	-7.903089986991944
180670.753	175	0.63	-7.903089986991944
181318.928	175	0.635	-7.903089986991944
181686.632	175	0.64	-7.903089986991944
182065.606	175	0.645	-7.903089986991944
182288.333	175	0.65	-7.903089986991944
182463.538	175	0.655	-7.903089986991944
182854.425	175	0.66	-7.903089986991944
183214.471	175	0.665	-7.903089986991944
183540.743	175	0.67	-7.903089986991944
184015.527	175	0.675	-7.903089986991944
184247.414	175	0.68	-7.903089986991944
184912.164	175	0.685	-7.903089986991944
185392.783	175	0.69	-7.903089986991944
185818.044	175	0.695	-7.903089986991944
186030.802	175	0.7	-7.903089986991944
186323.048	175	0.705	-7.903089986991944
186527.902	175	0.71	-7.903089986991944
186909.666	175	0.715	-7.903089986991944
187529.879	175	0.72	-7.903089986991944
187737.196	175	0.725	-7.903089986991944
188131.603	175	0.73	-7.903089986991944
188573.557	175	0.735	-7.903089986991944
188828.387	175	0.74	-7.903089986991944
189194.614	175	0.745	-7.903089986991944
189772.619	175	0.75	-7.903089986991944
190264.381	175	0.755	-7.903089986991944
190775.983	175	0.76	-7.903089986991944
191128.397	175	0.765	-7.903089986991944
191602.271	175	0.77	-7.903089986991944
192023.429	175	0.775	-7.903089986991944
192325.695	175	0.78	-7.903089986991944
192877.929	175	0.785	-7.903089986991944
193260.644	175	0.79	-7.903089986991944
194100.815	175	0.795	-7.903089986991944
194833.371	175	0.8	-7.903089986991944
195217.654	175	0.805	-7.903089986991944
195445.908	175	0.81	-7.903089986991944
195877.738	175	0.815	-7.903089986991944
196823.403	175	0.82	-7.903089986991944
197341.285	175	0.825	-7.903089986991944
198013.069	175	0.83	-7.903089986991944
199278.434	175	0.835	-7.903089986991944
199845.284	175	0.84	-7.903089986991944
200101.099	175	0.845	-7.903089986991944
200807.057	175	0.85	-7.903089986991944
201704.4	175	0.855	-7.903089986991944
202642.6	175	0.86	-7.903089986991944
203610.169	175	0.865	-7.903089986991944
204352.266	175	0.87	-7.903089986991944
205173.904	175	0.875	-7.903089986991944
205934.963	175	0.88	-7.903089986991944
206845.96	175	0.885	-7.903089986991944
207229.829	175	0.89	-7.903089986991944
208518.9	175	0.895	-7.903089986991944
209542.468	175	0.9	-7.903089986991944
210015.27	175	0.905	-7.903089986991944
210997.97	175	0.91	-7.903089986991944
212575.387	175	0.915	-7.903089986991944
214206.853	175	0.92	-7.903089986991944
215290.181	175	0.925	-7.903089986991944
215635.965	175	0.93	-7.903089986991944
216477.168	175	0.935	-7.903089986991944
219502.077	175	0.94	-7.903089986991944
220852.704	175	0.945	-7.903089986991944
222136.714	175	0.95	-7.903089986991944
224439.349	175	0.955	-7.903089986991944
225950.483	175	0.96	-7.903089986991944
229690.567	175	0.965	-7.903089986991944
232267.961	175	0.97	-7.903089986991944
234195.632	175	0.975	-7.903089986991944
240880.342	175	0.98	-7.903089986991944
251486.298	175	0.985	-7.903089986991944
267067.557	175	0.99	-7.903089986991944
273968.386	175	0.995	-7.903089986991944
180097.766	200	0.5	-7.903089986991944
180752.408	200	0.505	-7.903089986991944
181202.987	200	0.51	-7.903089986991944
181528.671	200	0.515	-7.903089986991944
181676.418	200	0.52	-7.903089986991944
182077.229	200	0.525	-7.903089986991944
182618.705	200	0.53	-7.903089986991944
182923.714	200	0.535	-7.903089986991944
183249.629	200	0.54	-7.903089986991944
183371.997	200	0.545	-7.903089986991944
183831.06	200	0.55	-7.903089986991944
184264.688	200	0.555	-7.903089986991944
184884.449	200	0.56	-7.903089986991944
185237.459	200	0.565	-7.903089986991944
185609.956	200	0.57	-7.903089986991944
185955.11	200	0.575	-7.903089986991944
186483.417	200	0.58	-7.903089986991944
187050.908	200	0.585	-7.903089986991944
187486.186	200	0.59	-7.903089986991944
187681.843	200	0.595	-7.903089986991944
188021.686	200	0.6	-7.903089986991944
188419.15	200	0.605	-7.903089986991944
188791.257	200	0.61	-7.903089986991944
189115.642	200	0.615	-7.903089986991944
189440.416	200	0.62	-7.903089986991944
189791.463	200	0.625	-7.903089986991944
190356.086	200	0.63	-7.903089986991944
191084.421	200	0.635	-7.903089986991944
191561.795	200	0.64	-7.903089986991944
191976.5	200	0.645	-7.903089986991944
192460.682	200	0.65	-7.903089986991944
192620.74	200	0.655	-7.903089986991944
193041.361	200	0.66	-7.903089986991944
193318.186	200	0.665	-7.903089986991944
193664.426	200	0.67	-7.903089986991944
194100.334	200	0.675	-7.903089986991944
194350.486	200	0.68	-7.903089986991944
194936.695	200	0.685	-7.903089986991944
195096.456	200	0.69	-7.903089986991944
195557.397	200	0.695	-7.903089986991944
195804.764	200	0.7	-7.903089986991944
196418.91	200	0.705	-7.903089986991944
197260.304	200	0.71	-7.903089986991944
197720.107	200	0.715	-7.903089986991944
198385.666	200	0.72	-7.903089986991944
198970.055	200	0.725	-7.903089986991944
199392.718	200	0.73	-7.903089986991944
199938.893	200	0.735	-7.903089986991944
200182.283	200	0.74	-7.903089986991944
200556.452	200	0.745	-7.903089986991944
201072.997	200	0.75	-7.903089986991944
201493.201	200	0.755	-7.903089986991944
202099.523	200	0.76	-7.903089986991944
202525.514	200	0.765	-7.903089986991944
202826.208	200	0.77	-7.903089986991944
203219.453	200	0.775	-7.903089986991944
203735.931	200	0.78	-7.903089986991944
204228.481	200	0.785	-7.903089986991944
205119.008	200	0.79	-7.903089986991944
205509.25	200	0.795	-7.903089986991944
206069.097	200	0.8	-7.903089986991944
206401.685	200	0.805	-7.903089986991944
207156.944	200	0.81	-7.903089986991944
207459.877	200	0.815	-7.903089986991944
207848.857	200	0.82	-7.903089986991944
208944.747	200	0.825	-7.903089986991944
209861.655	200	0.83	-7.903089986991944
210179.654	200	0.835	-7.903089986991944
211114.145	200	0.84	-7.903089986991944
211576.56	200	0.845	-7.903089986991944
212042.595	200	0.85	-7.903089986991944
212677.021	200	0.855	-7.903089986991944
213016.09	200	0.86	-7.903089986991944
213452.388	200	0.865	-7.903089986991944
215344.899	200	0.87	-7.903089986991944
216364.052	200	0.875	-7.903089986991944
216899.31	200	0.88	-7.903089986991944
218165.935	200	0.885	-7.903089986991944
218893.129	200	0.89	-7.903089986991944
219318.104	200	0.895	-7.903089986991944
220009.036	200	0.9	-7.903089986991944
221523.346	200	0.905	-7.903089986991944
222275.0	200	0.91	-7.903089986991944
223044.889	200	0.915	-7.903089986991944
224819.817	200	0.92	-7.903089986991944
225751.429	200	0.925	-7.903089986991944
226501.534	200	0.93	-7.903089986991944
229054.925	200	0.935	-7.903089986991944
230720.486	200	0.94	-7.903089986991944
231904.364	200	0.945	-7.903089986991944
234258.405	200	0.95	-7.903089986991944
238209.373	200	0.955	-7.903089986991944
239455.851	200	0.96	-7.903089986991944
242320.583	200	0.965	-7.903089986991944
244754.426	200	0.97	-7.903089986991944
251318.038	200	0.975	-7.903089986991944
256285.487	200	0.98	-7.903089986991944
260628.957	200	0.985	-7.903089986991944
271873.972	200	0.99	-7.903089986991944
309027.35	200	0.995	-7.903089986991944
189890.274	225	0.5	-7.903089986991944
190225.393	225	0.505	-7.903089986991944
190672.462	225	0.51	-7.903089986991944
190816.975	225	0.515	-7.903089986991944
191042.037	225	0.52	-7.903089986991944
191341.848	225	0.525	-7.903089986991944
191657.594	225	0.53	-7.903089986991944
191805.579	225	0.535	-7.903089986991944
192122.296	225	0.54	-7.903089986991944
192645.34	225	0.545	-7.903089986991944
193140.295	225	0.55	-7.903089986991944
193477.359	225	0.555	-7.903089986991944
193682.618	225	0.56	-7.903089986991944
193957.753	225	0.565	-7.903089986991944
194210.006	225	0.57	-7.903089986991944
194492.291	225	0.575	-7.903089986991944
194728.366	225	0.58	-7.903089986991944
195167.044	225	0.585	-7.903089986991944
195539.843	225	0.59	-7.903089986991944
196337.618	225	0.595	-7.903089986991944
196522.571	225	0.6	-7.903089986991944
196839.58	225	0.605	-7.903089986991944
197443.929	225	0.61	-7.903089986991944
197787.553	225	0.615	-7.903089986991944
198030.713	225	0.62	-7.903089986991944
198343.527	225	0.625	-7.903089986991944
198710.829	225	0.63	-7.903089986991944
199227.86	225	0.635	-7.903089986991944
199532.826	225	0.64	-7.903089986991944
199988.125	225	0.645	-7.903089986991944
200523.575	225	0.65	-7.903089986991944
201337.728	225	0.655	-7.903089986991944
201678.714	225	0.66	-7.903089986991944
202314.188	225	0.665	-7.903089986991944
202494.367	225	0.67	-7.903089986991944
202734.714	225	0.675	-7.903089986991944
203183.191	225	0.68	-7.903089986991944
203492.674	225	0.685	-7.903089986991944
203867.368	225	0.69	-7.903089986991944
204434.65	225	0.695	-7.903089986991944
204853.857	225	0.7	-7.903089986991944
205236.285	225	0.705	-7.903089986991944
205665.094	225	0.71	-7.903089986991944
206016.681	225	0.715	-7.903089986991944
206457.018	225	0.72	-7.903089986991944
206863.294	225	0.725	-7.903089986991944
207144.691	225	0.73	-7.903089986991944
208154.463	225	0.735	-7.903089986991944
208759.734	225	0.74	-7.903089986991944
209286.429	225	0.745	-7.903089986991944
210143.143	225	0.75	-7.903089986991944
210517.671	225	0.755	-7.903089986991944
211020.289	225	0.76	-7.903089986991944
211384.874	225	0.765	-7.903089986991944
211552.175	225	0.77	-7.903089986991944
212316.898	225	0.775	-7.903089986991944
212778.779	225	0.78	-7.903089986991944
213258.6	225	0.785	-7.903089986991944
213783.357	225	0.79	-7.903089986991944
214257.001	225	0.795	-7.903089986991944
215079.762	225	0.8	-7.903089986991944
215338.482	225	0.805	-7.903089986991944
215689.243	225	0.81	-7.903089986991944
216202.478	225	0.815	-7.903089986991944
216670.985	225	0.82	-7.903089986991944
217370.66	225	0.825	-7.903089986991944
217836.016	225	0.83	-7.903089986991944
218056.051	225	0.835	-7.903089986991944
218553.417	225	0.84	-7.903089986991944
219384.901	225	0.845	-7.903089986991944
220022.214	225	0.85	-7.903089986991944
220440.394	225	0.855	-7.903089986991944
220895.061	225	0.86	-7.903089986991944
221746.25	225	0.865	-7.903089986991944
222117.943	225	0.87	-7.903089986991944
222621.964	225	0.875	-7.903089986991944
223176.967	225	0.88	-7.903089986991944
224643.793	225	0.885	-7.903089986991944
226139.039	225	0.89	-7.903089986991944
226977.136	225	0.895	-7.903089986991944
227435.414	225	0.9	-7.903089986991944
228357.251	225	0.905	-7.903089986991944
230628.411	225	0.91	-7.903089986991944
231717.52	225	0.915	-7.903089986991944
233437.257	225	0.92	-7.903089986991944
234837.711	225	0.925	-7.903089986991944
238380.13	225	0.93	-7.903089986991944
241692.376	225	0.935	-7.903089986991944
244797.108	225	0.94	-7.903089986991944
247002.318	225	0.945	-7.903089986991944
249233.396	225	0.95	-7.903089986991944
251540.833	225	0.955	-7.903089986991944
254725.22	225	0.96	-7.903089986991944
259151.125	225	0.965	-7.903089986991944
263514.3	225	0.97	-7.903089986991944
269123.352	225	0.975	-7.903089986991944
274669.973	225	0.98	-7.903089986991944
277369.65	225	0.985	-7.903089986991944
289118.985	225	0.99	-7.903089986991944
321557.708	225	0.995	-7.903089986991944
198922.929	250	0.5	-7.903089986991944
199155.257	250	0.505	-7.903089986991944
199438.708	250	0.51	-7.903089986991944
199723.459	250	0.515	-7.903089986991944
199996.883	250	0.52	-7.903089986991944
200280.455	250	0.525	-7.903089986991944
200539.22	250	0.53	-7.903089986991944
201028.336	250	0.535	-7.903089986991944
201511.927	250	0.54	-7.903089986991944
201784.98	250	0.545	-7.903089986991944
202313.357	250	0.55	-7.903089986991944
202540.915	250	0.555	-7.903089986991944
202751.249	250	0.56	-7.903089986991944
203296.868	250	0.565	-7.903089986991944
203553.704	250	0.57	-7.903089986991944
203903.816	250	0.575	-7.903089986991944
204452.412	250	0.58	-7.903089986991944
204790.107	250	0.585	-7.903089986991944
205108.073	250	0.59	-7.903089986991944
205222.886	250	0.595	-7.903089986991944
205600.086	250	0.6	-7.903089986991944
206394.653	250	0.605	-7.903089986991944
206573.299	250	0.61	-7.903089986991944
206825.627	250	0.615	-7.903089986991944
207099.657	250	0.62	-7.903089986991944
207318.037	250	0.625	-7.903089986991944
207781.971	250	0.63	-7.903089986991944
207981.978	250	0.635	-7.903089986991944
208396.846	250	0.64	-7.903089986991944
208811.631	250	0.645	-7.903089986991944
208979.275	250	0.65	-7.903089986991944
209330.746	250	0.655	-7.903089986991944
209526.8	250	0.66	-7.903089986991944
210029.571	250	0.665	-7.903089986991944
210353.167	250	0.67	-7.903089986991944
210752.643	250	0.675	-7.903089986991944
211144.343	250	0.68	-7.903089986991944
211480.114	250	0.685	-7.903089986991944
211901.551	250	0.69	-7.903089986991944
212352.817	250	0.695	-7.903089986991944
212912.879	250	0.7	-7.903089986991944
213191.717	250	0.705	-7.903089986991944
213385.664	250	0.71	-7.903089986991944
213663.572	250	0.715	-7.903089986991944
214046.743	250	0.72	-7.903089986991944
214353.007	250	0.725	-7.903089986991944
214759.014	250	0.73	-7.903089986991944
215391.169	250	0.735	-7.903089986991944
215957.037	250	0.74	-7.903089986991944
216194.814	250	0.745	-7.903089986991944
216541.456	250	0.75	-7.903089986991944
216978.021	250	0.755	-7.903089986991944
217465.186	250	0.76	-7.903089986991944
217700.953	250	0.765	-7.903089986991944
217988.081	250	0.77	-7.903089986991944
218725.818	250	0.775	-7.903089986991944
219026.267	250	0.78	-7.903089986991944
219846.642	250	0.785	-7.903089986991944
220056.82	250	0.79	-7.903089986991944
220771.043	250	0.795	-7.903089986991944
221077.411	250	0.8	-7.903089986991944
221609.712	250	0.805	-7.903089986991944
223097.864	250	0.81	-7.903089986991944
223651.9	250	0.815	-7.903089986991944
224447.361	250	0.82	-7.903089986991944
225160.477	250	0.825	-7.903089986991944
225578.99	250	0.83	-7.903089986991944
226298.855	250	0.835	-7.903089986991944
227031.966	250	0.84	-7.903089986991944
227281.723	250	0.845	-7.903089986991944
228014.129	250	0.85	-7.903089986991944
228435.7	250	0.855	-7.903089986991944
229016.577	250	0.86	-7.903089986991944
229448.868	250	0.865	-7.903089986991944
230054.481	250	0.87	-7.903089986991944
230546.786	250	0.875	-7.903089986991944
230924.691	250	0.88	-7.903089986991944
231572.712	250	0.885	-7.903089986991944
232620.434	250	0.89	-7.903089986991944
234199.986	250	0.895	-7.903089986991944
235002.921	250	0.9	-7.903089986991944
236073.2	250	0.905	-7.903089986991944
237289.966	250	0.91	-7.903089986991944
239290.107	250	0.915	-7.903089986991944
240546.194	250	0.92	-7.903089986991944
241713.036	250	0.925	-7.903089986991944
242980.746	250	0.93	-7.903089986991944
245094.621	250	0.935	-7.903089986991944
247150.006	250	0.94	-7.903089986991944
247996.167	250	0.945	-7.903089986991944
249986.264	250	0.95	-7.903089986991944
251500.015	250	0.955	-7.903089986991944
255856.097	250	0.96	-7.903089986991944
258468.553	250	0.965	-7.903089986991944
263075.588	250	0.97	-7.903089986991944
268389.109	250	0.975	-7.903089986991944
275889.887	250	0.98	-7.903089986991944
280395.329	250	0.985	-7.903089986991944
291605.76	250	0.99	-7.903089986991944
314062.101	250	0.995	-7.903089986991944
205701.429	275	0.5	-7.903089986991944
206133.974	275	0.505	-7.903089986991944
206637.086	275	0.51	-7.903089986991944
206891.7	275	0.515	-7.903089986991944
207403.577	275	0.52	-7.903089986991944
207771.355	275	0.525	-7.903089986991944
208184.821	275	0.53	-7.903089986991944
208639.135	275	0.535	-7.903089986991944
208976.38	275	0.54	-7.903089986991944
209229.732	275	0.545	-7.903089986991944
209770.071	275	0.55	-7.903089986991944
210230.494	275	0.555	-7.903089986991944
210478.092	275	0.56	-7.903089986991944
210694.284	275	0.565	-7.903089986991944
211299.212	275	0.57	-7.903089986991944
211489.22	275	0.575	-7.903089986991944
211726.061	275	0.58	-7.903089986991944
211875.781	275	0.585	-7.903089986991944
212270.041	275	0.59	-7.903089986991944
212813.536	275	0.595	-7.903089986991944
213436.886	275	0.6	-7.903089986991944
213864.479	275	0.605	-7.903089986991944
214315.247	275	0.61	-7.903089986991944
214899.621	275	0.615	-7.903089986991944
215533.539	275	0.62	-7.903089986991944
215801.652	275	0.625	-7.903089986991944
216218.916	275	0.63	-7.903089986991944
216563.964	275	0.635	-7.903089986991944
216818.0	275	0.64	-7.903089986991944
217186.186	275	0.645	-7.903089986991944
217967.714	275	0.65	-7.903089986991944
218359.931	275	0.655	-7.903089986991944
219008.2	275	0.66	-7.903089986991944
219414.982	275	0.665	-7.903089986991944
219914.038	275	0.67	-7.903089986991944
220447.723	275	0.675	-7.903089986991944
220850.554	275	0.68	-7.903089986991944
221142.047	275	0.685	-7.903089986991944
221881.671	275	0.69	-7.903089986991944
222174.136	275	0.695	-7.903089986991944
222501.879	275	0.7	-7.903089986991944
222825.686	275	0.705	-7.903089986991944
223354.143	275	0.71	-7.903089986991944
223607.563	275	0.715	-7.903089986991944
224011.158	275	0.72	-7.903089986991944
224601.036	275	0.725	-7.903089986991944
224933.029	275	0.73	-7.903089986991944
225398.246	275	0.735	-7.903089986991944
225678.076	275	0.74	-7.903089986991944
226240.493	275	0.745	-7.903089986991944
226470.375	275	0.75	-7.903089986991944
226821.645	275	0.755	-7.903089986991944
227462.4	275	0.76	-7.903089986991944
228145.938	275	0.765	-7.903089986991944
228510.345	275	0.77	-7.903089986991944
229453.179	275	0.775	-7.903089986991944
229917.846	275	0.78	-7.903089986991944
230469.471	275	0.785	-7.903089986991944
230984.651	275	0.79	-7.903089986991944
231427.121	275	0.795	-7.903089986991944
231780.809	275	0.8	-7.903089986991944
232229.1	275	0.805	-7.903089986991944
232940.386	275	0.81	-7.903089986991944
233707.126	275	0.815	-7.903089986991944
233986.288	275	0.82	-7.903089986991944
234744.75	275	0.825	-7.903089986991944
235088.743	275	0.83	-7.903089986991944
235601.941	275	0.835	-7.903089986991944
236211.451	275	0.84	-7.903089986991944
236953.525	275	0.845	-7.903089986991944
237955.336	275	0.85	-7.903089986991944
238879.486	275	0.855	-7.903089986991944
239718.326	275	0.86	-7.903089986991944
240602.49	275	0.865	-7.903089986991944
241205.228	275	0.87	-7.903089986991944
241728.643	275	0.875	-7.903089986991944
242874.114	275	0.88	-7.903089986991944
243814.551	275	0.885	-7.903089986991944
244314.043	275	0.89	-7.903089986991944
245884.357	275	0.895	-7.903089986991944
246371.221	275	0.9	-7.903089986991944
247284.286	275	0.905	-7.903089986991944
247841.651	275	0.91	-7.903089986991944
249173.22	275	0.915	-7.903089986991944
251076.809	275	0.92	-7.903089986991944
252940.143	275	0.925	-7.903089986991944
254022.209	275	0.93	-7.903089986991944
256522.647	275	0.935	-7.903089986991944
257836.776	275	0.94	-7.903089986991944
261276.809	275	0.945	-7.903089986991944
262190.786	275	0.95	-7.903089986991944
263730.11	275	0.955	-7.903089986991944
266246.734	275	0.96	-7.903089986991944
269136.843	275	0.965	-7.903089986991944
271218.502	275	0.97	-7.903089986991944
282914.589	275	0.975	-7.903089986991944
285113.057	275	0.98	-7.903089986991944
289476.42	275	0.985	-7.903089986991944
304816.84	275	0.99	-7.903089986991944
320376.52	275	0.995	-7.903089986991944
213957.964	300	0.5	-7.903089986991944
214195.995	300	0.505	-7.903089986991944
214580.895	300	0.51	-7.903089986991944
214806.092	300	0.515	-7.903089986991944
215297.177	300	0.52	-7.903089986991944
215745.134	300	0.525	-7.903089986991944
215950.123	300	0.53	-7.903089986991944
216267.626	300	0.535	-7.903089986991944
216579.286	300	0.54	-7.903089986991944
216956.571	300	0.545	-7.903089986991944
217470.995	300	0.55	-7.903089986991944
217633.029	300	0.555	-7.903089986991944
217891.698	300	0.56	-7.903089986991944
218482.16	300	0.565	-7.903089986991944
218976.214	300	0.57	-7.903089986991944
219169.984	300	0.575	-7.903089986991944
219298.346	300	0.58	-7.903089986991944
219530.771	300	0.585	-7.903089986991944
219944.776	300	0.59	-7.903089986991944
220477.145	300	0.595	-7.903089986991944
220803.121	300	0.6	-7.903089986991944
221038.236	300	0.605	-7.903089986991944
221396.657	300	0.61	-7.903089986991944
221969.72	300	0.615	-7.903089986991944
222606.717	300	0.62	-7.903089986991944
222879.451	300	0.625	-7.903089986991944
223229.963	300	0.63	-7.903089986991944
223624.94	300	0.635	-7.903089986991944
223972.671	300	0.64	-7.903089986991944
224340.282	300	0.645	-7.903089986991944
224537.473	300	0.65	-7.903089986991944
225006.122	300	0.655	-7.903089986991944
225309.371	300	0.66	-7.903089986991944
225643.964	300	0.665	-7.903089986991944
225987.5	300	0.67	-7.903089986991944
226282.773	300	0.675	-7.903089986991944
226728.169	300	0.68	-7.903089986991944
227198.311	300	0.685	-7.903089986991944
227645.366	300	0.69	-7.903089986991944
228644.494	300	0.695	-7.903089986991944
228934.7	300	0.7	-7.903089986991944
229373.404	300	0.705	-7.903089986991944
229737.873	300	0.71	-7.903089986991944
230049.757	300	0.715	-7.903089986991944
230284.535	300	0.72	-7.903089986991944
230732.613	300	0.725	-7.903089986991944
231004.298	300	0.73	-7.903089986991944
231594.299	300	0.735	-7.903089986991944
232342.751	300	0.74	-7.903089986991944
232800.974	300	0.745	-7.903089986991944
233096.75	300	0.75	-7.903089986991944
233555.749	300	0.755	-7.903089986991944
233810.643	300	0.76	-7.903089986991944
234075.421	300	0.765	-7.903089986991944
234439.08	300	0.77	-7.903089986991944
234743.821	300	0.775	-7.903089986991944
235113.543	300	0.78	-7.903089986991944
235821.551	300	0.785	-7.903089986991944
236231.791	300	0.79	-7.903089986991944
236892.061	300	0.795	-7.903089986991944
237608.0	300	0.8	-7.903089986991944
238120.117	300	0.805	-7.903089986991944
238655.227	300	0.81	-7.903089986991944
239046.729	300	0.815	-7.903089986991944
239565.4	300	0.82	-7.903089986991944
240150.33	300	0.825	-7.903089986991944
240863.157	300	0.83	-7.903089986991944
241905.264	300	0.835	-7.903089986991944
242616.88	300	0.84	-7.903089986991944
243230.982	300	0.845	-7.903089986991944
243977.307	300	0.85	-7.903089986991944
244606.8	300	0.855	-7.903089986991944
246059.046	300	0.86	-7.903089986991944
246807.955	300	0.865	-7.903089986991944
247997.596	300	0.87	-7.903089986991944
249277.58	300	0.875	-7.903089986991944
250087.711	300	0.88	-7.903089986991944
251079.755	300	0.885	-7.903089986991944
252974.208	300	0.89	-7.903089986991944
254261.95	300	0.895	-7.903089986991944
255428.571	300	0.9	-7.903089986991944
256154.914	300	0.905	-7.903089986991944
257976.489	300	0.91	-7.903089986991944
260166.02	300	0.915	-7.903089986991944
262133.614	300	0.92	-7.903089986991944
263222.929	300	0.925	-7.903089986991944
265373.314	300	0.93	-7.903089986991944
267707.257	300	0.935	-7.903089986991944
268158.801	300	0.94	-7.903089986991944
270165.057	300	0.945	-7.903089986991944
272292.211	300	0.95	-7.903089986991944
276944.496	300	0.955	-7.903089986991944
278249.383	300	0.96	-7.903089986991944
286737.952	300	0.965	-7.903089986991944
291228.238	300	0.97	-7.903089986991944
301514.823	300	0.975	-7.903089986991944
307197.677	300	0.98	-7.903089986991944
316178.579	300	0.985	-7.903089986991944
323156.643	300	0.99	-7.903089986991944
351634.043	300	0.995	-7.903089986991944
220770.143	325	0.5	-7.903089986991944
221498.278	325	0.505	-7.903089986991944
221887.799	325	0.51	-7.903089986991944
222279.552	325	0.515	-7.903089986991944
222894.686	325	0.52	-7.903089986991944
223320.22	325	0.525	-7.903089986991944
223622.225	325	0.53	-7.903089986991944
223854.935	325	0.535	-7.903089986991944
224249.849	325	0.54	-7.903089986991944
224640.307	325	0.545	-7.903089986991944
225182.604	325	0.55	-7.903089986991944
225743.221	325	0.555	-7.903089986991944
225944.286	325	0.56	-7.903089986991944
226221.24	325	0.565	-7.903089986991944
226385.643	325	0.57	-7.903089986991944
226775.0	325	0.575	-7.903089986991944
226825.659	325	0.58	-7.903089986991944
226989.35	325	0.585	-7.903089986991944
227171.874	325	0.59	-7.903089986991944
227461.643	325	0.595	-7.903089986991944
227865.143	325	0.6	-7.903089986991944
228095.822	325	0.605	-7.903089986991944
228589.844	325	0.61	-7.903089986991944
228861.639	325	0.615	-7.903089986991944
229183.647	325	0.62	-7.903089986991944
229376.58	325	0.625	-7.903089986991944
229794.33	325	0.63	-7.903089986991944
230312.736	325	0.635	-7.903089986991944
230525.954	325	0.64	-7.903089986991944
231191.619	325	0.645	-7.903089986991944
231679.723	325	0.65	-7.903089986991944
231898.119	325	0.655	-7.903089986991944
232337.486	325	0.66	-7.903089986991944
232991.145	325	0.665	-7.903089986991944
233292.4	325	0.67	-7.903089986991944
233614.68	325	0.675	-7.903089986991944
233940.475	325	0.68	-7.903089986991944
234654.597	325	0.685	-7.903089986991944
235108.414	325	0.69	-7.903089986991944
235407.093	325	0.695	-7.903089986991944
235856.987	325	0.7	-7.903089986991944
236534.293	325	0.705	-7.903089986991944
236944.706	325	0.71	-7.903089986991944
237074.698	325	0.715	-7.903089986991944
237325.742	325	0.72	-7.903089986991944
237601.714	325	0.725	-7.903089986991944
238040.204	325	0.73	-7.903089986991944
238907.879	325	0.735	-7.903089986991944
239461.824	325	0.74	-7.903089986991944
239906.143	325	0.745	-7.903089986991944
240450.411	325	0.75	-7.903089986991944
241044.714	325	0.755	-7.903089986991944
241412.054	325	0.76	-7.903089986991944
242577.061	325	0.765	-7.903089986991944
243304.428	325	0.77	-7.903089986991944
244230.77	325	0.775	-7.903089986991944
244766.244	325	0.78	-7.903089986991944
245183.829	325	0.785	-7.903089986991944
246095.798	325	0.79	-7.903089986991944
247059.393	325	0.795	-7.903089986991944
247833.143	325	0.8	-7.903089986991944
248533.057	325	0.805	-7.903089986991944
248998.271	325	0.81	-7.903089986991944
249339.436	325	0.815	-7.903089986991944
250749.714	325	0.82	-7.903089986991944
251011.929	325	0.825	-7.903089986991944
251505.012	325	0.83	-7.903089986991944
252034.476	325	0.835	-7.903089986991944
252770.968	325	0.84	-7.903089986991944
253802.762	325	0.845	-7.903089986991944
254404.5	325	0.85	-7.903089986991944
255293.758	325	0.855	-7.903089986991944
256765.486	325	0.86	-7.903089986991944
257846.94	325	0.865	-7.903089986991944
258782.686	325	0.87	-7.903089986991944
259947.875	325	0.875	-7.903089986991944
260818.883	325	0.88	-7.903089986991944
261546.493	325	0.885	-7.903089986991944
262408.868	325	0.89	-7.903089986991944
264198.937	325	0.895	-7.903089986991944
266684.524	325	0.9	-7.903089986991944
268617.714	325	0.905	-7.903089986991944
270317.9	325	0.91	-7.903089986991944
271362.7	325	0.915	-7.903089986991944
273904.743	325	0.92	-7.903089986991944
276925.742	325	0.925	-7.903089986991944
279333.963	325	0.93	-7.903089986991944
280043.157	325	0.935	-7.903089986991944
281770.094	325	0.94	-7.903089986991944
284796.61	325	0.945	-7.903089986991944
287563.232	325	0.95	-7.903089986991944
291255.05	325	0.955	-7.903089986991944
293823.829	325	0.96	-7.903089986991944
300086.257	325	0.965	-7.903089986991944
305612.6	325	0.97	-7.903089986991944
308903.071	325	0.975	-7.903089986991944
317433.689	325	0.98	-7.903089986991944
332285.721	325	0.985	-7.903089986991944
345253.632	325	0.99	-7.903089986991944
375367.687	325	0.995	-7.903089986991944
227055.786	350	0.5	-7.903089986991944
227633.383	350	0.505	-7.903089986991944
228173.84	350	0.51	-7.903089986991944
228620.264	350	0.515	-7.903089986991944
229097.967	350	0.52	-7.903089986991944
229348.538	350	0.525	-7.903089986991944
229614.731	350	0.53	-7.903089986991944
229872.009	350	0.535	-7.903089986991944
230345.8	350	0.54	-7.903089986991944
230607.064	350	0.545	-7.903089986991944
230835.827	350	0.55	-7.903089986991944
231332.188	350	0.555	-7.903089986991944
231725.263	350	0.56	-7.903089986991944
231977.69	350	0.565	-7.903089986991944
232466.253	350	0.57	-7.903089986991944
232571.071	350	0.575	-7.903089986991944
232942.029	350	0.58	-7.903089986991944
233346.7	350	0.585	-7.903089986991944
233769.94	350	0.59	-7.903089986991944
233815.536	350	0.595	-7.903089986991944
234228.614	350	0.6	-7.903089986991944
234747.013	350	0.605	-7.903089986991944
235576.729	350	0.61	-7.903089986991944
236017.614	350	0.615	-7.903089986991944
236408.686	350	0.62	-7.903089986991944
236693.5	350	0.625	-7.903089986991944
237096.186	350	0.63	-7.903089986991944
237614.4	350	0.635	-7.903089986991944
237866.627	350	0.64	-7.903089986991944
238098.679	350	0.645	-7.903089986991944
238408.643	350	0.65	-7.903089986991944
238885.899	350	0.655	-7.903089986991944
239328.09	350	0.66	-7.903089986991944
239951.71	350	0.665	-7.903089986991944
240312.641	350	0.67	-7.903089986991944
240924.309	350	0.675	-7.903089986991944
241338.866	350	0.68	-7.903089986991944
241580.694	350	0.685	-7.903089986991944
242173.946	350	0.69	-7.903089986991944
242452.579	350	0.695	-7.903089986991944
242732.164	350	0.7	-7.903089986991944
243089.657	350	0.705	-7.903089986991944
243375.343	350	0.71	-7.903089986991944
243613.458	350	0.715	-7.903089986991944
244135.183	350	0.72	-7.903089986991944
244584.416	350	0.725	-7.903089986991944
245203.438	350	0.73	-7.903089986991944
245604.705	350	0.735	-7.903089986991944
246294.799	350	0.74	-7.903089986991944
246628.29	350	0.745	-7.903089986991944
246885.161	350	0.75	-7.903089986991944
247336.743	350	0.755	-7.903089986991944
248041.822	350	0.76	-7.903089986991944
248603.64	350	0.765	-7.903089986991944
249596.039	350	0.77	-7.903089986991944
250118.825	350	0.775	-7.903089986991944
250467.857	350	0.78	-7.903089986991944
250671.929	350	0.785	-7.903089986991944
251208.24	350	0.79	-7.903089986991944
252644.322	350	0.795	-7.903089986991944
252976.205	350	0.8	-7.903089986991944
254319.14	350	0.805	-7.903089986991944
255142.741	350	0.81	-7.903089986991944
255567.782	350	0.815	-7.903089986991944
256252.116	350	0.82	-7.903089986991944
257083.33	350	0.825	-7.903089986991944
257981.839	350	0.83	-7.903089986991944
258524.02	350	0.835	-7.903089986991944
259176.66	350	0.84	-7.903089986991944
259530.834	350	0.845	-7.903089986991944
260186.621	350	0.85	-7.903089986991944
261011.783	350	0.855	-7.903089986991944
261687.699	350	0.86	-7.903089986991944
262275.66	350	0.865	-7.903089986991944
262812.891	350	0.87	-7.903089986991944
263075.205	350	0.875	-7.903089986991944
263744.8	350	0.88	-7.903089986991944
264556.95	350	0.885	-7.903089986991944
266553.918	350	0.89	-7.903089986991944
268344.691	350	0.895	-7.903089986991944
269221.079	350	0.9	-7.903089986991944
271143.929	350	0.905	-7.903089986991944
273167.452	350	0.91	-7.903089986991944
274888.793	350	0.915	-7.903089986991944
277084.623	350	0.92	-7.903089986991944
279232.827	350	0.925	-7.903089986991944
280870.669	350	0.93	-7.903089986991944
282371.966	350	0.935	-7.903089986991944
285186.244	350	0.94	-7.903089986991944
286903.379	350	0.945	-7.903089986991944
288450.071	350	0.95	-7.903089986991944
291276.758	350	0.955	-7.903089986991944
296364.957	350	0.96	-7.903089986991944
300816.824	350	0.965	-7.903089986991944
308029.843	350	0.97	-7.903089986991944
311906.429	350	0.975	-7.903089986991944
324245.4	350	0.98	-7.903089986991944
333337.647	350	0.985	-7.903089986991944
365686.429	350	0.99	-7.903089986991944
410896.507	350	0.995	-7.903089986991944
233839.881	375	0.5	-7.903089986991944
234132.201	375	0.505	-7.903089986991944
234611.039	375	0.51	-7.903089986991944
235139.843	375	0.515	-7.903089986991944
235430.651	375	0.52	-7.903089986991944
235783.536	375	0.525	-7.903089986991944
236122.25	375	0.53	-7.903089986991944
236463.95	375	0.535	-7.903089986991944
236866.153	375	0.54	-7.903089986991944
237581.076	375	0.545	-7.903089986991944
237770.709	375	0.55	-7.903089986991944
237979.05	375	0.555	-7.903089986991944
238170.78	375	0.56	-7.903089986991944
238590.338	375	0.565	-7.903089986991944
239136.236	375	0.57	-7.903089986991944
239435.871	375	0.575	-7.903089986991944
239959.744	375	0.58	-7.903089986991944
240259.0	375	0.585	-7.903089986991944
240528.514	375	0.59	-7.903089986991944
241080.943	375	0.595	-7.903089986991944
241624.657	375	0.6	-7.903089986991944
241846.61	375	0.605	-7.903089986991944
242275.431	375	0.61	-7.903089986991944
242408.686	375	0.615	-7.903089986991944
242804.187	375	0.62	-7.903089986991944
243161.277	375	0.625	-7.903089986991944
243579.096	375	0.63	-7.903089986991944
244072.269	375	0.635	-7.903089986991944
244547.009	375	0.64	-7.903089986991944
244778.25	375	0.645	-7.903089986991944
245101.0	375	0.65	-7.903089986991944
245525.918	375	0.655	-7.903089986991944
246079.2	375	0.66	-7.903089986991944
246442.531	375	0.665	-7.903089986991944
247000.71	375	0.67	-7.903089986991944
247325.112	375	0.675	-7.903089986991944
247535.18	375	0.68	-7.903089986991944
248195.029	375	0.685	-7.903089986991944
248494.518	375	0.69	-7.903089986991944
248955.058	375	0.695	-7.903089986991944
249294.15	375	0.7	-7.903089986991944
249944.25	375	0.705	-7.903089986991944
250523.235	375	0.71	-7.903089986991944
251397.404	375	0.715	-7.903089986991944
252005.323	375	0.72	-7.903089986991944
252331.643	375	0.725	-7.903089986991944
252876.757	375	0.73	-7.903089986991944
253377.086	375	0.735	-7.903089986991944
254215.073	375	0.74	-7.903089986991944
254503.033	375	0.745	-7.903089986991944
255061.982	375	0.75	-7.903089986991944
255605.74	375	0.755	-7.903089986991944
255958.094	375	0.76	-7.903089986991944
256343.138	375	0.765	-7.903089986991944
256771.766	375	0.77	-7.903089986991944
257469.725	375	0.775	-7.903089986991944
257945.569	375	0.78	-7.903089986991944
258693.071	375	0.785	-7.903089986991944
259198.699	375	0.79	-7.903089986991944
259393.606	375	0.795	-7.903089986991944
260400.286	375	0.8	-7.903089986991944
260943.057	375	0.805	-7.903089986991944
261288.186	375	0.81	-7.903089986991944
261798.478	375	0.815	-7.903089986991944
262330.044	375	0.82	-7.903089986991944
263037.214	375	0.825	-7.903089986991944
264372.426	375	0.83	-7.903089986991944
264946.371	375	0.835	-7.903089986991944
265863.486	375	0.84	-7.903089986991944
266911.954	375	0.845	-7.903089986991944
267344.286	375	0.85	-7.903089986991944
268179.69	375	0.855	-7.903089986991944
268941.761	375	0.86	-7.903089986991944
269778.436	375	0.865	-7.903089986991944
271009.457	375	0.87	-7.903089986991944
272491.562	375	0.875	-7.903089986991944
273632.057	375	0.88	-7.903089986991944
274526.377	375	0.885	-7.903089986991944
275514.257	375	0.89	-7.903089986991944
276800.743	375	0.895	-7.903089986991944
277999.086	375	0.9	-7.903089986991944
278542.314	375	0.905	-7.903089986991944
279434.543	375	0.91	-7.903089986991944
281223.286	375	0.915	-7.903089986991944
282035.737	375	0.92	-7.903089986991944
283632.929	375	0.925	-7.903089986991944
285314.871	375	0.93	-7.903089986991944
286517.371	375	0.935	-7.903089986991944
288430.257	375	0.94	-7.903089986991944
291556.855	375	0.945	-7.903089986991944
297260.507	375	0.95	-7.903089986991944
299634.268	375	0.955	-7.903089986991944
304013.509	375	0.96	-7.903089986991944
305918.854	375	0.965	-7.903089986991944
308384.929	375	0.97	-7.903089986991944
311800.107	375	0.975	-7.903089986991944
318761.549	375	0.98	-7.903089986991944
335474.435	375	0.985	-7.903089986991944
344252.533	375	0.99	-7.903089986991944
364122.399	375	0.995	-7.903089986991944
238765.036	400	0.5	-7.903089986991944
239030.179	400	0.505	-7.903089986991944
239290.736	400	0.51	-7.903089986991944
239758.563	400	0.515	-7.903089986991944
240169.486	400	0.52	-7.903089986991944
240583.975	400	0.525	-7.903089986991944
241050.943	400	0.53	-7.903089986991944
241491.879	400	0.535	-7.903089986991944
241989.294	400	0.54	-7.903089986991944
242542.968	400	0.545	-7.903089986991944
243060.55	400	0.55	-7.903089986991944
243240.339	400	0.555	-7.903089986991944
243731.531	400	0.56	-7.903089986991944
243941.323	400	0.565	-7.903089986991944
244549.287	400	0.57	-7.903089986991944
245179.632	400	0.575	-7.903089986991944
245531.829	400	0.58	-7.903089986991944
245963.5	400	0.585	-7.903089986991944
246229.871	400	0.59	-7.903089986991944
247172.65	400	0.595	-7.903089986991944
247645.143	400	0.6	-7.903089986991944
248245.772	400	0.605	-7.903089986991944
248768.186	400	0.61	-7.903089986991944
249036.126	400	0.615	-7.903089986991944
249601.057	400	0.62	-7.903089986991944
250044.464	400	0.625	-7.903089986991944
250612.596	400	0.63	-7.903089986991944
251244.443	400	0.635	-7.903089986991944
251675.714	400	0.64	-7.903089986991944
252151.524	400	0.645	-7.903089986991944
252588.104	400	0.65	-7.903089986991944
252894.823	400	0.655	-7.903089986991944
253359.217	400	0.66	-7.903089986991944
253871.828	400	0.665	-7.903089986991944
254635.636	400	0.67	-7.903089986991944
255033.905	400	0.675	-7.903089986991944
255273.771	400	0.68	-7.903089986991944
255801.906	400	0.685	-7.903089986991944
256409.97	400	0.69	-7.903089986991944
256946.263	400	0.695	-7.903089986991944
257287.521	400	0.7	-7.903089986991944
257704.414	400	0.705	-7.903089986991944
258337.862	400	0.71	-7.903089986991944
258728.544	400	0.715	-7.903089986991944
259354.126	400	0.72	-7.903089986991944
259641.102	400	0.725	-7.903089986991944
260758.605	400	0.73	-7.903089986991944
261914.731	400	0.735	-7.903089986991944
262658.824	400	0.74	-7.903089986991944
263429.718	400	0.745	-7.903089986991944
263573.946	400	0.75	-7.903089986991944
264528.945	400	0.755	-7.903089986991944
265250.68	400	0.76	-7.903089986991944
265780.886	400	0.765	-7.903089986991944
266069.247	400	0.77	-7.903089986991944
266928.607	400	0.775	-7.903089986991944
267638.433	400	0.78	-7.903089986991944
268676.762	400	0.785	-7.903089986991944
269355.243	400	0.79	-7.903089986991944
270053.72	400	0.795	-7.903089986991944
270798.586	400	0.8	-7.903089986991944
271111.321	400	0.805	-7.903089986991944
272185.788	400	0.81	-7.903089986991944
272847.817	400	0.815	-7.903089986991944
273579.883	400	0.82	-7.903089986991944
274582.905	400	0.825	-7.903089986991944
275737.741	400	0.83	-7.903089986991944
276808.384	400	0.835	-7.903089986991944
277813.74	400	0.84	-7.903089986991944
278638.314	400	0.845	-7.903089986991944
280627.357	400	0.85	-7.903089986991944
280988.314	400	0.855	-7.903089986991944
281629.191	400	0.86	-7.903089986991944
282533.105	400	0.865	-7.903089986991944
283499.871	400	0.87	-7.903089986991944
284610.063	400	0.875	-7.903089986991944
285811.76	400	0.88	-7.903089986991944
287507.376	400	0.885	-7.903089986991944
288691.779	400	0.89	-7.903089986991944
291773.073	400	0.895	-7.903089986991944
293498.1	400	0.9	-7.903089986991944
294883.359	400	0.905	-7.903089986991944
296237.362	400	0.91	-7.903089986991944
301619.296	400	0.915	-7.903089986991944
305428.466	400	0.92	-7.903089986991944
306984.761	400	0.925	-7.903089986991944
307945.962	400	0.93	-7.903089986991944
310465.988	400	0.935	-7.903089986991944
312731.497	400	0.94	-7.903089986991944
315648.177	400	0.945	-7.903089986991944
318412.896	400	0.95	-7.903089986991944
323081.495	400	0.955	-7.903089986991944
325877.337	400	0.96	-7.903089986991944
333388.974	400	0.965	-7.903089986991944
339526.676	400	0.97	-7.903089986991944
343944.782	400	0.975	-7.903089986991944
349502.286	400	0.98	-7.903089986991944
368531.607	400	0.985	-7.903089986991944
389781.303	400	0.99	-7.903089986991944
449313.058	400	0.995	-7.903089986991944
248510.25	425	0.5	-7.903089986991944
249060.113	425	0.505	-7.903089986991944
249247.592	425	0.51	-7.903089986991944
249459.915	425	0.515	-7.903089986991944
249869.72	425	0.52	-7.903089986991944
250021.893	425	0.525	-7.903089986991944
250386.781	425	0.53	-7.903089986991944
251143.016	425	0.535	-7.903089986991944
251525.204	425	0.54	-7.903089986991944
252107.648	425	0.545	-7.903089986991944
252411.945	425	0.55	-7.903089986991944
252830.034	425	0.555	-7.903089986991944
253132.211	425	0.56	-7.903089986991944
253596.147	425	0.565	-7.903089986991944
253748.481	425	0.57	-7.903089986991944
253932.432	425	0.575	-7.903089986991944
254403.743	425	0.58	-7.903089986991944
254919.479	425	0.585	-7.903089986991944
255199.586	425	0.59	-7.903089986991944
255645.522	425	0.595	-7.903089986991944
255791.266	425	0.6	-7.903089986991944
255930.25	425	0.605	-7.903089986991944
256510.374	425	0.61	-7.903089986991944
256834.671	425	0.615	-7.903089986991944
257186.911	425	0.62	-7.903089986991944
257964.839	425	0.625	-7.903089986991944
258551.1	425	0.63	-7.903089986991944
259032.289	425	0.635	-7.903089986991944
259357.2	425	0.64	-7.903089986991944
259747.769	425	0.645	-7.903089986991944
260097.714	425	0.65	-7.903089986991944
260652.079	425	0.655	-7.903089986991944
261115.286	425	0.66	-7.903089986991944
261612.671	425	0.665	-7.903089986991944
262102.875	425	0.67	-7.903089986991944
263506.571	425	0.675	-7.903089986991944
263818.0	425	0.68	-7.903089986991944
264174.014	425	0.685	-7.903089986991944
264609.014	425	0.69	-7.903089986991944
265184.219	425	0.695	-7.903089986991944
265476.35	425	0.7	-7.903089986991944
265936.923	425	0.705	-7.903089986991944
266702.671	425	0.71	-7.903089986991944
267126.286	425	0.715	-7.903089986991944
267436.343	425	0.72	-7.903089986991944
268069.786	425	0.725	-7.903089986991944
268850.096	425	0.73	-7.903089986991944
269647.31	425	0.735	-7.903089986991944
269853.2	425	0.74	-7.903089986991944
269958.639	425	0.745	-7.903089986991944
270340.714	425	0.75	-7.903089986991944
270477.672	425	0.755	-7.903089986991944
270876.154	425	0.76	-7.903089986991944
271854.933	425	0.765	-7.903089986991944
272242.957	425	0.77	-7.903089986991944
272573.413	425	0.775	-7.903089986991944
273555.313	425	0.78	-7.903089986991944
274119.671	425	0.785	-7.903089986991944
275018.337	425	0.79	-7.903089986991944
275680.979	425	0.795	-7.903089986991944
276473.143	425	0.8	-7.903089986991944
277507.2	425	0.805	-7.903089986991944
278195.299	425	0.81	-7.903089986991944
279156.705	425	0.815	-7.903089986991944
280290.329	425	0.82	-7.903089986991944
281487.643	425	0.825	-7.903089986991944
282096.061	425	0.83	-7.903089986991944
283034.531	425	0.835	-7.903089986991944
283594.617	425	0.84	-7.903089986991944
284325.632	425	0.845	-7.903089986991944
285684.596	425	0.85	-7.903089986991944
287063.877	425	0.855	-7.903089986991944
287812.597	425	0.86	-7.903089986991944
289861.274	425	0.865	-7.903089986991944
290865.657	425	0.87	-7.903089986991944
292707.857	425	0.875	-7.903089986991944
293668.171	425	0.88	-7.903089986991944
294969.442	425	0.885	-7.903089986991944
295616.669	425	0.89	-7.903089986991944
297613.85	425	0.895	-7.903089986991944
298301.35	425	0.9	-7.903089986991944
299794.988	425	0.905	-7.903089986991944
301845.374	425	0.91	-7.903089986991944
303145.846	425	0.915	-7.903089986991944
303580.626	425	0.92	-7.903089986991944
307216.032	425	0.925	-7.903089986991944
310132.691	425	0.93	-7.903089986991944
312479.482	425	0.935	-7.903089986991944
314708.63	425	0.94	-7.903089986991944
319214.586	425	0.945	-7.903089986991944
321783.418	425	0.95	-7.903089986991944
325536.805	425	0.955	-7.903089986991944
329278.318	425	0.96	-7.903089986991944
337621.181	425	0.965	-7.903089986991944
345571.997	425	0.97	-7.903089986991944
355679.107	425	0.975	-7.903089986991944
364619.686	425	0.98	-7.903089986991944
385553.008	425	0.985	-7.903089986991944
398379.752	425	0.99	-7.903089986991944
424038.614	425	0.995	-7.903089986991944
251910.786	450	0.5	-7.903089986991944
252704.973	450	0.505	-7.903089986991944
253185.94	450	0.51	-7.903089986991944
253749.658	450	0.515	-7.903089986991944
253966.514	450	0.52	-7.903089986991944
254614.645	450	0.525	-7.903089986991944
255676.824	450	0.53	-7.903089986991944
255912.239	450	0.535	-7.903089986991944
256304.457	450	0.54	-7.903089986991944
256809.068	450	0.545	-7.903089986991944
257180.5	450	0.55	-7.903089986991944
257636.945	450	0.555	-7.903089986991944
258361.606	450	0.56	-7.903089986991944
258752.014	450	0.565	-7.903089986991944
259459.068	450	0.57	-7.903089986991944
259684.464	450	0.575	-7.903089986991944
259878.686	450	0.58	-7.903089986991944
260254.921	450	0.585	-7.903089986991944
260635.353	450	0.59	-7.903089986991944
261182.043	450	0.595	-7.903089986991944
261548.886	450	0.6	-7.903089986991944
261836.593	450	0.605	-7.903089986991944
262037.285	450	0.61	-7.903089986991944
262822.578	450	0.615	-7.903089986991944
263062.029	450	0.62	-7.903089986991944
263371.071	450	0.625	-7.903089986991944
263919.588	450	0.63	-7.903089986991944
264240.471	450	0.635	-7.903089986991944
264592.051	450	0.64	-7.903089986991944
265239.364	450	0.645	-7.903089986991944
265571.571	450	0.65	-7.903089986991944
266031.66	450	0.655	-7.903089986991944
266533.463	450	0.66	-7.903089986991944
266867.95	450	0.665	-7.903089986991944
267461.543	450	0.67	-7.903089986991944
267728.916	450	0.675	-7.903089986991944
268045.894	450	0.68	-7.903089986991944
268429.401	450	0.685	-7.903089986991944
268826.143	450	0.69	-7.903089986991944
268952.179	450	0.695	-7.903089986991944
269740.571	450	0.7	-7.903089986991944
270201.443	450	0.705	-7.903089986991944
270621.514	450	0.71	-7.903089986991944
270939.37	450	0.715	-7.903089986991944
271544.057	450	0.72	-7.903089986991944
272154.425	450	0.725	-7.903089986991944
272848.433	450	0.73	-7.903089986991944
274089.15	450	0.735	-7.903089986991944
274342.016	450	0.74	-7.903089986991944
274654.203	450	0.745	-7.903089986991944
275084.911	450	0.75	-7.903089986991944
276095.272	450	0.755	-7.903089986991944
276356.22	450	0.76	-7.903089986991944
277148.292	450	0.765	-7.903089986991944
277907.814	450	0.77	-7.903089986991944
278408.489	450	0.775	-7.903089986991944
278858.816	450	0.78	-7.903089986991944
279395.894	450	0.785	-7.903089986991944
280134.085	450	0.79	-7.903089986991944
280997.15	450	0.795	-7.903089986991944
281616.586	450	0.8	-7.903089986991944
282320.65	450	0.805	-7.903089986991944
282844.171	450	0.81	-7.903089986991944
283554.529	450	0.815	-7.903089986991944
285266.711	450	0.82	-7.903089986991944
286037.798	450	0.825	-7.903089986991944
287339.861	450	0.83	-7.903089986991944
288634.368	450	0.835	-7.903089986991944
290119.269	450	0.84	-7.903089986991944
290649.507	450	0.845	-7.903089986991944
292073.911	450	0.85	-7.903089986991944
293022.805	450	0.855	-7.903089986991944
294567.229	450	0.86	-7.903089986991944
295897.503	450	0.865	-7.903089986991944
296717.271	450	0.87	-7.903089986991944
298068.42	450	0.875	-7.903089986991944
300985.511	450	0.88	-7.903089986991944
303381.136	450	0.885	-7.903089986991944
305352.33	450	0.89	-7.903089986991944
306480.15	450	0.895	-7.903089986991944
307966.064	450	0.9	-7.903089986991944
309456.079	450	0.905	-7.903089986991944
312387.822	450	0.91	-7.903089986991944
314051.622	450	0.915	-7.903089986991944
316418.335	450	0.92	-7.903089986991944
318009.964	450	0.925	-7.903089986991944
322723.371	450	0.93	-7.903089986991944
324972.14	450	0.935	-7.903089986991944
329733.206	450	0.94	-7.903089986991944
335248.431	450	0.945	-7.903089986991944
337462.429	450	0.95	-7.903089986991944
344198.778	450	0.955	-7.903089986991944
349973.552	450	0.96	-7.903089986991944
353375.466	450	0.965	-7.903089986991944
364270.724	450	0.97	-7.903089986991944
369427.821	450	0.975	-7.903089986991944
372467.371	450	0.98	-7.903089986991944
392804.792	450	0.985	-7.903089986991944
453613.975	450	0.99	-7.903089986991944
564965.42	450	0.995	-7.903089986991944
