S*_score	SNP_num	quantile	log(local_recomb_rate)
106490.0	25	0.5	-7.903089986991944
106668.025	25	0.505	-7.903089986991944
106956.9	25	0.51	-7.903089986991944
107468.45	25	0.515	-7.903089986991944
107771.96	25	0.52	-7.903089986991944
108188.5	25	0.525	-7.903089986991944
108379.215	25	0.53	-7.903089986991944
109229.408	25	0.535	-7.903089986991944
110706.76	25	0.54	-7.903089986991944
111127.6	25	0.545	-7.903089986991944
111412.5	25	0.55	-7.903089986991944
112201.7	25	0.555	-7.903089986991944
112811.6	25	0.56	-7.903089986991944
113451.293	25	0.565	-7.903089986991944
114402.532	25	0.57	-7.903089986991944
115615.459	25	0.575	-7.903089986991944
116802.229	25	0.58	-7.903089986991944
117218.8	25	0.585	-7.903089986991944
117388.867	25	0.59	-7.903089986991944
119165.8	25	0.595	-7.903089986991944
119416.0	25	0.6	-7.903089986991944
119664.767	25	0.605	-7.903089986991944
120069.667	25	0.61	-7.903089986991944
120524.991	25	0.615	-7.903089986991944
121177.6	25	0.62	-7.903089986991944
122436.25	25	0.625	-7.903089986991944
122831.0	25	0.63	-7.903089986991944
123581.815	25	0.635	-7.903089986991944
124160.76	25	0.64	-7.903089986991944
124595.6	25	0.645	-7.903089986991944
124984.25	25	0.65	-7.903089986991944
125395.325	25	0.655	-7.903089986991944
125886.973	25	0.66	-7.903089986991944
127270.3	25	0.665	-7.903089986991944
127343.05	25	0.67	-7.903089986991944
127885.5	25	0.675	-7.903089986991944
128118.88	25	0.68	-7.903089986991944
128700.1	25	0.685	-7.903089986991944
129632.7	25	0.69	-7.903089986991944
129973.5	25	0.695	-7.903089986991944
130676.0	25	0.7	-7.903089986991944
130974.1	25	0.705	-7.903089986991944
131404.0	25	0.71	-7.903089986991944
132006.0	25	0.715	-7.903089986991944
132788.436	25	0.72	-7.903089986991944
133238.136	25	0.725	-7.903089986991944
134786.267	25	0.73	-7.903089986991944
135072.009	25	0.735	-7.903089986991944
136077.252	25	0.74	-7.903089986991944
136714.85	25	0.745	-7.903089986991944
137076.5	25	0.75	-7.903089986991944
137564.686	25	0.755	-7.903089986991944
137770.4	25	0.76	-7.903089986991944
140390.725	25	0.765	-7.903089986991944
142047.6	25	0.77	-7.903089986991944
142753.5	25	0.775	-7.903089986991944
143741.2	25	0.78	-7.903089986991944
144094.8	25	0.785	-7.903089986991944
144353.6	25	0.79	-7.903089986991944
145035.2	25	0.795	-7.903089986991944
145604.0	25	0.8	-7.903089986991944
146098.05	25	0.805	-7.903089986991944
146515.12	25	0.81	-7.903089986991944
146920.0	25	0.815	-7.903089986991944
147112.2	25	0.82	-7.903089986991944
147741.667	25	0.825	-7.903089986991944
149329.6	25	0.83	-7.903089986991944
150169.5	25	0.835	-7.903089986991944
150556.48	25	0.84	-7.903089986991944
151203.3	25	0.845	-7.903089986991944
153218.0	25	0.85	-7.903089986991944
153968.867	25	0.855	-7.903089986991944
155006.533	25	0.86	-7.903089986991944
155404.8	25	0.865	-7.903089986991944
158342.0	25	0.87	-7.903089986991944
159052.5	25	0.875	-7.903089986991944
159292.92	25	0.88	-7.903089986991944
159745.957	25	0.885	-7.903089986991944
160136.807	25	0.89	-7.903089986991944
162071.2	25	0.895	-7.903089986991944
163906.0	25	0.9	-7.903089986991944
166685.9	25	0.905	-7.903089986991944
167465.81	25	0.91	-7.903089986991944
169710.8	25	0.915	-7.903089986991944
170398.4	25	0.92	-7.903089986991944
170691.0	25	0.925	-7.903089986991944
171762.6	25	0.93	-7.903089986991944
172813.6	25	0.935	-7.903089986991944
173132.8	25	0.94	-7.903089986991944
173837.2	25	0.945	-7.903089986991944
176980.143	25	0.95	-7.903089986991944
180247.2	25	0.955	-7.903089986991944
180919.2	25	0.96	-7.903089986991944
181451.2	25	0.965	-7.903089986991944
182775.4	25	0.97	-7.903089986991944
184462.5	25	0.975	-7.903089986991944
185606.0	25	0.98	-7.903089986991944
187986.575	25	0.985	-7.903089986991944
199996.945	25	0.99	-7.903089986991944
205334.9	25	0.995	-7.903089986991944
118428.254	50	0.5	-7.903089986991944
118663.068	50	0.505	-7.903089986991944
118936.031	50	0.51	-7.903089986991944
119192.768	50	0.515	-7.903089986991944
119600.28	50	0.52	-7.903089986991944
120087.833	50	0.525	-7.903089986991944
120522.84	50	0.53	-7.903089986991944
122404.425	50	0.535	-7.903089986991944
123154.85	50	0.54	-7.903089986991944
123330.63	50	0.545	-7.903089986991944
123809.333	50	0.55	-7.903089986991944
124417.114	50	0.555	-7.903089986991944
125130.74	50	0.56	-7.903089986991944
125643.4	50	0.565	-7.903089986991944
126289.508	50	0.57	-7.903089986991944
126401.89	50	0.575	-7.903089986991944
126964.4	50	0.58	-7.903089986991944
127711.198	50	0.585	-7.903089986991944
128214.737	50	0.59	-7.903089986991944
128633.25	50	0.595	-7.903089986991944
129577.757	50	0.6	-7.903089986991944
129998.191	50	0.605	-7.903089986991944
130494.0	50	0.61	-7.903089986991944
131333.15	50	0.615	-7.903089986991944
131634.267	50	0.62	-7.903089986991944
132301.25	50	0.625	-7.903089986991944
132869.2	50	0.63	-7.903089986991944
133341.553	50	0.635	-7.903089986991944
133870.12	50	0.64	-7.903089986991944
134322.4	50	0.645	-7.903089986991944
134883.5	50	0.65	-7.903089986991944
135456.52	50	0.655	-7.903089986991944
135909.1	50	0.66	-7.903089986991944
136623.119	50	0.665	-7.903089986991944
136981.8	50	0.67	-7.903089986991944
137285.75	50	0.675	-7.903089986991944
137779.84	50	0.68	-7.903089986991944
138007.534	50	0.685	-7.903089986991944
138479.2	50	0.69	-7.903089986991944
138905.53	50	0.695	-7.903089986991944
139586.587	50	0.7	-7.903089986991944
139931.975	50	0.705	-7.903089986991944
140169.1	50	0.71	-7.903089986991944
140505.757	50	0.715	-7.903089986991944
140982.4	50	0.72	-7.903089986991944
141684.0	50	0.725	-7.903089986991944
142314.714	50	0.73	-7.903089986991944
142775.63	50	0.735	-7.903089986991944
143094.195	50	0.74	-7.903089986991944
143548.6	50	0.745	-7.903089986991944
143876.786	50	0.75	-7.903089986991944
144587.38	50	0.755	-7.903089986991944
145261.28	50	0.76	-7.903089986991944
145768.917	50	0.765	-7.903089986991944
146116.478	50	0.77	-7.903089986991944
146453.7	50	0.775	-7.903089986991944
146742.923	50	0.78	-7.903089986991944
147289.651	50	0.785	-7.903089986991944
147623.286	50	0.79	-7.903089986991944
148166.933	50	0.795	-7.903089986991944
148725.6	50	0.8	-7.903089986991944
149336.885	50	0.805	-7.903089986991944
149927.1	50	0.81	-7.903089986991944
150700.167	50	0.815	-7.903089986991944
151682.8	50	0.82	-7.903089986991944
152734.375	50	0.825	-7.903089986991944
153547.45	50	0.83	-7.903089986991944
154416.75	50	0.835	-7.903089986991944
155245.638	50	0.84	-7.903089986991944
155933.3	50	0.845	-7.903089986991944
156708.5	50	0.85	-7.903089986991944
157716.216	50	0.855	-7.903089986991944
158354.04	50	0.86	-7.903089986991944
158640.0	50	0.865	-7.903089986991944
159583.5	50	0.87	-7.903089986991944
160807.5	50	0.875	-7.903089986991944
161537.6	50	0.88	-7.903089986991944
161921.005	50	0.885	-7.903089986991944
162592.1	50	0.89	-7.903089986991944
165024.9	50	0.895	-7.903089986991944
165574.916	50	0.9	-7.903089986991944
166465.368	50	0.905	-7.903089986991944
168193.761	50	0.91	-7.903089986991944
169535.24	50	0.915	-7.903089986991944
170355.543	50	0.92	-7.903089986991944
171656.5	50	0.925	-7.903089986991944
173719.292	50	0.93	-7.903089986991944
174537.487	50	0.935	-7.903089986991944
175712.0	50	0.94	-7.903089986991944
176716.8	50	0.945	-7.903089986991944
177633.0	50	0.95	-7.903089986991944
179285.9	50	0.955	-7.903089986991944
180157.156	50	0.96	-7.903089986991944
182222.46	50	0.965	-7.903089986991944
183481.4	50	0.97	-7.903089986991944
185211.325	50	0.975	-7.903089986991944
191518.686	50	0.98	-7.903089986991944
198325.4	50	0.985	-7.903089986991944
203504.4	50	0.99	-7.903089986991944
205587.9	50	0.995	-7.903089986991944
125273.333	75	0.5	-7.903089986991944
125674.8	75	0.505	-7.903089986991944
125997.48	75	0.51	-7.903089986991944
126265.992	75	0.515	-7.903089986991944
126710.715	75	0.52	-7.903089986991944
127033.36	75	0.525	-7.903089986991944
127770.4	75	0.53	-7.903089986991944
128476.736	75	0.535	-7.903089986991944
128817.953	75	0.54	-7.903089986991944
129362.971	75	0.545	-7.903089986991944
129981.333	75	0.55	-7.903089986991944
130074.68	75	0.555	-7.903089986991944
130596.08	75	0.56	-7.903089986991944
131155.467	75	0.565	-7.903089986991944
131537.84	75	0.57	-7.903089986991944
132041.778	75	0.575	-7.903089986991944
132350.6	75	0.58	-7.903089986991944
132972.267	75	0.585	-7.903089986991944
133397.963	75	0.59	-7.903089986991944
133615.31	75	0.595	-7.903089986991944
133865.171	75	0.6	-7.903089986991944
134556.533	75	0.605	-7.903089986991944
135004.622	75	0.61	-7.903089986991944
135563.425	75	0.615	-7.903089986991944
136290.171	75	0.62	-7.903089986991944
136525.75	75	0.625	-7.903089986991944
137062.286	75	0.63	-7.903089986991944
137437.6	75	0.635	-7.903089986991944
138102.935	75	0.64	-7.903089986991944
138871.067	75	0.645	-7.903089986991944
140233.517	75	0.65	-7.903089986991944
140568.96	75	0.655	-7.903089986991944
140904.656	75	0.66	-7.903089986991944
141118.218	75	0.665	-7.903089986991944
141630.742	75	0.67	-7.903089986991944
142267.1	75	0.675	-7.903089986991944
142710.735	75	0.68	-7.903089986991944
142955.771	75	0.685	-7.903089986991944
143385.68	75	0.69	-7.903089986991944
144000.4	75	0.695	-7.903089986991944
144372.8	75	0.7	-7.903089986991944
144947.508	75	0.705	-7.903089986991944
145453.667	75	0.71	-7.903089986991944
145940.86	75	0.715	-7.903089986991944
146523.763	75	0.72	-7.903089986991944
146850.667	75	0.725	-7.903089986991944
147436.083	75	0.73	-7.903089986991944
147577.046	75	0.735	-7.903089986991944
147887.343	75	0.74	-7.903089986991944
148218.773	75	0.745	-7.903089986991944
148815.714	75	0.75	-7.903089986991944
149397.333	75	0.755	-7.903089986991944
150220.4	75	0.76	-7.903089986991944
150653.8	75	0.765	-7.903089986991944
151097.411	75	0.77	-7.903089986991944
151328.45	75	0.775	-7.903089986991944
151862.915	75	0.78	-7.903089986991944
152193.115	75	0.785	-7.903089986991944
152628.8	75	0.79	-7.903089986991944
153045.867	75	0.795	-7.903089986991944
153434.9	75	0.8	-7.903089986991944
154138.667	75	0.805	-7.903089986991944
155305.533	75	0.81	-7.903089986991944
156016.889	75	0.815	-7.903089986991944
156612.96	75	0.82	-7.903089986991944
157000.182	75	0.825	-7.903089986991944
157429.83	75	0.83	-7.903089986991944
158084.105	75	0.835	-7.903089986991944
158563.01	75	0.84	-7.903089986991944
159277.053	75	0.845	-7.903089986991944
159659.429	75	0.85	-7.903089986991944
159943.132	75	0.855	-7.903089986991944
160687.067	75	0.86	-7.903089986991944
161781.76	75	0.865	-7.903089986991944
162188.784	75	0.87	-7.903089986991944
162963.636	75	0.875	-7.903089986991944
163314.982	75	0.88	-7.903089986991944
164317.35	75	0.885	-7.903089986991944
165291.92	75	0.89	-7.903089986991944
166195.547	75	0.895	-7.903089986991944
168062.691	75	0.9	-7.903089986991944
168745.2	75	0.905	-7.903089986991944
170170.971	75	0.91	-7.903089986991944
172255.6	75	0.915	-7.903089986991944
172958.88	75	0.92	-7.903089986991944
173570.4	75	0.925	-7.903089986991944
174645.596	75	0.93	-7.903089986991944
176248.8	75	0.935	-7.903089986991944
177964.743	75	0.94	-7.903089986991944
178684.047	75	0.945	-7.903089986991944
181386.286	75	0.95	-7.903089986991944
183365.6	75	0.955	-7.903089986991944
184343.712	75	0.96	-7.903089986991944
185779.2	75	0.965	-7.903089986991944
187538.629	75	0.97	-7.903089986991944
189872.0	75	0.975	-7.903089986991944
193654.452	75	0.98	-7.903089986991944
197189.067	75	0.985	-7.903089986991944
203137.6	75	0.99	-7.903089986991944
206081.788	75	0.995	-7.903089986991944
131940.167	100	0.5	-7.903089986991944
132243.176	100	0.505	-7.903089986991944
132555.158	100	0.51	-7.903089986991944
132859.637	100	0.515	-7.903089986991944
133358.6	100	0.52	-7.903089986991944
133783.383	100	0.525	-7.903089986991944
134218.958	100	0.53	-7.903089986991944
134531.531	100	0.535	-7.903089986991944
135029.973	100	0.54	-7.903089986991944
135322.8	100	0.545	-7.903089986991944
136259.556	100	0.55	-7.903089986991944
136850.067	100	0.555	-7.903089986991944
137018.64	100	0.56	-7.903089986991944
137232.583	100	0.565	-7.903089986991944
137501.029	100	0.57	-7.903089986991944
137907.84	100	0.575	-7.903089986991944
138036.8	100	0.58	-7.903089986991944
138725.64	100	0.585	-7.903089986991944
139238.4	100	0.59	-7.903089986991944
139663.632	100	0.595	-7.903089986991944
140214.471	100	0.6	-7.903089986991944
140661.4	100	0.605	-7.903089986991944
141027.535	100	0.61	-7.903089986991944
141445.36	100	0.615	-7.903089986991944
141684.897	100	0.62	-7.903089986991944
142067.0	100	0.625	-7.903089986991944
142418.72	100	0.63	-7.903089986991944
142971.184	100	0.635	-7.903089986991944
143314.4	100	0.64	-7.903089986991944
143687.8	100	0.645	-7.903089986991944
144249.333	100	0.65	-7.903089986991944
144561.43	100	0.655	-7.903089986991944
145112.609	100	0.66	-7.903089986991944
145512.213	100	0.665	-7.903089986991944
145641.189	100	0.67	-7.903089986991944
146013.091	100	0.675	-7.903089986991944
146460.398	100	0.68	-7.903089986991944
147282.467	100	0.685	-7.903089986991944
147593.948	100	0.69	-7.903089986991944
147894.047	100	0.695	-7.903089986991944
148165.2	100	0.7	-7.903089986991944
148607.022	100	0.705	-7.903089986991944
149052.707	100	0.71	-7.903089986991944
149297.762	100	0.715	-7.903089986991944
149921.343	100	0.72	-7.903089986991944
150589.725	100	0.725	-7.903089986991944
151257.52	100	0.73	-7.903089986991944
151402.569	100	0.735	-7.903089986991944
151958.031	100	0.74	-7.903089986991944
152431.659	100	0.745	-7.903089986991944
152886.667	100	0.75	-7.903089986991944
153384.574	100	0.755	-7.903089986991944
153596.201	100	0.76	-7.903089986991944
154062.206	100	0.765	-7.903089986991944
154269.933	100	0.77	-7.903089986991944
154814.944	100	0.775	-7.903089986991944
155525.453	100	0.78	-7.903089986991944
156055.0	100	0.785	-7.903089986991944
156335.12	100	0.79	-7.903089986991944
156864.94	100	0.795	-7.903089986991944
157269.917	100	0.8	-7.903089986991944
157793.249	100	0.805	-7.903089986991944
158267.699	100	0.81	-7.903089986991944
158574.743	100	0.815	-7.903089986991944
159269.6	100	0.82	-7.903089986991944
159781.013	100	0.825	-7.903089986991944
160107.601	100	0.83	-7.903089986991944
160684.178	100	0.835	-7.903089986991944
161349.653	100	0.84	-7.903089986991944
162640.358	100	0.845	-7.903089986991944
163256.229	100	0.85	-7.903089986991944
164106.484	100	0.855	-7.903089986991944
164844.411	100	0.86	-7.903089986991944
165112.73	100	0.865	-7.903089986991944
165751.486	100	0.87	-7.903089986991944
166223.718	100	0.875	-7.903089986991944
166919.304	100	0.88	-7.903089986991944
167615.6	100	0.885	-7.903089986991944
167913.123	100	0.89	-7.903089986991944
168137.105	100	0.895	-7.903089986991944
168438.1	100	0.9	-7.903089986991944
169300.468	100	0.905	-7.903089986991944
170751.709	100	0.91	-7.903089986991944
172078.36	100	0.915	-7.903089986991944
174060.297	100	0.92	-7.903089986991944
175646.154	100	0.925	-7.903089986991944
176662.44	100	0.93	-7.903089986991944
177153.4	100	0.935	-7.903089986991944
178219.017	100	0.94	-7.903089986991944
178937.128	100	0.945	-7.903089986991944
181080.0	100	0.95	-7.903089986991944
182162.036	100	0.955	-7.903089986991944
183471.766	100	0.96	-7.903089986991944
186312.856	100	0.965	-7.903089986991944
189109.793	100	0.97	-7.903089986991944
190605.654	100	0.975	-7.903089986991944
192957.417	100	0.98	-7.903089986991944
196563.871	100	0.985	-7.903089986991944
200371.867	100	0.99	-7.903089986991944
207962.774	100	0.995	-7.903089986991944
137524.697	125	0.5	-7.903089986991944
137869.792	125	0.505	-7.903089986991944
138111.424	125	0.51	-7.903089986991944
138445.612	125	0.515	-7.903089986991944
138816.015	125	0.52	-7.903089986991944
139014.0	125	0.525	-7.903089986991944
139217.395	125	0.53	-7.903089986991944
139611.475	125	0.535	-7.903089986991944
139743.038	125	0.54	-7.903089986991944
139878.382	125	0.545	-7.903089986991944
140046.9	125	0.55	-7.903089986991944
140580.035	125	0.555	-7.903089986991944
140761.606	125	0.56	-7.903089986991944
141118.19	125	0.565	-7.903089986991944
141741.091	125	0.57	-7.903089986991944
142545.715	125	0.575	-7.903089986991944
142832.246	125	0.58	-7.903089986991944
143084.203	125	0.585	-7.903089986991944
143437.312	125	0.59	-7.903089986991944
143867.48	125	0.595	-7.903089986991944
144137.404	125	0.6	-7.903089986991944
144538.052	125	0.605	-7.903089986991944
144837.451	125	0.61	-7.903089986991944
145184.947	125	0.615	-7.903089986991944
146037.082	125	0.62	-7.903089986991944
146382.83	125	0.625	-7.903089986991944
146961.726	125	0.63	-7.903089986991944
147231.023	125	0.635	-7.903089986991944
147594.076	125	0.64	-7.903089986991944
147919.057	125	0.645	-7.903089986991944
148336.435	125	0.65	-7.903089986991944
148588.094	125	0.655	-7.903089986991944
149019.127	125	0.66	-7.903089986991944
149183.585	125	0.665	-7.903089986991944
149525.988	125	0.67	-7.903089986991944
150034.553	125	0.675	-7.903089986991944
150372.28	125	0.68	-7.903089986991944
150993.472	125	0.685	-7.903089986991944
151533.139	125	0.69	-7.903089986991944
151772.993	125	0.695	-7.903089986991944
152302.675	125	0.7	-7.903089986991944
152831.223	125	0.705	-7.903089986991944
153260.548	125	0.71	-7.903089986991944
153716.127	125	0.715	-7.903089986991944
154172.76	125	0.72	-7.903089986991944
154464.893	125	0.725	-7.903089986991944
154939.483	125	0.73	-7.903089986991944
155255.722	125	0.735	-7.903089986991944
155502.016	125	0.74	-7.903089986991944
156174.65	125	0.745	-7.903089986991944
156670.06	125	0.75	-7.903089986991944
157129.714	125	0.755	-7.903089986991944
157811.417	125	0.76	-7.903089986991944
158163.004	125	0.765	-7.903089986991944
158602.133	125	0.77	-7.903089986991944
158932.27	125	0.775	-7.903089986991944
159405.734	125	0.78	-7.903089986991944
160256.472	125	0.785	-7.903089986991944
161152.437	125	0.79	-7.903089986991944
161401.762	125	0.795	-7.903089986991944
162326.415	125	0.8	-7.903089986991944
163001.284	125	0.805	-7.903089986991944
164006.964	125	0.81	-7.903089986991944
164624.209	125	0.815	-7.903089986991944
165826.807	125	0.82	-7.903089986991944
166422.071	125	0.825	-7.903089986991944
167644.397	125	0.83	-7.903089986991944
168030.337	125	0.835	-7.903089986991944
168284.905	125	0.84	-7.903089986991944
168976.514	125	0.845	-7.903089986991944
169826.06	125	0.85	-7.903089986991944
170431.53	125	0.855	-7.903089986991944
171116.585	125	0.86	-7.903089986991944
171610.571	125	0.865	-7.903089986991944
172394.169	125	0.87	-7.903089986991944
173564.66	125	0.875	-7.903089986991944
174216.229	125	0.88	-7.903089986991944
174851.027	125	0.885	-7.903089986991944
175317.0	125	0.89	-7.903089986991944
175670.185	125	0.895	-7.903089986991944
176439.885	125	0.9	-7.903089986991944
176988.054	125	0.905	-7.903089986991944
177605.226	125	0.91	-7.903089986991944
178982.856	125	0.915	-7.903089986991944
179612.677	125	0.92	-7.903089986991944
182000.64	125	0.925	-7.903089986991944
182771.921	125	0.93	-7.903089986991944
183332.072	125	0.935	-7.903089986991944
183913.815	125	0.94	-7.903089986991944
185267.455	125	0.945	-7.903089986991944
186345.625	125	0.95	-7.903089986991944
188179.4	125	0.955	-7.903089986991944
190758.407	125	0.96	-7.903089986991944
192674.415	125	0.965	-7.903089986991944
197884.2	125	0.97	-7.903089986991944
199939.1	125	0.975	-7.903089986991944
206087.12	125	0.98	-7.903089986991944
214690.244	125	0.985	-7.903089986991944
220268.497	125	0.99	-7.903089986991944
234279.81	125	0.995	-7.903089986991944
146058.714	150	0.5	-7.903089986991944
146325.855	150	0.505	-7.903089986991944
146750.308	150	0.51	-7.903089986991944
147453.373	150	0.515	-7.903089986991944
147683.569	150	0.52	-7.903089986991944
148174.417	150	0.525	-7.903089986991944
148443.485	150	0.53	-7.903089986991944
148802.514	150	0.535	-7.903089986991944
149091.596	150	0.54	-7.903089986991944
149705.691	150	0.545	-7.903089986991944
150401.346	150	0.55	-7.903089986991944
150706.832	150	0.555	-7.903089986991944
151044.652	150	0.56	-7.903089986991944
151381.525	150	0.565	-7.903089986991944
151973.684	150	0.57	-7.903089986991944
152393.79	150	0.575	-7.903089986991944
152943.651	150	0.58	-7.903089986991944
153194.773	150	0.585	-7.903089986991944
153519.2	150	0.59	-7.903089986991944
153749.664	150	0.595	-7.903089986991944
153976.962	150	0.6	-7.903089986991944
154545.697	150	0.605	-7.903089986991944
155002.825	150	0.61	-7.903089986991944
155139.706	150	0.615	-7.903089986991944
155481.187	150	0.62	-7.903089986991944
155924.643	150	0.625	-7.903089986991944
156549.521	150	0.63	-7.903089986991944
157186.548	150	0.635	-7.903089986991944
157485.933	150	0.64	-7.903089986991944
158199.338	150	0.645	-7.903089986991944
158700.633	150	0.65	-7.903089986991944
158876.442	150	0.655	-7.903089986991944
159166.333	150	0.66	-7.903089986991944
159637.143	150	0.665	-7.903089986991944
160616.467	150	0.67	-7.903089986991944
161214.151	150	0.675	-7.903089986991944
161631.481	150	0.68	-7.903089986991944
161987.503	150	0.685	-7.903089986991944
162468.662	150	0.69	-7.903089986991944
162794.481	150	0.695	-7.903089986991944
163205.721	150	0.7	-7.903089986991944
163466.071	150	0.705	-7.903089986991944
163799.795	150	0.71	-7.903089986991944
164271.815	150	0.715	-7.903089986991944
164985.613	150	0.72	-7.903089986991944
165537.507	150	0.725	-7.903089986991944
166474.214	150	0.73	-7.903089986991944
166974.229	150	0.735	-7.903089986991944
167415.272	150	0.74	-7.903089986991944
167847.147	150	0.745	-7.903089986991944
168499.887	150	0.75	-7.903089986991944
168997.18	150	0.755	-7.903089986991944
169687.959	150	0.76	-7.903089986991944
170701.297	150	0.765	-7.903089986991944
171126.085	150	0.77	-7.903089986991944
171580.864	150	0.775	-7.903089986991944
171878.457	150	0.78	-7.903089986991944
172342.859	150	0.785	-7.903089986991944
173672.978	150	0.79	-7.903089986991944
174104.758	150	0.795	-7.903089986991944
174710.771	150	0.8	-7.903089986991944
175403.039	150	0.805	-7.903089986991944
175939.371	150	0.81	-7.903089986991944
176421.507	150	0.815	-7.903089986991944
177230.009	150	0.82	-7.903089986991944
178107.488	150	0.825	-7.903089986991944
178996.083	150	0.83	-7.903089986991944
179889.255	150	0.835	-7.903089986991944
180351.614	150	0.84	-7.903089986991944
180767.868	150	0.845	-7.903089986991944
181344.785	150	0.85	-7.903089986991944
182224.088	150	0.855	-7.903089986991944
182992.226	150	0.86	-7.903089986991944
183880.281	150	0.865	-7.903089986991944
184605.527	150	0.87	-7.903089986991944
185121.19	150	0.875	-7.903089986991944
185752.273	150	0.88	-7.903089986991944
186315.236	150	0.885	-7.903089986991944
186990.835	150	0.89	-7.903089986991944
187654.171	150	0.895	-7.903089986991944
188468.514	150	0.9	-7.903089986991944
189599.733	150	0.905	-7.903089986991944
190532.028	150	0.91	-7.903089986991944
191037.187	150	0.915	-7.903089986991944
191998.751	150	0.92	-7.903089986991944
193925.91	150	0.925	-7.903089986991944
194951.566	150	0.93	-7.903089986991944
196924.386	150	0.935	-7.903089986991944
197967.586	150	0.94	-7.903089986991944
198483.7	150	0.945	-7.903089986991944
199706.6	150	0.95	-7.903089986991944
201885.721	150	0.955	-7.903089986991944
203110.766	150	0.96	-7.903089986991944
204975.294	150	0.965	-7.903089986991944
207025.48	150	0.97	-7.903089986991944
209049.0	150	0.975	-7.903089986991944
214813.248	150	0.98	-7.903089986991944
229551.028	150	0.985	-7.903089986991944
239364.6	150	0.99	-7.903089986991944
265009.619	150	0.995	-7.903089986991944
153323.115	175	0.5	-7.903089986991944
153693.855	175	0.505	-7.903089986991944
154014.197	175	0.51	-7.903089986991944
154389.727	175	0.515	-7.903089986991944
154545.836	175	0.52	-7.903089986991944
154619.471	175	0.525	-7.903089986991944
154787.703	175	0.53	-7.903089986991944
155035.041	175	0.535	-7.903089986991944
155526.411	175	0.54	-7.903089986991944
155929.914	175	0.545	-7.903089986991944
156246.996	175	0.55	-7.903089986991944
156779.212	175	0.555	-7.903089986991944
157094.773	175	0.56	-7.903089986991944
157360.61	175	0.565	-7.903089986991944
157552.336	175	0.57	-7.903089986991944
157838.1	175	0.575	-7.903089986991944
158211.943	175	0.58	-7.903089986991944
158433.578	175	0.585	-7.903089986991944
158835.994	175	0.59	-7.903089986991944
159144.528	175	0.595	-7.903089986991944
159583.508	175	0.6	-7.903089986991944
160012.255	175	0.605	-7.903089986991944
160294.361	175	0.61	-7.903089986991944
160561.491	175	0.615	-7.903089986991944
161096.874	175	0.62	-7.903089986991944
161597.854	175	0.625	-7.903089986991944
161796.807	175	0.63	-7.903089986991944
162128.729	175	0.635	-7.903089986991944
162305.12	175	0.64	-7.903089986991944
162643.91	175	0.645	-7.903089986991944
163019.162	175	0.65	-7.903089986991944
163356.167	175	0.655	-7.903089986991944
164253.933	175	0.66	-7.903089986991944
164682.562	175	0.665	-7.903089986991944
165117.821	175	0.67	-7.903089986991944
165711.375	175	0.675	-7.903089986991944
166042.218	175	0.68	-7.903089986991944
166335.288	175	0.685	-7.903089986991944
166643.537	175	0.69	-7.903089986991944
167346.813	175	0.695	-7.903089986991944
168066.322	175	0.7	-7.903089986991944
168597.12	175	0.705	-7.903089986991944
168722.285	175	0.71	-7.903089986991944
169166.842	175	0.715	-7.903089986991944
169455.031	175	0.72	-7.903089986991944
169996.599	175	0.725	-7.903089986991944
170487.985	175	0.73	-7.903089986991944
170648.819	175	0.735	-7.903089986991944
171093.073	175	0.74	-7.903089986991944
171644.485	175	0.745	-7.903089986991944
172195.077	175	0.75	-7.903089986991944
172840.075	175	0.755	-7.903089986991944
173069.44	175	0.76	-7.903089986991944
173441.734	175	0.765	-7.903089986991944
174014.461	175	0.77	-7.903089986991944
174416.3	175	0.775	-7.903089986991944
175207.971	175	0.78	-7.903089986991944
175983.726	175	0.785	-7.903089986991944
176508.429	175	0.79	-7.903089986991944
176779.634	175	0.795	-7.903089986991944
177388.971	175	0.8	-7.903089986991944
177799.682	175	0.805	-7.903089986991944
178195.186	175	0.81	-7.903089986991944
178802.039	175	0.815	-7.903089986991944
179183.526	175	0.82	-7.903089986991944
179938.848	175	0.825	-7.903089986991944
180365.836	175	0.83	-7.903089986991944
181291.371	175	0.835	-7.903089986991944
181723.314	175	0.84	-7.903089986991944
182108.247	175	0.845	-7.903089986991944
182679.181	175	0.85	-7.903089986991944
183091.639	175	0.855	-7.903089986991944
183480.54	175	0.86	-7.903089986991944
183918.968	175	0.865	-7.903089986991944
184630.834	175	0.87	-7.903089986991944
184962.404	175	0.875	-7.903089986991944
185485.315	175	0.88	-7.903089986991944
186311.223	175	0.885	-7.903089986991944
186816.2	175	0.89	-7.903089986991944
188418.312	175	0.895	-7.903089986991944
189610.307	175	0.9	-7.903089986991944
190052.644	175	0.905	-7.903089986991944
191182.766	175	0.91	-7.903089986991944
192286.146	175	0.915	-7.903089986991944
194367.267	175	0.92	-7.903089986991944
194983.139	175	0.925	-7.903089986991944
196466.924	175	0.93	-7.903089986991944
198761.259	175	0.935	-7.903089986991944
201042.063	175	0.94	-7.903089986991944
202845.998	175	0.945	-7.903089986991944
205097.129	175	0.95	-7.903089986991944
207159.214	175	0.955	-7.903089986991944
208991.686	175	0.96	-7.903089986991944
211815.411	175	0.965	-7.903089986991944
215303.6	175	0.97	-7.903089986991944
221037.835	175	0.975	-7.903089986991944
223662.307	175	0.98	-7.903089986991944
230889.887	175	0.985	-7.903089986991944
236190.567	175	0.99	-7.903089986991944
249753.785	175	0.995	-7.903089986991944
164706.429	200	0.5	-7.903089986991944
164875.915	200	0.505	-7.903089986991944
165223.978	200	0.51	-7.903089986991944
165582.953	200	0.515	-7.903089986991944
165991.2	200	0.52	-7.903089986991944
166399.899	200	0.525	-7.903089986991944
166748.238	200	0.53	-7.903089986991944
167739.882	200	0.535	-7.903089986991944
167833.882	200	0.54	-7.903089986991944
168017.749	200	0.545	-7.903089986991944
168855.344	200	0.55	-7.903089986991944
169254.204	200	0.555	-7.903089986991944
169591.897	200	0.56	-7.903089986991944
169929.643	200	0.565	-7.903089986991944
170288.524	200	0.57	-7.903089986991944
170773.276	200	0.575	-7.903089986991944
171158.727	200	0.58	-7.903089986991944
171465.913	200	0.585	-7.903089986991944
171860.107	200	0.59	-7.903089986991944
171973.343	200	0.595	-7.903089986991944
172362.2	200	0.6	-7.903089986991944
173008.929	200	0.605	-7.903089986991944
173299.175	200	0.61	-7.903089986991944
173524.03	200	0.615	-7.903089986991944
173766.195	200	0.62	-7.903089986991944
173991.875	200	0.625	-7.903089986991944
174744.914	200	0.63	-7.903089986991944
175167.486	200	0.635	-7.903089986991944
175655.593	200	0.64	-7.903089986991944
176285.917	200	0.645	-7.903089986991944
176389.475	200	0.65	-7.903089986991944
176652.198	200	0.655	-7.903089986991944
176870.02	200	0.66	-7.903089986991944
177221.735	200	0.665	-7.903089986991944
177397.943	200	0.67	-7.903089986991944
177501.732	200	0.675	-7.903089986991944
177757.28	200	0.68	-7.903089986991944
177888.597	200	0.685	-7.903089986991944
178365.691	200	0.69	-7.903089986991944
178532.695	200	0.695	-7.903089986991944
178825.692	200	0.7	-7.903089986991944
179316.088	200	0.705	-7.903089986991944
179468.032	200	0.71	-7.903089986991944
180279.786	200	0.715	-7.903089986991944
180382.134	200	0.72	-7.903089986991944
180610.388	200	0.725	-7.903089986991944
181019.605	200	0.73	-7.903089986991944
181703.971	200	0.735	-7.903089986991944
181978.016	200	0.74	-7.903089986991944
182335.57	200	0.745	-7.903089986991944
182712.018	200	0.75	-7.903089986991944
183441.188	200	0.755	-7.903089986991944
184440.571	200	0.76	-7.903089986991944
185012.634	200	0.765	-7.903089986991944
185273.497	200	0.77	-7.903089986991944
185694.329	200	0.775	-7.903089986991944
186206.867	200	0.78	-7.903089986991944
186454.209	200	0.785	-7.903089986991944
186717.292	200	0.79	-7.903089986991944
187502.499	200	0.795	-7.903089986991944
187973.81	200	0.8	-7.903089986991944
188478.171	200	0.805	-7.903089986991944
189114.161	200	0.81	-7.903089986991944
189950.364	200	0.815	-7.903089986991944
190382.421	200	0.82	-7.903089986991944
191092.071	200	0.825	-7.903089986991944
192129.255	200	0.83	-7.903089986991944
192775.855	200	0.835	-7.903089986991944
193189.886	200	0.84	-7.903089986991944
194287.562	200	0.845	-7.903089986991944
194869.846	200	0.85	-7.903089986991944
195092.648	200	0.855	-7.903089986991944
196039.877	200	0.86	-7.903089986991944
196447.651	200	0.865	-7.903089986991944
197052.737	200	0.87	-7.903089986991944
197376.071	200	0.875	-7.903089986991944
197814.877	200	0.88	-7.903089986991944
199524.652	200	0.885	-7.903089986991944
200298.498	200	0.89	-7.903089986991944
201168.044	200	0.895	-7.903089986991944
202198.357	200	0.9	-7.903089986991944
202613.938	200	0.905	-7.903089986991944
203597.313	200	0.91	-7.903089986991944
204144.907	200	0.915	-7.903089986991944
205805.383	200	0.92	-7.903089986991944
207245.435	200	0.925	-7.903089986991944
208225.452	200	0.93	-7.903089986991944
209248.453	200	0.935	-7.903089986991944
210418.472	200	0.94	-7.903089986991944
211050.724	200	0.945	-7.903089986991944
212860.071	200	0.95	-7.903089986991944
214729.65	200	0.955	-7.903089986991944
218796.038	200	0.96	-7.903089986991944
221614.191	200	0.965	-7.903089986991944
223040.133	200	0.97	-7.903089986991944
224986.75	200	0.975	-7.903089986991944
230003.109	200	0.98	-7.903089986991944
235590.1	200	0.985	-7.903089986991944
242402.542	200	0.99	-7.903089986991944
265724.09	200	0.995	-7.903089986991944
169801.786	225	0.5	-7.903089986991944
170207.732	225	0.505	-7.903089986991944
170705.115	225	0.51	-7.903089986991944
171097.079	225	0.515	-7.903089986991944
171592.357	225	0.52	-7.903089986991944
172033.952	225	0.525	-7.903089986991944
172299.376	225	0.53	-7.903089986991944
172513.396	225	0.535	-7.903089986991944
172882.309	225	0.54	-7.903089986991944
173219.886	225	0.545	-7.903089986991944
173636.1	225	0.55	-7.903089986991944
173921.301	225	0.555	-7.903089986991944
174247.746	225	0.56	-7.903089986991944
174649.246	225	0.565	-7.903089986991944
174931.547	225	0.57	-7.903089986991944
175067.87	225	0.575	-7.903089986991944
175507.766	225	0.58	-7.903089986991944
176102.928	225	0.585	-7.903089986991944
176704.843	225	0.59	-7.903089986991944
177170.909	225	0.595	-7.903089986991944
177494.277	225	0.6	-7.903089986991944
177716.776	225	0.605	-7.903089986991944
178034.543	225	0.61	-7.903089986991944
178283.863	225	0.615	-7.903089986991944
178561.06	225	0.62	-7.903089986991944
178863.571	225	0.625	-7.903089986991944
179065.59	225	0.63	-7.903089986991944
179645.395	225	0.635	-7.903089986991944
180009.046	225	0.64	-7.903089986991944
180530.268	225	0.645	-7.903089986991944
180884.825	225	0.65	-7.903089986991944
181233.22	225	0.655	-7.903089986991944
181728.609	225	0.66	-7.903089986991944
181960.843	225	0.665	-7.903089986991944
182126.631	225	0.67	-7.903089986991944
182492.282	225	0.675	-7.903089986991944
182709.689	225	0.68	-7.903089986991944
183245.086	225	0.685	-7.903089986991944
184020.886	225	0.69	-7.903089986991944
184589.216	225	0.695	-7.903089986991944
184873.626	225	0.7	-7.903089986991944
185293.374	225	0.705	-7.903089986991944
185831.871	225	0.71	-7.903089986991944
186391.166	225	0.715	-7.903089986991944
187109.16	225	0.72	-7.903089986991944
187546.577	225	0.725	-7.903089986991944
188039.227	225	0.73	-7.903089986991944
188812.69	225	0.735	-7.903089986991944
189256.014	225	0.74	-7.903089986991944
189494.299	225	0.745	-7.903089986991944
189827.918	225	0.75	-7.903089986991944
190779.437	225	0.755	-7.903089986991944
191374.846	225	0.76	-7.903089986991944
191769.821	225	0.765	-7.903089986991944
192626.646	225	0.77	-7.903089986991944
193194.188	225	0.775	-7.903089986991944
193789.074	225	0.78	-7.903089986991944
194373.375	225	0.785	-7.903089986991944
195556.62	225	0.79	-7.903089986991944
195988.371	225	0.795	-7.903089986991944
197014.014	225	0.8	-7.903089986991944
197327.97	225	0.805	-7.903089986991944
198297.735	225	0.81	-7.903089986991944
198905.4	225	0.815	-7.903089986991944
200150.114	225	0.82	-7.903089986991944
200802.357	225	0.825	-7.903089986991944
202185.563	225	0.83	-7.903089986991944
203067.388	225	0.835	-7.903089986991944
203291.926	225	0.84	-7.903089986991944
203592.657	225	0.845	-7.903089986991944
204489.1	225	0.85	-7.903089986991944
205307.511	225	0.855	-7.903089986991944
205630.629	225	0.86	-7.903089986991944
206293.616	225	0.865	-7.903089986991944
206728.552	225	0.87	-7.903089986991944
207556.795	225	0.875	-7.903089986991944
208967.419	225	0.88	-7.903089986991944
210117.104	225	0.885	-7.903089986991944
211256.231	225	0.89	-7.903089986991944
211872.125	225	0.895	-7.903089986991944
212670.649	225	0.9	-7.903089986991944
213771.477	225	0.905	-7.903089986991944
215168.043	225	0.91	-7.903089986991944
216100.41	225	0.915	-7.903089986991944
217221.943	225	0.92	-7.903089986991944
219691.712	225	0.925	-7.903089986991944
220737.518	225	0.93	-7.903089986991944
221331.391	225	0.935	-7.903089986991944
223228.501	225	0.94	-7.903089986991944
224756.135	225	0.945	-7.903089986991944
226692.026	225	0.95	-7.903089986991944
228466.583	225	0.955	-7.903089986991944
229792.663	225	0.96	-7.903089986991944
232188.643	225	0.965	-7.903089986991944
236044.076	225	0.97	-7.903089986991944
244337.064	225	0.975	-7.903089986991944
247614.606	225	0.98	-7.903089986991944
253921.407	225	0.985	-7.903089986991944
258340.544	225	0.99	-7.903089986991944
296681.389	225	0.995	-7.903089986991944
178283.643	250	0.5	-7.903089986991944
178431.907	250	0.505	-7.903089986991944
178860.532	250	0.51	-7.903089986991944
179104.95	250	0.515	-7.903089986991944
179350.76	250	0.52	-7.903089986991944
179589.52	250	0.525	-7.903089986991944
179892.04	250	0.53	-7.903089986991944
180549.793	250	0.535	-7.903089986991944
180665.754	250	0.54	-7.903089986991944
181033.088	250	0.545	-7.903089986991944
181262.599	250	0.55	-7.903089986991944
182063.185	250	0.555	-7.903089986991944
182373.293	250	0.56	-7.903089986991944
182585.893	250	0.565	-7.903089986991944
182904.798	250	0.57	-7.903089986991944
183139.933	250	0.575	-7.903089986991944
183574.063	250	0.58	-7.903089986991944
183955.563	250	0.585	-7.903089986991944
184423.877	250	0.59	-7.903089986991944
184619.231	250	0.595	-7.903089986991944
184843.877	250	0.6	-7.903089986991944
185238.826	250	0.605	-7.903089986991944
185750.729	250	0.61	-7.903089986991944
186083.031	250	0.615	-7.903089986991944
186762.614	250	0.62	-7.903089986991944
186891.12	250	0.625	-7.903089986991944
187272.925	250	0.63	-7.903089986991944
187543.04	250	0.635	-7.903089986991944
187801.429	250	0.64	-7.903089986991944
188142.327	250	0.645	-7.903089986991944
188973.336	250	0.65	-7.903089986991944
189243.852	250	0.655	-7.903089986991944
189550.08	250	0.66	-7.903089986991944
190195.782	250	0.665	-7.903089986991944
190483.739	250	0.67	-7.903089986991944
191157.475	250	0.675	-7.903089986991944
191571.337	250	0.68	-7.903089986991944
191846.202	250	0.685	-7.903089986991944
192184.279	250	0.69	-7.903089986991944
192956.483	250	0.695	-7.903089986991944
193130.864	250	0.7	-7.903089986991944
193540.371	250	0.705	-7.903089986991944
193835.474	250	0.71	-7.903089986991944
194289.958	250	0.715	-7.903089986991944
194682.498	250	0.72	-7.903089986991944
195021.958	250	0.725	-7.903089986991944
195359.067	250	0.73	-7.903089986991944
195917.393	250	0.735	-7.903089986991944
196341.793	250	0.74	-7.903089986991944
196712.601	250	0.745	-7.903089986991944
197300.137	250	0.75	-7.903089986991944
197741.346	250	0.755	-7.903089986991944
198057.771	250	0.76	-7.903089986991944
198646.207	250	0.765	-7.903089986991944
199356.415	250	0.77	-7.903089986991944
199991.082	250	0.775	-7.903089986991944
200454.349	250	0.78	-7.903089986991944
201116.576	250	0.785	-7.903089986991944
202124.429	250	0.79	-7.903089986991944
202620.072	250	0.795	-7.903089986991944
203110.857	250	0.8	-7.903089986991944
203456.571	250	0.805	-7.903089986991944
204012.502	250	0.81	-7.903089986991944
204898.25	250	0.815	-7.903089986991944
205522.087	250	0.82	-7.903089986991944
206400.643	250	0.825	-7.903089986991944
207126.803	250	0.83	-7.903089986991944
207742.035	250	0.835	-7.903089986991944
208351.326	250	0.84	-7.903089986991944
209770.25	250	0.845	-7.903089986991944
210496.143	250	0.85	-7.903089986991944
210955.874	250	0.855	-7.903089986991944
211370.09	250	0.86	-7.903089986991944
211898.71	250	0.865	-7.903089986991944
212492.786	250	0.87	-7.903089986991944
212937.554	250	0.875	-7.903089986991944
213806.749	250	0.88	-7.903089986991944
214424.052	250	0.885	-7.903089986991944
214886.114	250	0.89	-7.903089986991944
215594.293	250	0.895	-7.903089986991944
216375.714	250	0.9	-7.903089986991944
216700.746	250	0.905	-7.903089986991944
218535.429	250	0.91	-7.903089986991944
219876.587	250	0.915	-7.903089986991944
220614.714	250	0.92	-7.903089986991944
221414.312	250	0.925	-7.903089986991944
223114.543	250	0.93	-7.903089986991944
224380.96	250	0.935	-7.903089986991944
225245.4	250	0.94	-7.903089986991944
226331.871	250	0.945	-7.903089986991944
227366.745	250	0.95	-7.903089986991944
228695.663	250	0.955	-7.903089986991944
230215.563	250	0.96	-7.903089986991944
232874.936	250	0.965	-7.903089986991944
235837.874	250	0.97	-7.903089986991944
240934.042	250	0.975	-7.903089986991944
245881.277	250	0.98	-7.903089986991944
258852.498	250	0.985	-7.903089986991944
264850.708	250	0.99	-7.903089986991944
289403.086	250	0.995	-7.903089986991944
185448.929	275	0.5	-7.903089986991944
185656.933	275	0.505	-7.903089986991944
186264.204	275	0.51	-7.903089986991944
187073.517	275	0.515	-7.903089986991944
187636.941	275	0.52	-7.903089986991944
188133.162	275	0.525	-7.903089986991944
188499.974	275	0.53	-7.903089986991944
188985.979	275	0.535	-7.903089986991944
189500.801	275	0.54	-7.903089986991944
189818.964	275	0.545	-7.903089986991944
190030.419	275	0.55	-7.903089986991944
190734.538	275	0.555	-7.903089986991944
190935.526	275	0.56	-7.903089986991944
191162.655	275	0.565	-7.903089986991944
191659.399	275	0.57	-7.903089986991944
192129.0	275	0.575	-7.903089986991944
192303.743	275	0.58	-7.903089986991944
192585.094	275	0.585	-7.903089986991944
192981.516	275	0.59	-7.903089986991944
193071.536	275	0.595	-7.903089986991944
193235.429	275	0.6	-7.903089986991944
193472.318	275	0.605	-7.903089986991944
193915.829	275	0.61	-7.903089986991944
194228.736	275	0.615	-7.903089986991944
194797.401	275	0.62	-7.903089986991944
194983.75	275	0.625	-7.903089986991944
195265.775	275	0.63	-7.903089986991944
195542.055	275	0.635	-7.903089986991944
196054.343	275	0.64	-7.903089986991944
196280.021	275	0.645	-7.903089986991944
196758.681	275	0.65	-7.903089986991944
197423.9	275	0.655	-7.903089986991944
197797.514	275	0.66	-7.903089986991944
197954.433	275	0.665	-7.903089986991944
198150.443	275	0.67	-7.903089986991944
198693.032	275	0.675	-7.903089986991944
199064.514	275	0.68	-7.903089986991944
199504.197	275	0.685	-7.903089986991944
200465.277	275	0.69	-7.903089986991944
200681.665	275	0.695	-7.903089986991944
201649.021	275	0.7	-7.903089986991944
202160.607	275	0.705	-7.903089986991944
202872.576	275	0.71	-7.903089986991944
203423.52	275	0.715	-7.903089986991944
204133.79	275	0.72	-7.903089986991944
205089.179	275	0.725	-7.903089986991944
205550.584	275	0.73	-7.903089986991944
206265.272	275	0.735	-7.903089986991944
206794.543	275	0.74	-7.903089986991944
206994.98	275	0.745	-7.903089986991944
207133.929	275	0.75	-7.903089986991944
207997.911	275	0.755	-7.903089986991944
208620.338	275	0.76	-7.903089986991944
209334.018	275	0.765	-7.903089986991944
209549.214	275	0.77	-7.903089986991944
209789.516	275	0.775	-7.903089986991944
210472.331	275	0.78	-7.903089986991944
211019.448	275	0.785	-7.903089986991944
211963.443	275	0.79	-7.903089986991944
212422.121	275	0.795	-7.903089986991944
213110.587	275	0.8	-7.903089986991944
213702.85	275	0.805	-7.903089986991944
214488.086	275	0.81	-7.903089986991944
214846.843	275	0.815	-7.903089986991944
215469.07	275	0.82	-7.903089986991944
216156.286	275	0.825	-7.903089986991944
216797.786	275	0.83	-7.903089986991944
217232.843	275	0.835	-7.903089986991944
217814.931	275	0.84	-7.903089986991944
218629.048	275	0.845	-7.903089986991944
219214.348	275	0.85	-7.903089986991944
220016.257	275	0.855	-7.903089986991944
220852.588	275	0.86	-7.903089986991944
221101.693	275	0.865	-7.903089986991944
221384.024	275	0.87	-7.903089986991944
221724.286	275	0.875	-7.903089986991944
222376.408	275	0.88	-7.903089986991944
223436.395	275	0.885	-7.903089986991944
224468.621	275	0.89	-7.903089986991944
225827.979	275	0.895	-7.903089986991944
226758.758	275	0.9	-7.903089986991944
228206.262	275	0.905	-7.903089986991944
229195.006	275	0.91	-7.903089986991944
230312.477	275	0.915	-7.903089986991944
231037.577	275	0.92	-7.903089986991944
232142.907	275	0.925	-7.903089986991944
233090.706	275	0.93	-7.903089986991944
233892.129	275	0.935	-7.903089986991944
235496.29	275	0.94	-7.903089986991944
239332.014	275	0.945	-7.903089986991944
240788.296	275	0.95	-7.903089986991944
246164.436	275	0.955	-7.903089986991944
248588.366	275	0.96	-7.903089986991944
255361.075	275	0.965	-7.903089986991944
259396.993	275	0.97	-7.903089986991944
269033.243	275	0.975	-7.903089986991944
281861.057	275	0.98	-7.903089986991944
287753.727	275	0.985	-7.903089986991944
310457.482	275	0.99	-7.903089986991944
329027.482	275	0.995	-7.903089986991944
194052.308	300	0.5	-7.903089986991944
194237.192	300	0.505	-7.903089986991944
194465.965	300	0.51	-7.903089986991944
194732.226	300	0.515	-7.903089986991944
195035.109	300	0.52	-7.903089986991944
195293.862	300	0.525	-7.903089986991944
195927.989	300	0.53	-7.903089986991944
196287.751	300	0.535	-7.903089986991944
196939.653	300	0.54	-7.903089986991944
197116.84	300	0.545	-7.903089986991944
197419.993	300	0.55	-7.903089986991944
197646.129	300	0.555	-7.903089986991944
197968.489	300	0.56	-7.903089986991944
198177.265	300	0.565	-7.903089986991944
198644.559	300	0.57	-7.903089986991944
199111.977	300	0.575	-7.903089986991944
199505.122	300	0.58	-7.903089986991944
199897.132	300	0.585	-7.903089986991944
200164.689	300	0.59	-7.903089986991944
200386.179	300	0.595	-7.903089986991944
200910.286	300	0.6	-7.903089986991944
201071.486	300	0.605	-7.903089986991944
201505.597	300	0.61	-7.903089986991944
201851.339	300	0.615	-7.903089986991944
201971.961	300	0.62	-7.903089986991944
202416.554	300	0.625	-7.903089986991944
202675.257	300	0.63	-7.903089986991944
202991.107	300	0.635	-7.903089986991944
203263.569	300	0.64	-7.903089986991944
203979.976	300	0.645	-7.903089986991944
204329.571	300	0.65	-7.903089986991944
204591.956	300	0.655	-7.903089986991944
204913.923	300	0.66	-7.903089986991944
205189.272	300	0.665	-7.903089986991944
205755.955	300	0.67	-7.903089986991944
205874.382	300	0.675	-7.903089986991944
206285.811	300	0.68	-7.903089986991944
206969.574	300	0.685	-7.903089986991944
207467.8	300	0.69	-7.903089986991944
207793.7	300	0.695	-7.903089986991944
207918.621	300	0.7	-7.903089986991944
208169.365	300	0.705	-7.903089986991944
208488.05	300	0.71	-7.903089986991944
208713.663	300	0.715	-7.903089986991944
209086.697	300	0.72	-7.903089986991944
209425.179	300	0.725	-7.903089986991944
209886.955	300	0.73	-7.903089986991944
210205.009	300	0.735	-7.903089986991944
210813.733	300	0.74	-7.903089986991944
210980.078	300	0.745	-7.903089986991944
211392.661	300	0.75	-7.903089986991944
211721.425	300	0.755	-7.903089986991944
212048.683	300	0.76	-7.903089986991944
212467.977	300	0.765	-7.903089986991944
213410.045	300	0.77	-7.903089986991944
213783.409	300	0.775	-7.903089986991944
214409.143	300	0.78	-7.903089986991944
214882.441	300	0.785	-7.903089986991944
215705.886	300	0.79	-7.903089986991944
216184.793	300	0.795	-7.903089986991944
216464.0	300	0.8	-7.903089986991944
217474.58	300	0.805	-7.903089986991944
217740.342	300	0.81	-7.903089986991944
218055.385	300	0.815	-7.903089986991944
218767.724	300	0.82	-7.903089986991944
218971.093	300	0.825	-7.903089986991944
219399.133	300	0.83	-7.903089986991944
220467.731	300	0.835	-7.903089986991944
221768.536	300	0.84	-7.903089986991944
222611.536	300	0.845	-7.903089986991944
223169.06	300	0.85	-7.903089986991944
224205.896	300	0.855	-7.903089986991944
224700.2	300	0.86	-7.903089986991944
225291.161	300	0.865	-7.903089986991944
226404.456	300	0.87	-7.903089986991944
227014.839	300	0.875	-7.903089986991944
227418.264	300	0.88	-7.903089986991944
228055.599	300	0.885	-7.903089986991944
229957.889	300	0.89	-7.903089986991944
230730.758	300	0.895	-7.903089986991944
230970.636	300	0.9	-7.903089986991944
234291.285	300	0.905	-7.903089986991944
234815.689	300	0.91	-7.903089986991944
236361.002	300	0.915	-7.903089986991944
237166.514	300	0.92	-7.903089986991944
238889.229	300	0.925	-7.903089986991944
239896.724	300	0.93	-7.903089986991944
241812.9	300	0.935	-7.903089986991944
243226.043	300	0.94	-7.903089986991944
245044.971	300	0.945	-7.903089986991944
248974.018	300	0.95	-7.903089986991944
250404.329	300	0.955	-7.903089986991944
253988.583	300	0.96	-7.903089986991944
255313.787	300	0.965	-7.903089986991944
258339.043	300	0.97	-7.903089986991944
261051.07	300	0.975	-7.903089986991944
263866.158	300	0.98	-7.903089986991944
272395.3	300	0.985	-7.903089986991944
281277.177	300	0.99	-7.903089986991944
309701.786	300	0.995	-7.903089986991944
198215.22	325	0.5	-7.903089986991944
198464.949	325	0.505	-7.903089986991944
198836.892	325	0.51	-7.903089986991944
199061.522	325	0.515	-7.903089986991944
199503.325	325	0.52	-7.903089986991944
199687.196	325	0.525	-7.903089986991944
199926.6	325	0.53	-7.903089986991944
200445.18	325	0.535	-7.903089986991944
200995.519	325	0.54	-7.903089986991944
201263.121	325	0.545	-7.903089986991944
201671.279	325	0.55	-7.903089986991944
202095.303	325	0.555	-7.903089986991944
202361.517	325	0.56	-7.903089986991944
202784.879	325	0.565	-7.903089986991944
203177.5	325	0.57	-7.903089986991944
203616.479	325	0.575	-7.903089986991944
204026.828	325	0.58	-7.903089986991944
204379.807	325	0.585	-7.903089986991944
204638.628	325	0.59	-7.903089986991944
205148.564	325	0.595	-7.903089986991944
205775.871	325	0.6	-7.903089986991944
206201.521	325	0.605	-7.903089986991944
206645.329	325	0.61	-7.903089986991944
206742.643	325	0.615	-7.903089986991944
207027.538	325	0.62	-7.903089986991944
207350.536	325	0.625	-7.903089986991944
207632.653	325	0.63	-7.903089986991944
208184.693	325	0.635	-7.903089986991944
208794.56	325	0.64	-7.903089986991944
209031.992	325	0.645	-7.903089986991944
209331.093	325	0.65	-7.903089986991944
209656.221	325	0.655	-7.903089986991944
210082.19	325	0.66	-7.903089986991944
210549.671	325	0.665	-7.903089986991944
211066.523	325	0.67	-7.903089986991944
211508.464	325	0.675	-7.903089986991944
211712.583	325	0.68	-7.903089986991944
212166.618	325	0.685	-7.903089986991944
212940.58	325	0.69	-7.903089986991944
213544.4	325	0.695	-7.903089986991944
213885.857	325	0.7	-7.903089986991944
213947.75	325	0.705	-7.903089986991944
214301.332	325	0.71	-7.903089986991944
214691.933	325	0.715	-7.903089986991944
214970.4	325	0.72	-7.903089986991944
215251.69	325	0.725	-7.903089986991944
215722.171	325	0.73	-7.903089986991944
216547.052	325	0.735	-7.903089986991944
216837.8	325	0.74	-7.903089986991944
217102.832	325	0.745	-7.903089986991944
217931.401	325	0.75	-7.903089986991944
218355.054	325	0.755	-7.903089986991944
219307.826	325	0.76	-7.903089986991944
219506.42	325	0.765	-7.903089986991944
219770.674	325	0.77	-7.903089986991944
220188.059	325	0.775	-7.903089986991944
220590.424	325	0.78	-7.903089986991944
221216.236	325	0.785	-7.903089986991944
221473.495	325	0.79	-7.903089986991944
221738.142	325	0.795	-7.903089986991944
222338.114	325	0.8	-7.903089986991944
222944.3	325	0.805	-7.903089986991944
223246.643	325	0.81	-7.903089986991944
223571.743	325	0.815	-7.903089986991944
223853.331	325	0.82	-7.903089986991944
224153.173	325	0.825	-7.903089986991944
225116.648	325	0.83	-7.903089986991944
226006.63	325	0.835	-7.903089986991944
226442.796	325	0.84	-7.903089986991944
227565.544	325	0.845	-7.903089986991944
228404.286	325	0.85	-7.903089986991944
228814.451	325	0.855	-7.903089986991944
229680.143	325	0.86	-7.903089986991944
230407.126	325	0.865	-7.903089986991944
230715.486	325	0.87	-7.903089986991944
232908.411	325	0.875	-7.903089986991944
233817.034	325	0.88	-7.903089986991944
235320.808	325	0.885	-7.903089986991944
236595.036	325	0.89	-7.903089986991944
238974.628	325	0.895	-7.903089986991944
240193.3	325	0.9	-7.903089986991944
241304.513	325	0.905	-7.903089986991944
242275.652	325	0.91	-7.903089986991944
243523.464	325	0.915	-7.903089986991944
244967.731	325	0.92	-7.903089986991944
245855.273	325	0.925	-7.903089986991944
246663.948	325	0.93	-7.903089986991944
247786.768	325	0.935	-7.903089986991944
248727.857	325	0.94	-7.903089986991944
250457.886	325	0.945	-7.903089986991944
251984.661	325	0.95	-7.903089986991944
256502.239	325	0.955	-7.903089986991944
259577.908	325	0.96	-7.903089986991944
262057.656	325	0.965	-7.903089986991944
268396.543	325	0.97	-7.903089986991944
277697.741	325	0.975	-7.903089986991944
292606.265	325	0.98	-7.903089986991944
302234.155	325	0.985	-7.903089986991944
308519.665	325	0.99	-7.903089986991944
343649.72	325	0.995	-7.903089986991944
205192.262	350	0.5	-7.903089986991944
205789.929	350	0.505	-7.903089986991944
205923.201	350	0.51	-7.903089986991944
206196.156	350	0.515	-7.903089986991944
206501.749	350	0.52	-7.903089986991944
206572.623	350	0.525	-7.903089986991944
207283.929	350	0.53	-7.903089986991944
207463.986	350	0.535	-7.903089986991944
207670.624	350	0.54	-7.903089986991944
208303.289	350	0.545	-7.903089986991944
208523.218	350	0.55	-7.903089986991944
208918.974	350	0.555	-7.903089986991944
209234.457	350	0.56	-7.903089986991944
209422.845	350	0.565	-7.903089986991944
209807.722	350	0.57	-7.903089986991944
209953.7	350	0.575	-7.903089986991944
210379.1	350	0.58	-7.903089986991944
210732.958	350	0.585	-7.903089986991944
211192.494	350	0.59	-7.903089986991944
211667.8	350	0.595	-7.903089986991944
212559.229	350	0.6	-7.903089986991944
212968.971	350	0.605	-7.903089986991944
213460.2	350	0.61	-7.903089986991944
213954.275	350	0.615	-7.903089986991944
214190.24	350	0.62	-7.903089986991944
214545.179	350	0.625	-7.903089986991944
214714.417	350	0.63	-7.903089986991944
214927.5	350	0.635	-7.903089986991944
215563.587	350	0.64	-7.903089986991944
216370.879	350	0.645	-7.903089986991944
217246.286	350	0.65	-7.903089986991944
217613.729	350	0.655	-7.903089986991944
217964.304	350	0.66	-7.903089986991944
218485.352	350	0.665	-7.903089986991944
218844.248	350	0.67	-7.903089986991944
219437.179	350	0.675	-7.903089986991944
219790.476	350	0.68	-7.903089986991944
220171.893	350	0.685	-7.903089986991944
220677.751	350	0.69	-7.903089986991944
221082.474	350	0.695	-7.903089986991944
221821.5	350	0.7	-7.903089986991944
221917.164	350	0.705	-7.903089986991944
222313.392	350	0.71	-7.903089986991944
222724.706	350	0.715	-7.903089986991944
223205.48	350	0.72	-7.903089986991944
223406.782	350	0.725	-7.903089986991944
223901.963	350	0.73	-7.903089986991944
224467.43	350	0.735	-7.903089986991944
224785.501	350	0.74	-7.903089986991944
225259.082	350	0.745	-7.903089986991944
225588.679	350	0.75	-7.903089986991944
226345.55	350	0.755	-7.903089986991944
226953.143	350	0.76	-7.903089986991944
227419.229	350	0.765	-7.903089986991944
227685.191	350	0.77	-7.903089986991944
228253.679	350	0.775	-7.903089986991944
228896.004	350	0.78	-7.903089986991944
229731.273	350	0.785	-7.903089986991944
230831.711	350	0.79	-7.903089986991944
231327.086	350	0.795	-7.903089986991944
231793.407	350	0.8	-7.903089986991944
232318.871	350	0.805	-7.903089986991944
232525.76	350	0.81	-7.903089986991944
233060.54	350	0.815	-7.903089986991944
233356.929	350	0.82	-7.903089986991944
233781.941	350	0.825	-7.903089986991944
233949.571	350	0.83	-7.903089986991944
234720.002	350	0.835	-7.903089986991944
235453.314	350	0.84	-7.903089986991944
236548.957	350	0.845	-7.903089986991944
237540.593	350	0.85	-7.903089986991944
238085.871	350	0.855	-7.903089986991944
239568.872	350	0.86	-7.903089986991944
240357.476	350	0.865	-7.903089986991944
241469.959	350	0.87	-7.903089986991944
242343.098	350	0.875	-7.903089986991944
243550.526	350	0.88	-7.903089986991944
244225.14	350	0.885	-7.903089986991944
244534.073	350	0.89	-7.903089986991944
245155.85	350	0.895	-7.903089986991944
245710.929	350	0.9	-7.903089986991944
246911.669	350	0.905	-7.903089986991944
247804.443	350	0.91	-7.903089986991944
249340.044	350	0.915	-7.903089986991944
250810.862	350	0.92	-7.903089986991944
252347.558	350	0.925	-7.903089986991944
255175.371	350	0.93	-7.903089986991944
256367.676	350	0.935	-7.903089986991944
257342.356	350	0.94	-7.903089986991944
260483.019	350	0.945	-7.903089986991944
263459.714	350	0.95	-7.903089986991944
265908.787	350	0.955	-7.903089986991944
275394.131	350	0.96	-7.903089986991944
276469.317	350	0.965	-7.903089986991944
283357.359	350	0.97	-7.903089986991944
286955.807	350	0.975	-7.903089986991944
291291.179	350	0.98	-7.903089986991944
302053.293	350	0.985	-7.903089986991944
317368.114	350	0.99	-7.903089986991944
346548.693	350	0.995	-7.903089986991944
211710.734	375	0.5	-7.903089986991944
211951.114	375	0.505	-7.903089986991944
212069.194	375	0.51	-7.903089986991944
212555.378	375	0.515	-7.903089986991944
212842.491	375	0.52	-7.903089986991944
213085.998	375	0.525	-7.903089986991944
213373.405	375	0.53	-7.903089986991944
214116.307	375	0.535	-7.903089986991944
214503.61	375	0.54	-7.903089986991944
214970.662	375	0.545	-7.903089986991944
215669.214	375	0.55	-7.903089986991944
216139.575	375	0.555	-7.903089986991944
216702.93	375	0.56	-7.903089986991944
216934.664	375	0.565	-7.903089986991944
217059.192	375	0.57	-7.903089986991944
217344.332	375	0.575	-7.903089986991944
217693.262	375	0.58	-7.903089986991944
218048.222	375	0.585	-7.903089986991944
218251.386	375	0.59	-7.903089986991944
218467.567	375	0.595	-7.903089986991944
218585.714	375	0.6	-7.903089986991944
218800.171	375	0.605	-7.903089986991944
219123.042	375	0.61	-7.903089986991944
219492.117	375	0.615	-7.903089986991944
219812.771	375	0.62	-7.903089986991944
220423.418	375	0.625	-7.903089986991944
220697.543	375	0.63	-7.903089986991944
221089.943	375	0.635	-7.903089986991944
221507.657	375	0.64	-7.903089986991944
222136.005	375	0.645	-7.903089986991944
222701.0	375	0.65	-7.903089986991944
223184.565	375	0.655	-7.903089986991944
223479.52	375	0.66	-7.903089986991944
223850.143	375	0.665	-7.903089986991944
224399.852	375	0.67	-7.903089986991944
225085.962	375	0.675	-7.903089986991944
225569.126	375	0.68	-7.903089986991944
226328.645	375	0.685	-7.903089986991944
226769.986	375	0.69	-7.903089986991944
227239.959	375	0.695	-7.903089986991944
227560.086	375	0.7	-7.903089986991944
227938.419	375	0.705	-7.903089986991944
228750.014	375	0.71	-7.903089986991944
228977.55	375	0.715	-7.903089986991944
229542.475	375	0.72	-7.903089986991944
230038.143	375	0.725	-7.903089986991944
230543.172	375	0.73	-7.903089986991944
231208.904	375	0.735	-7.903089986991944
231543.366	375	0.74	-7.903089986991944
232059.52	375	0.745	-7.903089986991944
232258.268	375	0.75	-7.903089986991944
233088.984	375	0.755	-7.903089986991944
233645.314	375	0.76	-7.903089986991944
234595.263	375	0.765	-7.903089986991944
234742.224	375	0.77	-7.903089986991944
235125.298	375	0.775	-7.903089986991944
235611.873	375	0.78	-7.903089986991944
236158.295	375	0.785	-7.903089986991944
236460.673	375	0.79	-7.903089986991944
237008.214	375	0.795	-7.903089986991944
237767.829	375	0.8	-7.903089986991944
238053.701	375	0.805	-7.903089986991944
238686.0	375	0.81	-7.903089986991944
239604.378	375	0.815	-7.903089986991944
240208.943	375	0.82	-7.903089986991944
240522.782	375	0.825	-7.903089986991944
240723.034	375	0.83	-7.903089986991944
241467.185	375	0.835	-7.903089986991944
242264.183	375	0.84	-7.903089986991944
242937.46	375	0.845	-7.903089986991944
243526.011	375	0.85	-7.903089986991944
244466.883	375	0.855	-7.903089986991944
245808.439	375	0.86	-7.903089986991944
246497.643	375	0.865	-7.903089986991944
247742.114	375	0.87	-7.903089986991944
248452.759	375	0.875	-7.903089986991944
249011.274	375	0.88	-7.903089986991944
249955.571	375	0.885	-7.903089986991944
250631.657	375	0.89	-7.903089986991944
251718.979	375	0.895	-7.903089986991944
252983.207	375	0.9	-7.903089986991944
253661.32	375	0.905	-7.903089986991944
254488.001	375	0.91	-7.903089986991944
255823.111	375	0.915	-7.903089986991944
257292.289	375	0.92	-7.903089986991944
257587.413	375	0.925	-7.903089986991944
259557.943	375	0.93	-7.903089986991944
261134.438	375	0.935	-7.903089986991944
261949.024	375	0.94	-7.903089986991944
263463.55	375	0.945	-7.903089986991944
264815.925	375	0.95	-7.903089986991944
267380.036	375	0.955	-7.903089986991944
271702.946	375	0.96	-7.903089986991944
273696.041	375	0.965	-7.903089986991944
281994.777	375	0.97	-7.903089986991944
289716.214	375	0.975	-7.903089986991944
293532.314	375	0.98	-7.903089986991944
300444.106	375	0.985	-7.903089986991944
308286.914	375	0.99	-7.903089986991944
358913.063	375	0.995	-7.903089986991944
215596.192	400	0.5	-7.903089986991944
215896.23	400	0.505	-7.903089986991944
216144.914	400	0.51	-7.903089986991944
216483.028	400	0.515	-7.903089986991944
216643.786	400	0.52	-7.903089986991944
217164.757	400	0.525	-7.903089986991944
217360.286	400	0.53	-7.903089986991944
217693.246	400	0.535	-7.903089986991944
217914.773	400	0.54	-7.903089986991944
218091.619	400	0.545	-7.903089986991944
218361.557	400	0.55	-7.903089986991944
219026.888	400	0.555	-7.903089986991944
219291.554	400	0.56	-7.903089986991944
219525.593	400	0.565	-7.903089986991944
220041.614	400	0.57	-7.903089986991944
220354.78	400	0.575	-7.903089986991944
220656.201	400	0.58	-7.903089986991944
220901.319	400	0.585	-7.903089986991944
221169.345	400	0.59	-7.903089986991944
221985.629	400	0.595	-7.903089986991944
222624.0	400	0.6	-7.903089986991944
222901.38	400	0.605	-7.903089986991944
223219.415	400	0.61	-7.903089986991944
223443.688	400	0.615	-7.903089986991944
224200.356	400	0.62	-7.903089986991944
224463.393	400	0.625	-7.903089986991944
224760.6	400	0.63	-7.903089986991944
225001.469	400	0.635	-7.903089986991944
225623.6	400	0.64	-7.903089986991944
226078.321	400	0.645	-7.903089986991944
226441.336	400	0.65	-7.903089986991944
226702.954	400	0.655	-7.903089986991944
227001.534	400	0.66	-7.903089986991944
227244.007	400	0.665	-7.903089986991944
227543.671	400	0.67	-7.903089986991944
227904.525	400	0.675	-7.903089986991944
228379.943	400	0.68	-7.903089986991944
229069.407	400	0.685	-7.903089986991944
229459.549	400	0.69	-7.903089986991944
230224.2	400	0.695	-7.903089986991944
230603.588	400	0.7	-7.903089986991944
230971.657	400	0.705	-7.903089986991944
231135.579	400	0.71	-7.903089986991944
231389.022	400	0.715	-7.903089986991944
231684.223	400	0.72	-7.903089986991944
232218.893	400	0.725	-7.903089986991944
233412.548	400	0.73	-7.903089986991944
233981.498	400	0.735	-7.903089986991944
234675.281	400	0.74	-7.903089986991944
235325.243	400	0.745	-7.903089986991944
235636.839	400	0.75	-7.903089986991944
236181.164	400	0.755	-7.903089986991944
236653.26	400	0.76	-7.903089986991944
238115.271	400	0.765	-7.903089986991944
238495.97	400	0.77	-7.903089986991944
238817.166	400	0.775	-7.903089986991944
239400.981	400	0.78	-7.903089986991944
239906.075	400	0.785	-7.903089986991944
240073.677	400	0.79	-7.903089986991944
240982.502	400	0.795	-7.903089986991944
241273.743	400	0.8	-7.903089986991944
241529.3	400	0.805	-7.903089986991944
242100.135	400	0.81	-7.903089986991944
242607.393	400	0.815	-7.903089986991944
243265.8	400	0.82	-7.903089986991944
243861.481	400	0.825	-7.903089986991944
244069.712	400	0.83	-7.903089986991944
244612.735	400	0.835	-7.903089986991944
245040.674	400	0.84	-7.903089986991944
245908.75	400	0.845	-7.903089986991944
247410.286	400	0.85	-7.903089986991944
248747.09	400	0.855	-7.903089986991944
250272.504	400	0.86	-7.903089986991944
251139.557	400	0.865	-7.903089986991944
252493.979	400	0.87	-7.903089986991944
253074.913	400	0.875	-7.903089986991944
253708.997	400	0.88	-7.903089986991944
254602.519	400	0.885	-7.903089986991944
257237.566	400	0.89	-7.903089986991944
257816.643	400	0.895	-7.903089986991944
260523.0	400	0.9	-7.903089986991944
262373.482	400	0.905	-7.903089986991944
264215.656	400	0.91	-7.903089986991944
266443.72	400	0.915	-7.903089986991944
268033.886	400	0.92	-7.903089986991944
271189.393	400	0.925	-7.903089986991944
272174.547	400	0.93	-7.903089986991944
274354.138	400	0.935	-7.903089986991944
276483.714	400	0.94	-7.903089986991944
280754.721	400	0.945	-7.903089986991944
282050.154	400	0.95	-7.903089986991944
283389.107	400	0.955	-7.903089986991944
291138.574	400	0.96	-7.903089986991944
294656.512	400	0.965	-7.903089986991944
302219.11	400	0.97	-7.903089986991944
306553.964	400	0.975	-7.903089986991944
312070.314	400	0.98	-7.903089986991944
325453.606	400	0.985	-7.903089986991944
336435.718	400	0.99	-7.903089986991944
374061.785	400	0.995	-7.903089986991944
221339.286	425	0.5	-7.903089986991944
221713.868	425	0.505	-7.903089986991944
222126.824	425	0.51	-7.903089986991944
222344.97	425	0.515	-7.903089986991944
222635.806	425	0.52	-7.903089986991944
223002.143	425	0.525	-7.903089986991944
223279.443	425	0.53	-7.903089986991944
223542.86	425	0.535	-7.903089986991944
223828.657	425	0.54	-7.903089986991944
224122.125	425	0.545	-7.903089986991944
224509.853	425	0.55	-7.903089986991944
225105.714	425	0.555	-7.903089986991944
225582.251	425	0.56	-7.903089986991944
225902.757	425	0.565	-7.903089986991944
226113.808	425	0.57	-7.903089986991944
226490.484	425	0.575	-7.903089986991944
227050.27	425	0.58	-7.903089986991944
227480.907	425	0.585	-7.903089986991944
227997.115	425	0.59	-7.903089986991944
228529.965	425	0.595	-7.903089986991944
228941.714	425	0.6	-7.903089986991944
229241.693	425	0.605	-7.903089986991944
230021.244	425	0.61	-7.903089986991944
230188.354	425	0.615	-7.903089986991944
230715.081	425	0.62	-7.903089986991944
231125.221	425	0.625	-7.903089986991944
231444.967	425	0.63	-7.903089986991944
231654.391	425	0.635	-7.903089986991944
232001.143	425	0.64	-7.903089986991944
232538.421	425	0.645	-7.903089986991944
232895.625	425	0.65	-7.903089986991944
233827.786	425	0.655	-7.903089986991944
234077.141	425	0.66	-7.903089986991944
234927.65	425	0.665	-7.903089986991944
235129.043	425	0.67	-7.903089986991944
235715.702	425	0.675	-7.903089986991944
236080.503	425	0.68	-7.903089986991944
236280.296	425	0.685	-7.903089986991944
236573.637	425	0.69	-7.903089986991944
236872.68	425	0.695	-7.903089986991944
237155.571	425	0.7	-7.903089986991944
237702.458	425	0.705	-7.903089986991944
237953.221	425	0.71	-7.903089986991944
238612.944	425	0.715	-7.903089986991944
238933.857	425	0.72	-7.903089986991944
239439.098	425	0.725	-7.903089986991944
240040.076	425	0.73	-7.903089986991944
240576.917	425	0.735	-7.903089986991944
240828.076	425	0.74	-7.903089986991944
241367.178	425	0.745	-7.903089986991944
241863.589	425	0.75	-7.903089986991944
242789.8	425	0.755	-7.903089986991944
243203.597	425	0.76	-7.903089986991944
243524.752	425	0.765	-7.903089986991944
243912.914	425	0.77	-7.903089986991944
244830.932	425	0.775	-7.903089986991944
245497.371	425	0.78	-7.903089986991944
246158.579	425	0.785	-7.903089986991944
247473.458	425	0.79	-7.903089986991944
247916.036	425	0.795	-7.903089986991944
248284.7	425	0.8	-7.903089986991944
248935.607	425	0.805	-7.903089986991944
249941.619	425	0.81	-7.903089986991944
250542.702	425	0.815	-7.903089986991944
250968.8	425	0.82	-7.903089986991944
252050.084	425	0.825	-7.903089986991944
252529.346	425	0.83	-7.903089986991944
252979.102	425	0.835	-7.903089986991944
253514.666	425	0.84	-7.903089986991944
254680.243	425	0.845	-7.903089986991944
255949.632	425	0.85	-7.903089986991944
256896.683	425	0.855	-7.903089986991944
258111.4	425	0.86	-7.903089986991944
259142.466	425	0.865	-7.903089986991944
260073.67	425	0.87	-7.903089986991944
261366.071	425	0.875	-7.903089986991944
263093.166	425	0.88	-7.903089986991944
263959.486	425	0.885	-7.903089986991944
265493.33	425	0.89	-7.903089986991944
266548.721	425	0.895	-7.903089986991944
266836.029	425	0.9	-7.903089986991944
267661.221	425	0.905	-7.903089986991944
269128.777	425	0.91	-7.903089986991944
271089.179	425	0.915	-7.903089986991944
273266.343	425	0.92	-7.903089986991944
274697.046	425	0.925	-7.903089986991944
276887.837	425	0.93	-7.903089986991944
278026.699	425	0.935	-7.903089986991944
280416.463	425	0.94	-7.903089986991944
281403.038	425	0.945	-7.903089986991944
284287.0	425	0.95	-7.903089986991944
288717.288	425	0.955	-7.903089986991944
293770.283	425	0.96	-7.903089986991944
297049.85	425	0.965	-7.903089986991944
303336.714	425	0.97	-7.903089986991944
322038.07	425	0.975	-7.903089986991944
336034.314	425	0.98	-7.903089986991944
347992.587	425	0.985	-7.903089986991944
359597.261	425	0.99	-7.903089986991944
410449.036	425	0.995	-7.903089986991944
226654.286	450	0.5	-7.903089986991944
227093.107	450	0.505	-7.903089986991944
227482.665	450	0.51	-7.903089986991944
227849.179	450	0.515	-7.903089986991944
228228.106	450	0.52	-7.903089986991944
228631.32	450	0.525	-7.903089986991944
229126.347	450	0.53	-7.903089986991944
229411.121	450	0.535	-7.903089986991944
229763.241	450	0.54	-7.903089986991944
229961.758	450	0.545	-7.903089986991944
230176.286	450	0.55	-7.903089986991944
230475.448	450	0.555	-7.903089986991944
230878.686	450	0.56	-7.903089986991944
231426.423	450	0.565	-7.903089986991944
232154.051	450	0.57	-7.903089986991944
232521.5	450	0.575	-7.903089986991944
232923.829	450	0.58	-7.903089986991944
233549.229	450	0.585	-7.903089986991944
234066.57	450	0.59	-7.903089986991944
234410.414	450	0.595	-7.903089986991944
234743.714	450	0.6	-7.903089986991944
235347.399	450	0.605	-7.903089986991944
235897.266	450	0.61	-7.903089986991944
236330.127	450	0.615	-7.903089986991944
236685.571	450	0.62	-7.903089986991944
236840.893	450	0.625	-7.903089986991944
237246.712	450	0.63	-7.903089986991944
237515.414	450	0.635	-7.903089986991944
238108.057	450	0.64	-7.903089986991944
238378.84	450	0.645	-7.903089986991944
238636.932	450	0.65	-7.903089986991944
239225.801	450	0.655	-7.903089986991944
239567.171	450	0.66	-7.903089986991944
239673.885	450	0.665	-7.903089986991944
239904.291	450	0.67	-7.903089986991944
240278.357	450	0.675	-7.903089986991944
240585.143	450	0.68	-7.903089986991944
240916.057	450	0.685	-7.903089986991944
241474.471	450	0.69	-7.903089986991944
241976.014	450	0.695	-7.903089986991944
242403.914	450	0.7	-7.903089986991944
243199.266	450	0.705	-7.903089986991944
243630.394	450	0.71	-7.903089986991944
243812.208	450	0.715	-7.903089986991944
244157.994	450	0.72	-7.903089986991944
244353.948	450	0.725	-7.903089986991944
245314.471	450	0.73	-7.903089986991944
245513.836	450	0.735	-7.903089986991944
245849.047	450	0.74	-7.903089986991944
246497.089	450	0.745	-7.903089986991944
246820.714	450	0.75	-7.903089986991944
247217.943	450	0.755	-7.903089986991944
247706.229	450	0.76	-7.903089986991944
247980.488	450	0.765	-7.903089986991944
248423.145	450	0.77	-7.903089986991944
248756.802	450	0.775	-7.903089986991944
248934.196	450	0.78	-7.903089986991944
249181.437	450	0.785	-7.903089986991944
249941.744	450	0.79	-7.903089986991944
250878.964	450	0.795	-7.903089986991944
251493.7	450	0.8	-7.903089986991944
252203.669	450	0.805	-7.903089986991944
253379.229	450	0.81	-7.903089986991944
254626.336	450	0.815	-7.903089986991944
254829.456	450	0.82	-7.903089986991944
255177.036	450	0.825	-7.903089986991944
255858.4	450	0.83	-7.903089986991944
256090.607	450	0.835	-7.903089986991944
256854.377	450	0.84	-7.903089986991944
257269.535	450	0.845	-7.903089986991944
257942.468	450	0.85	-7.903089986991944
258414.957	450	0.855	-7.903089986991944
259054.371	450	0.86	-7.903089986991944
259770.381	450	0.865	-7.903089986991944
260580.994	450	0.87	-7.903089986991944
261566.786	450	0.875	-7.903089986991944
262242.114	450	0.88	-7.903089986991944
263165.212	450	0.885	-7.903089986991944
264812.796	450	0.89	-7.903089986991944
266167.7	450	0.895	-7.903089986991944
267822.857	450	0.9	-7.903089986991944
269220.315	450	0.905	-7.903089986991944
271557.671	450	0.91	-7.903089986991944
273488.614	450	0.915	-7.903089986991944
275717.094	450	0.92	-7.903089986991944
277072.571	450	0.925	-7.903089986991944
280056.871	450	0.93	-7.903089986991944
282634.114	450	0.935	-7.903089986991944
284574.571	450	0.94	-7.903089986991944
294666.461	450	0.945	-7.903089986991944
297662.0	450	0.95	-7.903089986991944
300036.9	450	0.955	-7.903089986991944
303718.914	450	0.96	-7.903089986991944
306895.988	450	0.965	-7.903089986991944
310024.298	450	0.97	-7.903089986991944
311633.496	450	0.975	-7.903089986991944
317149.281	450	0.98	-7.903089986991944
329960.814	450	0.985	-7.903089986991944
349657.137	450	0.99	-7.903089986991944
386935.193	450	0.995	-7.903089986991944
