S*_score	SNP_num	quantile	log(local_recomb_rate)
113587.9	25	0.5	-7.903089986991944
114118.867	25	0.505	-7.903089986991944
115029.9	25	0.51	-7.903089986991944
116119.452	25	0.515	-7.903089986991944
117166.56	25	0.52	-7.903089986991944
118153.5	25	0.525	-7.903089986991944
118792.11	25	0.53	-7.903089986991944
119015.953	25	0.535	-7.903089986991944
119060.0	25	0.54	-7.903089986991944
119281.4	25	0.545	-7.903089986991944
119770.0	25	0.55	-7.903089986991944
119865.645	25	0.555	-7.903089986991944
120226.34	25	0.56	-7.903089986991944
120330.067	25	0.565	-7.903089986991944
120983.6	25	0.57	-7.903089986991944
121465.983	25	0.575	-7.903089986991944
122736.8	25	0.58	-7.903089986991944
124016.1	25	0.585	-7.903089986991944
124839.4	25	0.59	-7.903089986991944
125654.638	25	0.595	-7.903089986991944
125864.0	25	0.6	-7.903089986991944
126560.5	25	0.605	-7.903089986991944
126881.0	25	0.61	-7.903089986991944
127209.6	25	0.615	-7.903089986991944
127841.6	25	0.62	-7.903089986991944
129342.5	25	0.625	-7.903089986991944
129588.8	25	0.63	-7.903089986991944
129792.84	25	0.635	-7.903089986991944
131803.12	25	0.64	-7.903089986991944
131868.34	25	0.645	-7.903089986991944
132434.819	25	0.65	-7.903089986991944
133084.225	25	0.655	-7.903089986991944
134029.533	25	0.66	-7.903089986991944
134494.65	25	0.665	-7.903089986991944
135579.8	25	0.67	-7.903089986991944
136834.167	25	0.675	-7.903089986991944
136917.6	25	0.68	-7.903089986991944
137731.6	25	0.685	-7.903089986991944
138116.305	25	0.69	-7.903089986991944
138444.34	25	0.695	-7.903089986991944
139536.1	25	0.7	-7.903089986991944
139854.665	25	0.705	-7.903089986991944
140435.338	25	0.71	-7.903089986991944
141090.665	25	0.715	-7.903089986991944
141901.32	25	0.72	-7.903089986991944
142851.0	25	0.725	-7.903089986991944
143826.51	25	0.73	-7.903089986991944
144527.74	25	0.735	-7.903089986991944
144979.04	25	0.74	-7.903089986991944
145734.05	25	0.745	-7.903089986991944
147112.375	25	0.75	-7.903089986991944
147642.985	25	0.755	-7.903089986991944
147898.4	25	0.76	-7.903089986991944
148729.555	25	0.765	-7.903089986991944
149241.4	25	0.77	-7.903089986991944
150534.981	25	0.775	-7.903089986991944
150796.805	25	0.78	-7.903089986991944
151466.113	25	0.785	-7.903089986991944
152893.767	25	0.79	-7.903089986991944
153405.8	25	0.795	-7.903089986991944
155020.0	25	0.8	-7.903089986991944
155877.807	25	0.805	-7.903089986991944
156660.815	25	0.81	-7.903089986991944
157143.975	25	0.815	-7.903089986991944
158428.4	25	0.82	-7.903089986991944
159010.5	25	0.825	-7.903089986991944
159503.4	25	0.83	-7.903089986991944
159874.767	25	0.835	-7.903089986991944
160499.747	25	0.84	-7.903089986991944
161863.815	25	0.845	-7.903089986991944
163179.479	25	0.85	-7.903089986991944
164162.5	25	0.855	-7.903089986991944
164672.4	25	0.86	-7.903089986991944
164960.3	25	0.865	-7.903089986991944
166301.4	25	0.87	-7.903089986991944
167210.375	25	0.875	-7.903089986991944
167597.16	25	0.88	-7.903089986991944
168200.35	25	0.885	-7.903089986991944
168841.02	25	0.89	-7.903089986991944
169425.15	25	0.895	-7.903089986991944
169766.35	25	0.9	-7.903089986991944
169915.967	25	0.905	-7.903089986991944
172166.625	25	0.91	-7.903089986991944
172952.1	25	0.915	-7.903089986991944
174956.0	25	0.92	-7.903089986991944
176537.0	25	0.925	-7.903089986991944
177615.0	25	0.93	-7.903089986991944
178866.975	25	0.935	-7.903089986991944
179792.5	25	0.94	-7.903089986991944
180383.65	25	0.945	-7.903089986991944
181332.5	25	0.95	-7.903089986991944
182591.4	25	0.955	-7.903089986991944
183777.28	25	0.96	-7.903089986991944
184268.1	25	0.965	-7.903089986991944
185728.4	25	0.97	-7.903089986991944
187165.5	25	0.975	-7.903089986991944
190183.2	25	0.98	-7.903089986991944
194981.9	25	0.985	-7.903089986991944
197149.1	25	0.99	-7.903089986991944
198235.6	25	0.995	-7.903089986991944
118585.0	50	0.5	-7.903089986991944
118803.927	50	0.505	-7.903089986991944
119064.52	50	0.51	-7.903089986991944
119443.88	50	0.515	-7.903089986991944
120021.28	50	0.52	-7.903089986991944
120714.0	50	0.525	-7.903089986991944
121338.72	50	0.53	-7.903089986991944
121666.086	50	0.535	-7.903089986991944
122343.067	50	0.54	-7.903089986991944
122856.086	50	0.545	-7.903089986991944
123385.0	50	0.55	-7.903089986991944
123494.14	50	0.555	-7.903089986991944
123895.248	50	0.56	-7.903089986991944
124264.16	50	0.565	-7.903089986991944
124870.4	50	0.57	-7.903089986991944
125079.55	50	0.575	-7.903089986991944
125725.68	50	0.58	-7.903089986991944
126173.04	50	0.585	-7.903089986991944
126415.253	50	0.59	-7.903089986991944
126703.7	50	0.595	-7.903089986991944
127476.8	50	0.6	-7.903089986991944
127739.27	50	0.605	-7.903089986991944
128284.867	50	0.61	-7.903089986991944
128990.9	50	0.615	-7.903089986991944
129348.28	50	0.62	-7.903089986991944
129782.429	50	0.625	-7.903089986991944
130137.6	50	0.63	-7.903089986991944
131096.2	50	0.635	-7.903089986991944
131758.8	50	0.64	-7.903089986991944
132782.16	50	0.645	-7.903089986991944
133188.48	50	0.65	-7.903089986991944
133456.146	50	0.655	-7.903089986991944
133738.4	50	0.66	-7.903089986991944
134385.386	50	0.665	-7.903089986991944
134957.087	50	0.67	-7.903089986991944
135720.955	50	0.675	-7.903089986991944
136820.0	50	0.68	-7.903089986991944
137063.193	50	0.685	-7.903089986991944
137467.65	50	0.69	-7.903089986991944
138076.286	50	0.695	-7.903089986991944
138428.667	50	0.7	-7.903089986991944
138645.58	50	0.705	-7.903089986991944
139081.82	50	0.71	-7.903089986991944
140021.8	50	0.715	-7.903089986991944
140963.323	50	0.72	-7.903089986991944
141422.0	50	0.725	-7.903089986991944
141817.184	50	0.73	-7.903089986991944
142244.419	50	0.735	-7.903089986991944
142953.08	50	0.74	-7.903089986991944
143899.7	50	0.745	-7.903089986991944
144328.0	50	0.75	-7.903089986991944
144657.692	50	0.755	-7.903089986991944
145592.667	50	0.76	-7.903089986991944
146059.163	50	0.765	-7.903089986991944
146805.52	50	0.77	-7.903089986991944
148082.0	50	0.775	-7.903089986991944
148275.4	50	0.78	-7.903089986991944
148923.92	50	0.785	-7.903089986991944
149127.68	50	0.79	-7.903089986991944
149633.533	50	0.795	-7.903089986991944
150182.667	50	0.8	-7.903089986991944
151303.6	50	0.805	-7.903089986991944
152289.067	50	0.81	-7.903089986991944
152739.405	50	0.815	-7.903089986991944
153581.6	50	0.82	-7.903089986991944
154212.783	50	0.825	-7.903089986991944
154599.987	50	0.83	-7.903089986991944
155090.4	50	0.835	-7.903089986991944
155446.4	50	0.84	-7.903089986991944
156696.133	50	0.845	-7.903089986991944
157372.308	50	0.85	-7.903089986991944
158735.943	50	0.855	-7.903089986991944
159322.0	50	0.86	-7.903089986991944
160103.467	50	0.865	-7.903089986991944
160818.667	50	0.87	-7.903089986991944
161160.0	50	0.875	-7.903089986991944
161882.2	50	0.88	-7.903089986991944
162478.546	50	0.885	-7.903089986991944
164167.886	50	0.89	-7.903089986991944
165524.352	50	0.895	-7.903089986991944
166192.0	50	0.9	-7.903089986991944
166462.08	50	0.905	-7.903089986991944
167478.12	50	0.91	-7.903089986991944
168399.5	50	0.915	-7.903089986991944
169411.96	50	0.92	-7.903089986991944
170420.733	50	0.925	-7.903089986991944
171308.018	50	0.93	-7.903089986991944
173032.587	50	0.935	-7.903089986991944
174245.711	50	0.94	-7.903089986991944
175621.42	50	0.945	-7.903089986991944
176073.65	50	0.95	-7.903089986991944
177435.48	50	0.955	-7.903089986991944
178072.7	50	0.96	-7.903089986991944
180508.133	50	0.965	-7.903089986991944
183516.4	50	0.97	-7.903089986991944
184668.964	50	0.975	-7.903089986991944
187474.933	50	0.98	-7.903089986991944
190318.4	50	0.985	-7.903089986991944
194918.4	50	0.99	-7.903089986991944
200301.74	50	0.995	-7.903089986991944
127983.667	75	0.5	-7.903089986991944
128460.789	75	0.505	-7.903089986991944
128935.84	75	0.51	-7.903089986991944
129222.952	75	0.515	-7.903089986991944
129464.84	75	0.52	-7.903089986991944
130639.555	75	0.525	-7.903089986991944
130911.585	75	0.53	-7.903089986991944
131445.55	75	0.535	-7.903089986991944
131685.88	75	0.54	-7.903089986991944
132456.689	75	0.545	-7.903089986991944
133157.333	75	0.55	-7.903089986991944
133344.933	75	0.555	-7.903089986991944
133895.2	75	0.56	-7.903089986991944
134084.209	75	0.565	-7.903089986991944
134464.667	75	0.57	-7.903089986991944
134652.877	75	0.575	-7.903089986991944
134845.6	75	0.58	-7.903089986991944
135576.637	75	0.585	-7.903089986991944
135928.109	75	0.59	-7.903089986991944
136459.465	75	0.595	-7.903089986991944
137023.92	75	0.6	-7.903089986991944
137452.595	75	0.605	-7.903089986991944
137599.617	75	0.61	-7.903089986991944
137896.917	75	0.615	-7.903089986991944
138133.0	75	0.62	-7.903089986991944
138549.156	75	0.625	-7.903089986991944
138652.393	75	0.63	-7.903089986991944
139012.685	75	0.635	-7.903089986991944
139353.963	75	0.64	-7.903089986991944
139794.585	75	0.645	-7.903089986991944
140232.4	75	0.65	-7.903089986991944
140627.134	75	0.655	-7.903089986991944
140838.01	75	0.66	-7.903089986991944
141171.68	75	0.665	-7.903089986991944
141683.505	75	0.67	-7.903089986991944
142256.31	75	0.675	-7.903089986991944
142379.275	75	0.68	-7.903089986991944
142675.467	75	0.685	-7.903089986991944
142858.09	75	0.69	-7.903089986991944
143226.265	75	0.695	-7.903089986991944
143774.123	75	0.7	-7.903089986991944
144162.545	75	0.705	-7.903089986991944
144505.204	75	0.71	-7.903089986991944
144903.876	75	0.715	-7.903089986991944
145241.66	75	0.72	-7.903089986991944
145883.31	75	0.725	-7.903089986991944
146129.486	75	0.73	-7.903089986991944
146859.727	75	0.735	-7.903089986991944
147325.86	75	0.74	-7.903089986991944
148162.066	75	0.745	-7.903089986991944
149006.286	75	0.75	-7.903089986991944
149941.855	75	0.755	-7.903089986991944
150415.852	75	0.76	-7.903089986991944
150730.598	75	0.765	-7.903089986991944
151424.3	75	0.77	-7.903089986991944
152044.153	75	0.775	-7.903089986991944
152567.52	75	0.78	-7.903089986991944
152932.54	75	0.785	-7.903089986991944
153653.848	75	0.79	-7.903089986991944
153978.92	75	0.795	-7.903089986991944
154416.0	75	0.8	-7.903089986991944
154819.783	75	0.805	-7.903089986991944
155320.562	75	0.81	-7.903089986991944
155745.861	75	0.815	-7.903089986991944
156813.376	75	0.82	-7.903089986991944
157071.9	75	0.825	-7.903089986991944
157557.568	75	0.83	-7.903089986991944
158122.163	75	0.835	-7.903089986991944
159108.68	75	0.84	-7.903089986991944
159741.437	75	0.845	-7.903089986991944
159828.409	75	0.85	-7.903089986991944
160170.442	75	0.855	-7.903089986991944
160667.24	75	0.86	-7.903089986991944
161543.771	75	0.865	-7.903089986991944
162304.6	75	0.87	-7.903089986991944
162718.265	75	0.875	-7.903089986991944
163234.667	75	0.88	-7.903089986991944
164804.035	75	0.885	-7.903089986991944
165261.013	75	0.89	-7.903089986991944
166470.367	75	0.895	-7.903089986991944
166870.473	75	0.9	-7.903089986991944
168537.236	75	0.905	-7.903089986991944
169746.436	75	0.91	-7.903089986991944
170428.078	75	0.915	-7.903089986991944
171347.276	75	0.92	-7.903089986991944
172623.833	75	0.925	-7.903089986991944
174404.3	75	0.93	-7.903089986991944
176297.517	75	0.935	-7.903089986991944
177857.046	75	0.94	-7.903089986991944
180080.084	75	0.945	-7.903089986991944
181123.957	75	0.95	-7.903089986991944
182207.723	75	0.955	-7.903089986991944
183169.76	75	0.96	-7.903089986991944
185361.879	75	0.965	-7.903089986991944
187613.083	75	0.97	-7.903089986991944
188634.877	75	0.975	-7.903089986991944
190717.154	75	0.98	-7.903089986991944
193379.96	75	0.985	-7.903089986991944
195053.171	75	0.99	-7.903089986991944
199095.419	75	0.995	-7.903089986991944
138300.0	100	0.5	-7.903089986991944
138554.0	100	0.505	-7.903089986991944
138770.85	100	0.51	-7.903089986991944
139097.798	100	0.515	-7.903089986991944
139265.886	100	0.52	-7.903089986991944
139551.414	100	0.525	-7.903089986991944
140042.287	100	0.53	-7.903089986991944
140406.138	100	0.535	-7.903089986991944
140658.531	100	0.54	-7.903089986991944
141096.647	100	0.545	-7.903089986991944
141534.182	100	0.55	-7.903089986991944
141988.692	100	0.555	-7.903089986991944
142512.4	100	0.56	-7.903089986991944
142850.745	100	0.565	-7.903089986991944
143168.853	100	0.57	-7.903089986991944
143460.271	100	0.575	-7.903089986991944
143787.04	100	0.58	-7.903089986991944
144257.464	100	0.585	-7.903089986991944
144431.087	100	0.59	-7.903089986991944
144737.467	100	0.595	-7.903089986991944
145221.619	100	0.6	-7.903089986991944
145430.15	100	0.605	-7.903089986991944
145899.619	100	0.61	-7.903089986991944
146241.428	100	0.615	-7.903089986991944
146609.057	100	0.62	-7.903089986991944
146944.874	100	0.625	-7.903089986991944
147222.337	100	0.63	-7.903089986991944
147957.28	100	0.635	-7.903089986991944
148566.327	100	0.64	-7.903089986991944
148783.589	100	0.645	-7.903089986991944
149080.691	100	0.65	-7.903089986991944
149559.333	100	0.655	-7.903089986991944
150115.314	100	0.66	-7.903089986991944
150619.266	100	0.665	-7.903089986991944
151136.8	100	0.67	-7.903089986991944
151450.785	100	0.675	-7.903089986991944
151982.205	100	0.68	-7.903089986991944
152359.467	100	0.685	-7.903089986991944
152745.862	100	0.69	-7.903089986991944
153083.057	100	0.695	-7.903089986991944
153177.756	100	0.7	-7.903089986991944
153604.133	100	0.705	-7.903089986991944
154121.2	100	0.71	-7.903089986991944
154465.132	100	0.715	-7.903089986991944
154801.731	100	0.72	-7.903089986991944
155189.769	100	0.725	-7.903089986991944
155957.746	100	0.73	-7.903089986991944
156518.233	100	0.735	-7.903089986991944
157061.612	100	0.74	-7.903089986991944
157522.4	100	0.745	-7.903089986991944
157685.0	100	0.75	-7.903089986991944
158212.386	100	0.755	-7.903089986991944
158685.6	100	0.76	-7.903089986991944
159285.689	100	0.765	-7.903089986991944
159797.961	100	0.77	-7.903089986991944
160559.577	100	0.775	-7.903089986991944
161206.722	100	0.78	-7.903089986991944
161902.765	100	0.785	-7.903089986991944
162524.692	100	0.79	-7.903089986991944
163766.014	100	0.795	-7.903089986991944
164269.062	100	0.8	-7.903089986991944
165021.348	100	0.805	-7.903089986991944
165412.556	100	0.81	-7.903089986991944
165844.799	100	0.815	-7.903089986991944
166046.873	100	0.82	-7.903089986991944
166334.76	100	0.825	-7.903089986991944
166603.946	100	0.83	-7.903089986991944
166947.46	100	0.835	-7.903089986991944
167545.12	100	0.84	-7.903089986991944
168422.689	100	0.845	-7.903089986991944
169541.692	100	0.85	-7.903089986991944
170106.354	100	0.855	-7.903089986991944
170685.899	100	0.86	-7.903089986991944
171593.439	100	0.865	-7.903089986991944
172358.119	100	0.87	-7.903089986991944
173163.636	100	0.875	-7.903089986991944
173710.031	100	0.88	-7.903089986991944
174287.067	100	0.885	-7.903089986991944
174907.552	100	0.89	-7.903089986991944
175440.817	100	0.895	-7.903089986991944
176669.128	100	0.9	-7.903089986991944
178311.64	100	0.905	-7.903089986991944
178784.727	100	0.91	-7.903089986991944
180082.36	100	0.915	-7.903089986991944
180966.6	100	0.92	-7.903089986991944
181593.43	100	0.925	-7.903089986991944
182907.2	100	0.93	-7.903089986991944
184132.96	100	0.935	-7.903089986991944
184973.54	100	0.94	-7.903089986991944
187277.004	100	0.945	-7.903089986991944
188122.667	100	0.95	-7.903089986991944
189595.78	100	0.955	-7.903089986991944
191743.886	100	0.96	-7.903089986991944
193513.588	100	0.965	-7.903089986991944
194755.543	100	0.97	-7.903089986991944
197187.698	100	0.975	-7.903089986991944
198458.64	100	0.98	-7.903089986991944
203542.0	100	0.985	-7.903089986991944
206298.605	100	0.99	-7.903089986991944
215111.886	100	0.995	-7.903089986991944
149529.5	125	0.5	-7.903089986991944
149888.318	125	0.505	-7.903089986991944
150266.355	125	0.51	-7.903089986991944
150628.38	125	0.515	-7.903089986991944
150834.389	125	0.52	-7.903089986991944
151469.792	125	0.525	-7.903089986991944
151761.876	125	0.53	-7.903089986991944
152067.289	125	0.535	-7.903089986991944
152597.456	125	0.54	-7.903089986991944
153233.109	125	0.545	-7.903089986991944
153468.957	125	0.55	-7.903089986991944
153701.58	125	0.555	-7.903089986991944
153990.462	125	0.56	-7.903089986991944
154279.608	125	0.565	-7.903089986991944
154801.523	125	0.57	-7.903089986991944
155486.75	125	0.575	-7.903089986991944
155799.257	125	0.58	-7.903089986991944
156074.441	125	0.585	-7.903089986991944
156311.629	125	0.59	-7.903089986991944
156454.05	125	0.595	-7.903089986991944
156706.273	125	0.6	-7.903089986991944
156857.185	125	0.605	-7.903089986991944
157036.789	125	0.61	-7.903089986991944
157521.54	125	0.615	-7.903089986991944
157922.756	125	0.62	-7.903089986991944
158485.048	125	0.625	-7.903089986991944
158959.186	125	0.63	-7.903089986991944
159338.071	125	0.635	-7.903089986991944
159742.824	125	0.64	-7.903089986991944
160206.092	125	0.645	-7.903089986991944
160452.058	125	0.65	-7.903089986991944
160762.965	125	0.655	-7.903089986991944
160958.911	125	0.66	-7.903089986991944
161412.191	125	0.665	-7.903089986991944
161748.56	125	0.67	-7.903089986991944
162199.013	125	0.675	-7.903089986991944
162658.743	125	0.68	-7.903089986991944
162853.168	125	0.685	-7.903089986991944
163053.062	125	0.69	-7.903089986991944
163451.81	125	0.695	-7.903089986991944
164069.385	125	0.7	-7.903089986991944
164336.218	125	0.705	-7.903089986991944
164657.912	125	0.71	-7.903089986991944
165330.407	125	0.715	-7.903089986991944
166031.478	125	0.72	-7.903089986991944
166374.25	125	0.725	-7.903089986991944
166629.457	125	0.73	-7.903089986991944
167123.682	125	0.735	-7.903089986991944
167672.604	125	0.74	-7.903089986991944
167836.606	125	0.745	-7.903089986991944
168249.923	125	0.75	-7.903089986991944
168935.591	125	0.755	-7.903089986991944
169123.608	125	0.76	-7.903089986991944
169430.569	125	0.765	-7.903089986991944
169659.834	125	0.77	-7.903089986991944
170093.25	125	0.775	-7.903089986991944
170610.814	125	0.78	-7.903089986991944
171051.844	125	0.785	-7.903089986991944
171403.238	125	0.79	-7.903089986991944
171981.809	125	0.795	-7.903089986991944
172440.038	125	0.8	-7.903089986991944
172967.984	125	0.805	-7.903089986991944
173469.241	125	0.81	-7.903089986991944
173846.742	125	0.815	-7.903089986991944
174268.031	125	0.82	-7.903089986991944
174730.071	125	0.825	-7.903089986991944
174970.738	125	0.83	-7.903089986991944
175159.882	125	0.835	-7.903089986991944
175645.43	125	0.84	-7.903089986991944
175873.358	125	0.845	-7.903089986991944
176592.545	125	0.85	-7.903089986991944
176985.386	125	0.855	-7.903089986991944
178291.8	125	0.86	-7.903089986991944
178454.04	125	0.865	-7.903089986991944
179378.817	125	0.87	-7.903089986991944
180237.775	125	0.875	-7.903089986991944
180569.263	125	0.88	-7.903089986991944
180872.152	125	0.885	-7.903089986991944
182411.244	125	0.89	-7.903089986991944
182840.477	125	0.895	-7.903089986991944
184508.825	125	0.9	-7.903089986991944
185336.301	125	0.905	-7.903089986991944
186274.95	125	0.91	-7.903089986991944
186922.887	125	0.915	-7.903089986991944
187529.029	125	0.92	-7.903089986991944
189183.664	125	0.925	-7.903089986991944
191100.583	125	0.93	-7.903089986991944
191998.345	125	0.935	-7.903089986991944
193645.673	125	0.94	-7.903089986991944
194372.283	125	0.945	-7.903089986991944
196558.022	125	0.95	-7.903089986991944
197334.4	125	0.955	-7.903089986991944
198062.533	125	0.96	-7.903089986991944
199472.951	125	0.965	-7.903089986991944
200120.919	125	0.97	-7.903089986991944
203838.269	125	0.975	-7.903089986991944
205391.034	125	0.98	-7.903089986991944
207140.867	125	0.985	-7.903089986991944
211511.7	125	0.99	-7.903089986991944
243294.21	125	0.995	-7.903089986991944
156556.667	150	0.5	-7.903089986991944
156935.357	150	0.505	-7.903089986991944
157197.855	150	0.51	-7.903089986991944
157595.643	150	0.515	-7.903089986991944
157798.265	150	0.52	-7.903089986991944
158453.205	150	0.525	-7.903089986991944
158645.716	150	0.53	-7.903089986991944
159123.13	150	0.535	-7.903089986991944
159658.543	150	0.54	-7.903089986991944
159960.95	150	0.545	-7.903089986991944
160111.162	150	0.55	-7.903089986991944
160435.709	150	0.555	-7.903089986991944
161001.539	150	0.56	-7.903089986991944
161389.283	150	0.565	-7.903089986991944
161784.278	150	0.57	-7.903089986991944
162308.88	150	0.575	-7.903089986991944
162413.415	150	0.58	-7.903089986991944
162872.945	150	0.585	-7.903089986991944
163243.766	150	0.59	-7.903089986991944
163563.112	150	0.595	-7.903089986991944
164148.617	150	0.6	-7.903089986991944
164445.508	150	0.605	-7.903089986991944
164817.401	150	0.61	-7.903089986991944
165449.596	150	0.615	-7.903089986991944
165815.19	150	0.62	-7.903089986991944
166057.987	150	0.625	-7.903089986991944
166470.3	150	0.63	-7.903089986991944
166829.097	150	0.635	-7.903089986991944
167073.015	150	0.64	-7.903089986991944
167338.4	150	0.645	-7.903089986991944
167772.595	150	0.65	-7.903089986991944
168243.314	150	0.655	-7.903089986991944
168641.3	150	0.66	-7.903089986991944
168996.945	150	0.665	-7.903089986991944
169316.824	150	0.67	-7.903089986991944
169823.21	150	0.675	-7.903089986991944
170385.797	150	0.68	-7.903089986991944
170554.15	150	0.685	-7.903089986991944
170893.725	150	0.69	-7.903089986991944
171299.572	150	0.695	-7.903089986991944
171763.524	150	0.7	-7.903089986991944
171941.812	150	0.705	-7.903089986991944
172575.28	150	0.71	-7.903089986991944
173175.843	150	0.715	-7.903089986991944
173490.88	150	0.72	-7.903089986991944
173807.292	150	0.725	-7.903089986991944
174047.341	150	0.73	-7.903089986991944
174575.487	150	0.735	-7.903089986991944
174982.921	150	0.74	-7.903089986991944
175853.526	150	0.745	-7.903089986991944
176339.341	150	0.75	-7.903089986991944
176997.831	150	0.755	-7.903089986991944
177517.148	150	0.76	-7.903089986991944
178045.881	150	0.765	-7.903089986991944
178297.033	150	0.77	-7.903089986991944
178886.626	150	0.775	-7.903089986991944
179752.483	150	0.78	-7.903089986991944
180242.0	150	0.785	-7.903089986991944
180674.208	150	0.79	-7.903089986991944
181477.151	150	0.795	-7.903089986991944
181792.378	150	0.8	-7.903089986991944
182144.9	150	0.805	-7.903089986991944
182543.11	150	0.81	-7.903089986991944
183126.853	150	0.815	-7.903089986991944
184080.351	150	0.82	-7.903089986991944
184521.118	150	0.825	-7.903089986991944
185326.626	150	0.83	-7.903089986991944
185942.715	150	0.835	-7.903089986991944
186725.754	150	0.84	-7.903089986991944
187680.509	150	0.845	-7.903089986991944
188457.435	150	0.85	-7.903089986991944
189539.994	150	0.855	-7.903089986991944
190256.541	150	0.86	-7.903089986991944
190766.308	150	0.865	-7.903089986991944
191257.769	150	0.87	-7.903089986991944
191975.054	150	0.875	-7.903089986991944
192577.662	150	0.88	-7.903089986991944
193245.91	150	0.885	-7.903089986991944
193720.095	150	0.89	-7.903089986991944
194036.855	150	0.895	-7.903089986991944
194616.985	150	0.9	-7.903089986991944
195500.751	150	0.905	-7.903089986991944
196580.744	150	0.91	-7.903089986991944
197194.684	150	0.915	-7.903089986991944
198235.974	150	0.92	-7.903089986991944
199606.982	150	0.925	-7.903089986991944
200112.219	150	0.93	-7.903089986991944
201088.409	150	0.935	-7.903089986991944
202488.264	150	0.94	-7.903089986991944
204679.054	150	0.945	-7.903089986991944
206186.145	150	0.95	-7.903089986991944
206771.182	150	0.955	-7.903089986991944
208720.421	150	0.96	-7.903089986991944
209843.571	150	0.965	-7.903089986991944
211399.066	150	0.97	-7.903089986991944
213333.662	150	0.975	-7.903089986991944
220472.286	150	0.98	-7.903089986991944
226517.951	150	0.985	-7.903089986991944
231767.156	150	0.99	-7.903089986991944
247441.552	150	0.995	-7.903089986991944
167993.417	175	0.5	-7.903089986991944
168698.996	175	0.505	-7.903089986991944
168929.349	175	0.51	-7.903089986991944
169244.602	175	0.515	-7.903089986991944
169416.472	175	0.52	-7.903089986991944
169612.093	175	0.525	-7.903089986991944
169899.468	175	0.53	-7.903089986991944
170393.362	175	0.535	-7.903089986991944
171340.0	175	0.54	-7.903089986991944
171546.636	175	0.545	-7.903089986991944
171869.881	175	0.55	-7.903089986991944
172115.338	175	0.555	-7.903089986991944
172349.969	175	0.56	-7.903089986991944
172590.425	175	0.565	-7.903089986991944
172911.095	175	0.57	-7.903089986991944
173319.536	175	0.575	-7.903089986991944
173646.773	175	0.58	-7.903089986991944
173894.796	175	0.585	-7.903089986991944
174257.472	175	0.59	-7.903089986991944
174515.697	175	0.595	-7.903089986991944
174722.646	175	0.6	-7.903089986991944
175362.457	175	0.605	-7.903089986991944
175660.443	175	0.61	-7.903089986991944
175982.886	175	0.615	-7.903089986991944
176317.469	175	0.62	-7.903089986991944
176688.315	175	0.625	-7.903089986991944
176969.052	175	0.63	-7.903089986991944
177470.972	175	0.635	-7.903089986991944
177714.816	175	0.64	-7.903089986991944
178276.214	175	0.645	-7.903089986991944
178529.558	175	0.65	-7.903089986991944
178815.074	175	0.655	-7.903089986991944
179217.403	175	0.66	-7.903089986991944
179456.852	175	0.665	-7.903089986991944
179753.885	175	0.67	-7.903089986991944
180260.961	175	0.675	-7.903089986991944
180886.596	175	0.68	-7.903089986991944
181311.538	175	0.685	-7.903089986991944
181578.14	175	0.69	-7.903089986991944
181765.425	175	0.695	-7.903089986991944
182042.977	175	0.7	-7.903089986991944
182445.101	175	0.705	-7.903089986991944
182888.906	175	0.71	-7.903089986991944
183082.815	175	0.715	-7.903089986991944
183411.717	175	0.72	-7.903089986991944
183848.371	175	0.725	-7.903089986991944
184257.29	175	0.73	-7.903089986991944
184691.466	175	0.735	-7.903089986991944
184942.119	175	0.74	-7.903089986991944
185270.831	175	0.745	-7.903089986991944
185633.279	175	0.75	-7.903089986991944
185977.964	175	0.755	-7.903089986991944
186143.002	175	0.76	-7.903089986991944
186464.314	175	0.765	-7.903089986991944
186886.215	175	0.77	-7.903089986991944
187338.808	175	0.775	-7.903089986991944
187679.784	175	0.78	-7.903089986991944
188143.431	175	0.785	-7.903089986991944
188623.508	175	0.79	-7.903089986991944
188958.141	175	0.795	-7.903089986991944
189495.636	175	0.8	-7.903089986991944
190526.85	175	0.805	-7.903089986991944
191160.862	175	0.81	-7.903089986991944
191904.344	175	0.815	-7.903089986991944
192680.491	175	0.82	-7.903089986991944
193291.206	175	0.825	-7.903089986991944
194100.035	175	0.83	-7.903089986991944
194856.75	175	0.835	-7.903089986991944
195261.823	175	0.84	-7.903089986991944
195947.947	175	0.845	-7.903089986991944
196470.505	175	0.85	-7.903089986991944
196843.242	175	0.855	-7.903089986991944
197584.729	175	0.86	-7.903089986991944
198297.783	175	0.865	-7.903089986991944
198687.029	175	0.87	-7.903089986991944
199208.338	175	0.875	-7.903089986991944
199974.263	175	0.88	-7.903089986991944
200624.386	175	0.885	-7.903089986991944
200894.216	175	0.89	-7.903089986991944
201233.739	175	0.895	-7.903089986991944
202133.016	175	0.9	-7.903089986991944
202668.211	175	0.905	-7.903089986991944
203536.957	175	0.91	-7.903089986991944
205105.735	175	0.915	-7.903089986991944
206131.365	175	0.92	-7.903089986991944
208014.136	175	0.925	-7.903089986991944
209071.538	175	0.93	-7.903089986991944
210209.4	175	0.935	-7.903089986991944
211763.615	175	0.94	-7.903089986991944
213168.268	175	0.945	-7.903089986991944
214114.154	175	0.95	-7.903089986991944
216337.225	175	0.955	-7.903089986991944
218805.917	175	0.96	-7.903089986991944
220930.103	175	0.965	-7.903089986991944
223783.419	175	0.97	-7.903089986991944
226264.034	175	0.975	-7.903089986991944
228503.163	175	0.98	-7.903089986991944
233633.986	175	0.985	-7.903089986991944
236884.708	175	0.99	-7.903089986991944
252177.379	175	0.995	-7.903089986991944
175275.036	200	0.5	-7.903089986991944
175768.813	200	0.505	-7.903089986991944
176161.073	200	0.51	-7.903089986991944
176376.492	200	0.515	-7.903089986991944
176598.651	200	0.52	-7.903089986991944
176872.364	200	0.525	-7.903089986991944
177168.717	200	0.53	-7.903089986991944
177544.721	200	0.535	-7.903089986991944
177996.308	200	0.54	-7.903089986991944
178087.065	200	0.545	-7.903089986991944
178442.429	200	0.55	-7.903089986991944
178850.804	200	0.555	-7.903089986991944
179030.151	200	0.56	-7.903089986991944
179258.731	200	0.565	-7.903089986991944
179528.841	200	0.57	-7.903089986991944
179954.714	200	0.575	-7.903089986991944
180567.826	200	0.58	-7.903089986991944
181075.817	200	0.585	-7.903089986991944
181553.151	200	0.59	-7.903089986991944
181701.505	200	0.595	-7.903089986991944
182050.154	200	0.6	-7.903089986991944
182387.593	200	0.605	-7.903089986991944
182951.298	200	0.61	-7.903089986991944
183177.282	200	0.615	-7.903089986991944
183599.38	200	0.62	-7.903089986991944
184323.312	200	0.625	-7.903089986991944
185010.257	200	0.63	-7.903089986991944
185281.807	200	0.635	-7.903089986991944
186089.439	200	0.64	-7.903089986991944
186514.064	200	0.645	-7.903089986991944
186955.904	200	0.65	-7.903089986991944
187583.699	200	0.655	-7.903089986991944
187823.023	200	0.66	-7.903089986991944
188327.657	200	0.665	-7.903089986991944
188795.444	200	0.67	-7.903089986991944
189018.841	200	0.675	-7.903089986991944
189331.997	200	0.68	-7.903089986991944
189544.029	200	0.685	-7.903089986991944
189852.914	200	0.69	-7.903089986991944
190164.4	200	0.695	-7.903089986991944
190420.429	200	0.7	-7.903089986991944
190877.19	200	0.705	-7.903089986991944
191260.351	200	0.71	-7.903089986991944
191719.964	200	0.715	-7.903089986991944
192240.063	200	0.72	-7.903089986991944
193065.942	200	0.725	-7.903089986991944
193426.973	200	0.73	-7.903089986991944
193577.442	200	0.735	-7.903089986991944
194004.182	200	0.74	-7.903089986991944
194260.615	200	0.745	-7.903089986991944
195074.714	200	0.75	-7.903089986991944
195838.744	200	0.755	-7.903089986991944
196360.371	200	0.76	-7.903089986991944
196799.602	200	0.765	-7.903089986991944
197080.031	200	0.77	-7.903089986991944
197345.562	200	0.775	-7.903089986991944
197741.976	200	0.78	-7.903089986991944
198045.537	200	0.785	-7.903089986991944
198500.861	200	0.79	-7.903089986991944
199038.429	200	0.795	-7.903089986991944
199542.725	200	0.8	-7.903089986991944
200000.962	200	0.805	-7.903089986991944
200444.998	200	0.81	-7.903089986991944
200846.139	200	0.815	-7.903089986991944
201460.247	200	0.82	-7.903089986991944
201886.964	200	0.825	-7.903089986991944
202896.123	200	0.83	-7.903089986991944
203570.538	200	0.835	-7.903089986991944
204485.371	200	0.84	-7.903089986991944
205326.91	200	0.845	-7.903089986991944
205677.407	200	0.85	-7.903089986991944
206475.342	200	0.855	-7.903089986991944
207085.7	200	0.86	-7.903089986991944
208185.156	200	0.865	-7.903089986991944
208559.182	200	0.87	-7.903089986991944
208822.5	200	0.875	-7.903089986991944
209664.609	200	0.88	-7.903089986991944
210334.496	200	0.885	-7.903089986991944
210720.014	200	0.89	-7.903089986991944
211299.971	200	0.895	-7.903089986991944
211640.829	200	0.9	-7.903089986991944
213128.839	200	0.905	-7.903089986991944
213811.017	200	0.91	-7.903089986991944
214857.877	200	0.915	-7.903089986991944
215870.431	200	0.92	-7.903089986991944
216387.234	200	0.925	-7.903089986991944
218278.364	200	0.93	-7.903089986991944
218808.579	200	0.935	-7.903089986991944
219321.782	200	0.94	-7.903089986991944
221020.155	200	0.945	-7.903089986991944
223024.461	200	0.95	-7.903089986991944
226239.94	200	0.955	-7.903089986991944
227823.429	200	0.96	-7.903089986991944
233294.448	200	0.965	-7.903089986991944
235806.129	200	0.97	-7.903089986991944
239669.748	200	0.975	-7.903089986991944
241950.371	200	0.98	-7.903089986991944
245775.05	200	0.985	-7.903089986991944
259982.139	200	0.99	-7.903089986991944
268902.379	200	0.995	-7.903089986991944
185925.75	225	0.5	-7.903089986991944
186170.112	225	0.505	-7.903089986991944
186457.682	225	0.51	-7.903089986991944
186744.997	225	0.515	-7.903089986991944
186959.12	225	0.52	-7.903089986991944
187305.612	225	0.525	-7.903089986991944
187802.952	225	0.53	-7.903089986991944
188203.031	225	0.535	-7.903089986991944
188500.671	225	0.54	-7.903089986991944
188917.914	225	0.545	-7.903089986991944
189243.325	225	0.55	-7.903089986991944
189523.207	225	0.555	-7.903089986991944
189825.543	225	0.56	-7.903089986991944
189965.788	225	0.565	-7.903089986991944
190221.769	225	0.57	-7.903089986991944
190810.011	225	0.575	-7.903089986991944
191034.815	225	0.58	-7.903089986991944
191603.515	225	0.585	-7.903089986991944
191810.32	225	0.59	-7.903089986991944
192085.457	225	0.595	-7.903089986991944
192461.286	225	0.6	-7.903089986991944
192649.12	225	0.605	-7.903089986991944
192878.987	225	0.61	-7.903089986991944
193206.441	225	0.615	-7.903089986991944
193497.123	225	0.62	-7.903089986991944
193832.541	225	0.625	-7.903089986991944
194364.58	225	0.63	-7.903089986991944
194688.521	225	0.635	-7.903089986991944
194996.726	225	0.64	-7.903089986991944
195373.189	225	0.645	-7.903089986991944
195578.711	225	0.65	-7.903089986991944
195966.672	225	0.655	-7.903089986991944
196410.668	225	0.66	-7.903089986991944
196877.585	225	0.665	-7.903089986991944
197340.392	225	0.67	-7.903089986991944
197661.607	225	0.675	-7.903089986991944
197799.323	225	0.68	-7.903089986991944
198083.5	225	0.685	-7.903089986991944
198743.77	225	0.69	-7.903089986991944
198917.629	225	0.695	-7.903089986991944
199303.585	225	0.7	-7.903089986991944
199502.343	225	0.705	-7.903089986991944
200089.398	225	0.71	-7.903089986991944
200375.413	225	0.715	-7.903089986991944
200674.646	225	0.72	-7.903089986991944
201521.014	225	0.725	-7.903089986991944
201782.643	225	0.73	-7.903089986991944
201997.257	225	0.735	-7.903089986991944
202267.533	225	0.74	-7.903089986991944
202559.049	225	0.745	-7.903089986991944
203005.661	225	0.75	-7.903089986991944
203416.282	225	0.755	-7.903089986991944
203583.94	225	0.76	-7.903089986991944
204170.871	225	0.765	-7.903089986991944
204759.969	225	0.77	-7.903089986991944
205201.069	225	0.775	-7.903089986991944
205530.409	225	0.78	-7.903089986991944
205882.568	225	0.785	-7.903089986991944
206432.051	225	0.79	-7.903089986991944
206779.1	225	0.795	-7.903089986991944
207086.857	225	0.8	-7.903089986991944
207336.725	225	0.805	-7.903089986991944
208238.58	225	0.81	-7.903089986991944
208935.236	225	0.815	-7.903089986991944
209222.657	225	0.82	-7.903089986991944
209484.143	225	0.825	-7.903089986991944
210034.589	225	0.83	-7.903089986991944
210962.792	225	0.835	-7.903089986991944
211473.829	225	0.84	-7.903089986991944
212554.502	225	0.845	-7.903089986991944
212988.164	225	0.85	-7.903089986991944
213626.029	225	0.855	-7.903089986991944
214306.714	225	0.86	-7.903089986991944
215137.996	225	0.865	-7.903089986991944
215741.586	225	0.87	-7.903089986991944
216444.933	225	0.875	-7.903089986991944
217530.343	225	0.88	-7.903089986991944
218279.871	225	0.885	-7.903089986991944
219285.179	225	0.89	-7.903089986991944
220483.601	225	0.895	-7.903089986991944
220982.143	225	0.9	-7.903089986991944
221730.214	225	0.905	-7.903089986991944
222315.83	225	0.91	-7.903089986991944
222879.618	225	0.915	-7.903089986991944
223782.003	225	0.92	-7.903089986991944
225168.673	225	0.925	-7.903089986991944
225835.014	225	0.93	-7.903089986991944
227184.76	225	0.935	-7.903089986991944
228918.071	225	0.94	-7.903089986991944
230316.996	225	0.945	-7.903089986991944
232004.571	225	0.95	-7.903089986991944
233138.951	225	0.955	-7.903089986991944
235320.063	225	0.96	-7.903089986991944
236455.936	225	0.965	-7.903089986991944
239880.287	225	0.97	-7.903089986991944
243727.752	225	0.975	-7.903089986991944
246472.2	225	0.98	-7.903089986991944
251332.179	225	0.985	-7.903089986991944
255923.034	225	0.99	-7.903089986991944
267418.371	225	0.995	-7.903089986991944
193591.538	250	0.5	-7.903089986991944
194030.607	250	0.505	-7.903089986991944
194374.235	250	0.51	-7.903089986991944
194794.643	250	0.515	-7.903089986991944
195048.834	250	0.52	-7.903089986991944
195314.787	250	0.525	-7.903089986991944
195671.862	250	0.53	-7.903089986991944
196047.118	250	0.535	-7.903089986991944
196153.013	250	0.54	-7.903089986991944
196670.203	250	0.545	-7.903089986991944
197306.111	250	0.55	-7.903089986991944
197438.941	250	0.555	-7.903089986991944
197837.486	250	0.56	-7.903089986991944
198152.124	250	0.565	-7.903089986991944
198762.478	250	0.57	-7.903089986991944
199045.604	250	0.575	-7.903089986991944
199592.836	250	0.58	-7.903089986991944
200064.811	250	0.585	-7.903089986991944
200509.521	250	0.59	-7.903089986991944
200814.978	250	0.595	-7.903089986991944
200969.4	250	0.6	-7.903089986991944
201450.771	250	0.605	-7.903089986991944
201853.729	250	0.61	-7.903089986991944
202182.236	250	0.615	-7.903089986991944
202351.284	250	0.62	-7.903089986991944
202415.667	250	0.625	-7.903089986991944
202672.845	250	0.63	-7.903089986991944
202992.466	250	0.635	-7.903089986991944
203249.017	250	0.64	-7.903089986991944
203654.346	250	0.645	-7.903089986991944
204056.643	250	0.65	-7.903089986991944
204483.662	250	0.655	-7.903089986991944
204770.543	250	0.66	-7.903089986991944
205159.136	250	0.665	-7.903089986991944
205321.489	250	0.67	-7.903089986991944
205956.084	250	0.675	-7.903089986991944
206418.457	250	0.68	-7.903089986991944
206649.799	250	0.685	-7.903089986991944
206823.969	250	0.69	-7.903089986991944
207243.021	250	0.695	-7.903089986991944
207822.336	250	0.7	-7.903089986991944
208063.578	250	0.705	-7.903089986991944
208488.546	250	0.71	-7.903089986991944
208735.775	250	0.715	-7.903089986991944
209161.26	250	0.72	-7.903089986991944
210051.167	250	0.725	-7.903089986991944
210928.842	250	0.73	-7.903089986991944
211374.337	250	0.735	-7.903089986991944
211670.882	250	0.74	-7.903089986991944
211739.406	250	0.745	-7.903089986991944
212250.0	250	0.75	-7.903089986991944
212400.018	250	0.755	-7.903089986991944
212693.446	250	0.76	-7.903089986991944
212924.576	250	0.765	-7.903089986991944
213242.455	250	0.77	-7.903089986991944
213836.071	250	0.775	-7.903089986991944
214346.826	250	0.78	-7.903089986991944
214696.71	250	0.785	-7.903089986991944
215073.577	250	0.79	-7.903089986991944
215406.972	250	0.795	-7.903089986991944
215911.029	250	0.8	-7.903089986991944
216110.064	250	0.805	-7.903089986991944
216391.526	250	0.81	-7.903089986991944
216579.799	250	0.815	-7.903089986991944
216818.459	250	0.82	-7.903089986991944
217428.794	250	0.825	-7.903089986991944
217945.639	250	0.83	-7.903089986991944
218371.802	250	0.835	-7.903089986991944
218867.011	250	0.84	-7.903089986991944
219388.421	250	0.845	-7.903089986991944
219951.77	250	0.85	-7.903089986991944
220709.514	250	0.855	-7.903089986991944
221811.629	250	0.86	-7.903089986991944
223266.795	250	0.865	-7.903089986991944
223997.429	250	0.87	-7.903089986991944
224705.952	250	0.875	-7.903089986991944
225044.343	250	0.88	-7.903089986991944
225421.251	250	0.885	-7.903089986991944
226129.129	250	0.89	-7.903089986991944
227116.767	250	0.895	-7.903089986991944
228543.171	250	0.9	-7.903089986991944
229083.865	250	0.905	-7.903089986991944
229795.214	250	0.91	-7.903089986991944
231474.407	250	0.915	-7.903089986991944
232129.486	250	0.92	-7.903089986991944
232967.059	250	0.925	-7.903089986991944
234313.371	250	0.93	-7.903089986991944
235184.66	250	0.935	-7.903089986991944
236971.943	250	0.94	-7.903089986991944
238208.418	250	0.945	-7.903089986991944
239453.654	250	0.95	-7.903089986991944
243299.696	250	0.955	-7.903089986991944
244340.823	250	0.96	-7.903089986991944
246492.651	250	0.965	-7.903089986991944
249160.914	250	0.97	-7.903089986991944
251590.645	250	0.975	-7.903089986991944
255082.114	250	0.98	-7.903089986991944
263137.08	250	0.985	-7.903089986991944
266965.19	250	0.99	-7.903089986991944
289641.414	250	0.995	-7.903089986991944
199032.786	275	0.5	-7.903089986991944
199447.559	275	0.505	-7.903089986991944
199723.951	275	0.51	-7.903089986991944
199931.666	275	0.515	-7.903089986991944
200536.914	275	0.52	-7.903089986991944
201015.962	275	0.525	-7.903089986991944
201430.103	275	0.53	-7.903089986991944
201764.829	275	0.535	-7.903089986991944
202043.911	275	0.54	-7.903089986991944
202368.052	275	0.545	-7.903089986991944
202704.468	275	0.55	-7.903089986991944
202896.043	275	0.555	-7.903089986991944
203208.686	275	0.56	-7.903089986991944
203583.427	275	0.565	-7.903089986991944
204000.886	275	0.57	-7.903089986991944
204287.005	275	0.575	-7.903089986991944
204656.171	275	0.58	-7.903089986991944
204880.45	275	0.585	-7.903089986991944
205198.271	275	0.59	-7.903089986991944
205547.286	275	0.595	-7.903089986991944
206053.802	275	0.6	-7.903089986991944
206566.633	275	0.605	-7.903089986991944
206907.101	275	0.61	-7.903089986991944
207169.204	275	0.615	-7.903089986991944
207937.25	275	0.62	-7.903089986991944
208082.143	275	0.625	-7.903089986991944
208323.471	275	0.63	-7.903089986991944
208458.195	275	0.635	-7.903089986991944
208899.951	275	0.64	-7.903089986991944
209308.488	275	0.645	-7.903089986991944
209595.0	275	0.65	-7.903089986991944
209808.193	275	0.655	-7.903089986991944
210055.771	275	0.66	-7.903089986991944
210709.707	275	0.665	-7.903089986991944
211438.643	275	0.67	-7.903089986991944
211704.25	275	0.675	-7.903089986991944
212104.649	275	0.68	-7.903089986991944
212552.874	275	0.685	-7.903089986991944
212726.943	275	0.69	-7.903089986991944
213115.058	275	0.695	-7.903089986991944
213635.129	275	0.7	-7.903089986991944
213955.636	275	0.705	-7.903089986991944
214763.61	275	0.71	-7.903089986991944
215620.814	275	0.715	-7.903089986991944
215879.011	275	0.72	-7.903089986991944
216602.305	275	0.725	-7.903089986991944
217108.237	275	0.73	-7.903089986991944
217411.443	275	0.735	-7.903089986991944
217757.363	275	0.74	-7.903089986991944
218157.771	275	0.745	-7.903089986991944
218749.593	275	0.75	-7.903089986991944
219078.874	275	0.755	-7.903089986991944
219427.2	275	0.76	-7.903089986991944
219928.033	275	0.765	-7.903089986991944
220795.271	275	0.77	-7.903089986991944
220942.859	275	0.775	-7.903089986991944
221197.909	275	0.78	-7.903089986991944
221725.744	275	0.785	-7.903089986991944
222309.501	275	0.79	-7.903089986991944
222655.807	275	0.795	-7.903089986991944
223016.73	275	0.8	-7.903089986991944
223516.271	275	0.805	-7.903089986991944
224017.741	275	0.81	-7.903089986991944
224471.02	275	0.815	-7.903089986991944
225343.343	275	0.82	-7.903089986991944
225849.146	275	0.825	-7.903089986991944
226585.286	275	0.83	-7.903089986991944
226991.779	275	0.835	-7.903089986991944
227765.371	275	0.84	-7.903089986991944
228990.182	275	0.845	-7.903089986991944
229232.771	275	0.85	-7.903089986991944
229516.526	275	0.855	-7.903089986991944
230485.899	275	0.86	-7.903089986991944
230909.057	275	0.865	-7.903089986991944
231906.029	275	0.87	-7.903089986991944
232537.321	275	0.875	-7.903089986991944
233211.44	275	0.88	-7.903089986991944
234131.35	275	0.885	-7.903089986991944
234479.857	275	0.89	-7.903089986991944
235786.774	275	0.895	-7.903089986991944
237177.157	275	0.9	-7.903089986991944
239333.015	275	0.905	-7.903089986991944
240327.264	275	0.91	-7.903089986991944
241134.261	275	0.915	-7.903089986991944
242259.263	275	0.92	-7.903089986991944
243494.184	275	0.925	-7.903089986991944
244933.929	275	0.93	-7.903089986991944
247045.836	275	0.935	-7.903089986991944
249096.0	275	0.94	-7.903089986991944
251011.521	275	0.945	-7.903089986991944
252849.112	275	0.95	-7.903089986991944
253791.108	275	0.955	-7.903089986991944
256319.463	275	0.96	-7.903089986991944
258302.043	275	0.965	-7.903089986991944
261598.546	275	0.97	-7.903089986991944
266297.385	275	0.975	-7.903089986991944
268283.229	275	0.98	-7.903089986991944
271874.779	275	0.985	-7.903089986991944
280544.625	275	0.99	-7.903089986991944
306476.12	275	0.995	-7.903089986991944
207030.679	300	0.5	-7.903089986991944
207408.679	300	0.505	-7.903089986991944
207777.808	300	0.51	-7.903089986991944
208063.421	300	0.515	-7.903089986991944
208524.571	300	0.52	-7.903089986991944
208825.109	300	0.525	-7.903089986991944
209001.586	300	0.53	-7.903089986991944
209344.098	300	0.535	-7.903089986991944
209642.21	300	0.54	-7.903089986991944
209972.053	300	0.545	-7.903089986991944
210461.896	300	0.55	-7.903089986991944
210684.366	300	0.555	-7.903089986991944
210973.597	300	0.56	-7.903089986991944
211368.231	300	0.565	-7.903089986991944
211615.155	300	0.57	-7.903089986991944
211933.957	300	0.575	-7.903089986991944
212242.041	300	0.58	-7.903089986991944
212468.001	300	0.585	-7.903089986991944
212744.6	300	0.59	-7.903089986991944
213112.072	300	0.595	-7.903089986991944
213422.652	300	0.6	-7.903089986991944
213958.243	300	0.605	-7.903089986991944
214639.469	300	0.61	-7.903089986991944
214905.127	300	0.615	-7.903089986991944
215375.748	300	0.62	-7.903089986991944
216102.644	300	0.625	-7.903089986991944
216240.921	300	0.63	-7.903089986991944
216459.409	300	0.635	-7.903089986991944
216830.649	300	0.64	-7.903089986991944
217315.493	300	0.645	-7.903089986991944
217854.643	300	0.65	-7.903089986991944
218575.963	300	0.655	-7.903089986991944
218787.94	300	0.66	-7.903089986991944
219162.497	300	0.665	-7.903089986991944
219752.746	300	0.67	-7.903089986991944
220046.155	300	0.675	-7.903089986991944
220401.669	300	0.68	-7.903089986991944
220791.583	300	0.685	-7.903089986991944
221168.546	300	0.69	-7.903089986991944
221387.847	300	0.695	-7.903089986991944
221870.571	300	0.7	-7.903089986991944
222367.276	300	0.705	-7.903089986991944
222593.489	300	0.71	-7.903089986991944
223256.235	300	0.715	-7.903089986991944
223731.397	300	0.72	-7.903089986991944
223902.027	300	0.725	-7.903089986991944
224178.034	300	0.73	-7.903089986991944
224596.229	300	0.735	-7.903089986991944
225089.516	300	0.74	-7.903089986991944
225501.314	300	0.745	-7.903089986991944
226204.179	300	0.75	-7.903089986991944
226947.706	300	0.755	-7.903089986991944
227690.506	300	0.76	-7.903089986991944
228295.95	300	0.765	-7.903089986991944
228398.786	300	0.77	-7.903089986991944
229030.534	300	0.775	-7.903089986991944
229841.854	300	0.78	-7.903089986991944
230170.66	300	0.785	-7.903089986991944
230530.553	300	0.79	-7.903089986991944
231005.014	300	0.795	-7.903089986991944
231330.943	300	0.8	-7.903089986991944
231606.82	300	0.805	-7.903089986991944
231963.314	300	0.81	-7.903089986991944
232667.778	300	0.815	-7.903089986991944
233204.7	300	0.82	-7.903089986991944
233673.986	300	0.825	-7.903089986991944
234463.843	300	0.83	-7.903089986991944
234929.535	300	0.835	-7.903089986991944
235437.094	300	0.84	-7.903089986991944
235922.881	300	0.845	-7.903089986991944
236677.632	300	0.85	-7.903089986991944
237167.926	300	0.855	-7.903089986991944
237669.103	300	0.86	-7.903089986991944
238887.581	300	0.865	-7.903089986991944
239416.939	300	0.87	-7.903089986991944
239853.75	300	0.875	-7.903089986991944
240364.749	300	0.88	-7.903089986991944
241170.871	300	0.885	-7.903089986991944
242124.214	300	0.89	-7.903089986991944
243246.458	300	0.895	-7.903089986991944
243891.007	300	0.9	-7.903089986991944
245060.501	300	0.905	-7.903089986991944
246079.666	300	0.91	-7.903089986991944
247064.934	300	0.915	-7.903089986991944
248119.091	300	0.92	-7.903089986991944
249415.786	300	0.925	-7.903089986991944
251026.951	300	0.93	-7.903089986991944
252690.226	300	0.935	-7.903089986991944
254525.857	300	0.94	-7.903089986991944
256163.543	300	0.945	-7.903089986991944
259014.107	300	0.95	-7.903089986991944
260476.072	300	0.955	-7.903089986991944
262105.2	300	0.96	-7.903089986991944
262966.279	300	0.965	-7.903089986991944
266058.529	300	0.97	-7.903089986991944
269506.854	300	0.975	-7.903089986991944
271797.024	300	0.98	-7.903089986991944
276247.106	300	0.985	-7.903089986991944
287165.516	300	0.99	-7.903089986991944
300492.414	300	0.995	-7.903089986991944
215055.036	325	0.5	-7.903089986991944
215385.587	325	0.505	-7.903089986991944
215726.009	325	0.51	-7.903089986991944
215910.558	325	0.515	-7.903089986991944
216151.543	325	0.52	-7.903089986991944
216580.763	325	0.525	-7.903089986991944
216950.812	325	0.53	-7.903089986991944
217284.281	325	0.535	-7.903089986991944
217916.099	325	0.54	-7.903089986991944
218362.789	325	0.545	-7.903089986991944
218545.286	325	0.55	-7.903089986991944
218888.988	325	0.555	-7.903089986991944
219152.857	325	0.56	-7.903089986991944
219487.207	325	0.565	-7.903089986991944
220183.526	325	0.57	-7.903089986991944
220393.121	325	0.575	-7.903089986991944
220622.286	325	0.58	-7.903089986991944
221110.234	325	0.585	-7.903089986991944
221466.729	325	0.59	-7.903089986991944
221904.512	325	0.595	-7.903089986991944
222214.0	325	0.6	-7.903089986991944
222652.578	325	0.605	-7.903089986991944
223008.271	325	0.61	-7.903089986991944
223377.929	325	0.615	-7.903089986991944
223746.829	325	0.62	-7.903089986991944
224403.929	325	0.625	-7.903089986991944
224819.594	325	0.63	-7.903089986991944
225446.288	325	0.635	-7.903089986991944
225914.457	325	0.64	-7.903089986991944
226258.3	325	0.645	-7.903089986991944
226445.168	325	0.65	-7.903089986991944
226759.532	325	0.655	-7.903089986991944
227516.2	325	0.66	-7.903089986991944
227782.502	325	0.665	-7.903089986991944
228064.657	325	0.67	-7.903089986991944
228499.548	325	0.675	-7.903089986991944
228628.023	325	0.68	-7.903089986991944
229087.83	325	0.685	-7.903089986991944
229226.186	325	0.69	-7.903089986991944
229604.516	325	0.695	-7.903089986991944
230029.714	325	0.7	-7.903089986991944
230526.55	325	0.705	-7.903089986991944
230762.243	325	0.71	-7.903089986991944
231259.226	325	0.715	-7.903089986991944
231479.402	325	0.72	-7.903089986991944
231865.945	325	0.725	-7.903089986991944
232475.066	325	0.73	-7.903089986991944
232724.705	325	0.735	-7.903089986991944
233107.257	325	0.74	-7.903089986991944
233472.117	325	0.745	-7.903089986991944
233729.286	325	0.75	-7.903089986991944
234115.412	325	0.755	-7.903089986991944
234533.651	325	0.76	-7.903089986991944
235046.536	325	0.765	-7.903089986991944
235359.862	325	0.77	-7.903089986991944
236198.648	325	0.775	-7.903089986991944
236788.203	325	0.78	-7.903089986991944
237061.206	325	0.785	-7.903089986991944
237279.0	325	0.79	-7.903089986991944
237772.538	325	0.795	-7.903089986991944
238206.586	325	0.8	-7.903089986991944
238794.464	325	0.805	-7.903089986991944
239540.286	325	0.81	-7.903089986991944
240577.901	325	0.815	-7.903089986991944
240875.914	325	0.82	-7.903089986991944
241478.0	325	0.825	-7.903089986991944
241981.575	325	0.83	-7.903089986991944
242641.664	325	0.835	-7.903089986991944
242750.674	325	0.84	-7.903089986991944
243151.758	325	0.845	-7.903089986991944
243731.204	325	0.85	-7.903089986991944
244331.971	325	0.855	-7.903089986991944
244939.914	325	0.86	-7.903089986991944
245549.216	325	0.865	-7.903089986991944
246438.364	325	0.87	-7.903089986991944
246964.519	325	0.875	-7.903089986991944
248237.429	325	0.88	-7.903089986991944
249862.848	325	0.885	-7.903089986991944
250893.338	325	0.89	-7.903089986991944
251756.435	325	0.895	-7.903089986991944
252465.35	325	0.9	-7.903089986991944
253522.707	325	0.905	-7.903089986991944
255271.735	325	0.91	-7.903089986991944
256805.771	325	0.915	-7.903089986991944
257738.303	325	0.92	-7.903089986991944
259801.393	325	0.925	-7.903089986991944
261395.786	325	0.93	-7.903089986991944
261987.979	325	0.935	-7.903089986991944
262526.324	325	0.94	-7.903089986991944
263131.071	325	0.945	-7.903089986991944
264538.496	325	0.95	-7.903089986991944
266087.168	325	0.955	-7.903089986991944
268487.086	325	0.96	-7.903089986991944
270750.0	325	0.965	-7.903089986991944
274868.819	325	0.97	-7.903089986991944
277506.536	325	0.975	-7.903089986991944
281509.43	325	0.98	-7.903089986991944
287312.371	325	0.985	-7.903089986991944
294861.084	325	0.99	-7.903089986991944
331869.725	325	0.995	-7.903089986991944
221035.143	350	0.5	-7.903089986991944
221333.699	350	0.505	-7.903089986991944
221670.873	350	0.51	-7.903089986991944
222134.296	350	0.515	-7.903089986991944
222611.371	350	0.52	-7.903089986991944
223045.143	350	0.525	-7.903089986991944
223352.457	350	0.53	-7.903089986991944
223662.793	350	0.535	-7.903089986991944
223819.868	350	0.54	-7.903089986991944
224012.393	350	0.545	-7.903089986991944
224504.761	350	0.55	-7.903089986991944
224831.532	350	0.555	-7.903089986991944
225122.66	350	0.56	-7.903089986991944
225233.543	350	0.565	-7.903089986991944
225621.824	350	0.57	-7.903089986991944
226010.536	350	0.575	-7.903089986991944
226490.284	350	0.58	-7.903089986991944
226726.805	350	0.585	-7.903089986991944
227029.386	350	0.59	-7.903089986991944
227387.521	350	0.595	-7.903089986991944
228142.229	350	0.6	-7.903089986991944
228547.444	350	0.605	-7.903089986991944
229054.843	350	0.61	-7.903089986991944
229466.953	350	0.615	-7.903089986991944
229596.54	350	0.62	-7.903089986991944
230105.536	350	0.625	-7.903089986991944
230319.788	350	0.63	-7.903089986991944
230910.988	350	0.635	-7.903089986991944
231510.8	350	0.64	-7.903089986991944
231858.603	350	0.645	-7.903089986991944
232174.436	350	0.65	-7.903089986991944
232556.557	350	0.655	-7.903089986991944
233037.476	350	0.66	-7.903089986991944
233337.469	350	0.665	-7.903089986991944
233790.586	350	0.67	-7.903089986991944
234149.798	350	0.675	-7.903089986991944
234542.525	350	0.68	-7.903089986991944
234828.913	350	0.685	-7.903089986991944
235101.986	350	0.69	-7.903089986991944
235534.08	350	0.695	-7.903089986991944
235904.821	350	0.7	-7.903089986991944
236354.193	350	0.705	-7.903089986991944
236934.93	350	0.71	-7.903089986991944
237191.629	350	0.715	-7.903089986991944
237534.286	350	0.72	-7.903089986991944
237869.98	350	0.725	-7.903089986991944
238200.705	350	0.73	-7.903089986991944
238605.204	350	0.735	-7.903089986991944
239149.457	350	0.74	-7.903089986991944
239623.589	350	0.745	-7.903089986991944
240237.607	350	0.75	-7.903089986991944
240738.975	350	0.755	-7.903089986991944
241279.657	350	0.76	-7.903089986991944
241659.602	350	0.765	-7.903089986991944
241981.715	350	0.77	-7.903089986991944
242692.514	350	0.775	-7.903089986991944
242830.831	350	0.78	-7.903089986991944
243280.098	350	0.785	-7.903089986991944
243966.843	350	0.79	-7.903089986991944
244580.107	350	0.795	-7.903089986991944
245044.4	350	0.8	-7.903089986991944
245806.136	350	0.805	-7.903089986991944
246461.343	350	0.81	-7.903089986991944
247004.95	350	0.815	-7.903089986991944
247491.257	350	0.82	-7.903089986991944
247812.854	350	0.825	-7.903089986991944
248246.774	350	0.83	-7.903089986991944
249160.281	350	0.835	-7.903089986991944
249520.677	350	0.84	-7.903089986991944
250277.45	350	0.845	-7.903089986991944
251031.929	350	0.85	-7.903089986991944
251622.168	350	0.855	-7.903089986991944
252571.719	350	0.86	-7.903089986991944
253041.579	350	0.865	-7.903089986991944
253861.939	350	0.87	-7.903089986991944
254748.58	350	0.875	-7.903089986991944
255132.294	350	0.88	-7.903089986991944
255943.685	350	0.885	-7.903089986991944
256383.086	350	0.89	-7.903089986991944
257250.606	350	0.895	-7.903089986991944
258231.857	350	0.9	-7.903089986991944
259192.679	350	0.905	-7.903089986991944
260437.957	350	0.91	-7.903089986991944
260753.95	350	0.915	-7.903089986991944
262016.297	350	0.92	-7.903089986991944
263024.25	350	0.925	-7.903089986991944
264946.227	350	0.93	-7.903089986991944
266923.205	350	0.935	-7.903089986991944
268595.547	350	0.94	-7.903089986991944
270344.164	350	0.945	-7.903089986991944
273935.493	350	0.95	-7.903089986991944
276766.533	350	0.955	-7.903089986991944
280772.071	350	0.96	-7.903089986991944
282576.273	350	0.965	-7.903089986991944
284835.686	350	0.97	-7.903089986991944
288746.661	350	0.975	-7.903089986991944
292993.917	350	0.98	-7.903089986991944
295627.243	350	0.985	-7.903089986991944
306732.7	350	0.99	-7.903089986991944
351879.05	350	0.995	-7.903089986991944
231347.143	375	0.5	-7.903089986991944
231730.564	375	0.505	-7.903089986991944
232113.265	375	0.51	-7.903089986991944
232679.562	375	0.515	-7.903089986991944
233283.691	375	0.52	-7.903089986991944
233482.289	375	0.525	-7.903089986991944
233793.395	375	0.53	-7.903089986991944
234202.374	375	0.535	-7.903089986991944
234610.086	375	0.54	-7.903089986991944
234719.636	375	0.545	-7.903089986991944
235333.818	375	0.55	-7.903089986991944
235800.179	375	0.555	-7.903089986991944
236171.584	375	0.56	-7.903089986991944
236375.938	375	0.565	-7.903089986991944
236590.104	375	0.57	-7.903089986991944
236869.648	375	0.575	-7.903089986991944
237160.8	375	0.58	-7.903089986991944
237404.678	375	0.585	-7.903089986991944
237499.743	375	0.59	-7.903089986991944
237884.136	375	0.595	-7.903089986991944
238370.771	375	0.6	-7.903089986991944
238579.624	375	0.605	-7.903089986991944
238759.057	375	0.61	-7.903089986991944
238973.339	375	0.615	-7.903089986991944
239242.552	375	0.62	-7.903089986991944
239534.643	375	0.625	-7.903089986991944
239878.086	375	0.63	-7.903089986991944
240109.534	375	0.635	-7.903089986991944
240591.5	375	0.64	-7.903089986991944
241356.11	375	0.645	-7.903089986991944
241758.164	375	0.65	-7.903089986991944
242288.603	375	0.655	-7.903089986991944
242925.807	375	0.66	-7.903089986991944
243415.964	375	0.665	-7.903089986991944
244199.738	375	0.67	-7.903089986991944
244552.404	375	0.675	-7.903089986991944
244877.737	375	0.68	-7.903089986991944
245326.878	375	0.685	-7.903089986991944
245619.464	375	0.69	-7.903089986991944
246058.8	375	0.695	-7.903089986991944
246449.879	375	0.7	-7.903089986991944
246645.05	375	0.705	-7.903089986991944
246952.307	375	0.71	-7.903089986991944
247298.769	375	0.715	-7.903089986991944
247507.991	375	0.72	-7.903089986991944
248295.786	375	0.725	-7.903089986991944
248655.886	375	0.73	-7.903089986991944
249129.398	375	0.735	-7.903089986991944
249654.476	375	0.74	-7.903089986991944
249838.768	375	0.745	-7.903089986991944
250232.232	375	0.75	-7.903089986991944
250884.528	375	0.755	-7.903089986991944
251185.02	375	0.76	-7.903089986991944
251410.256	375	0.765	-7.903089986991944
251827.314	375	0.77	-7.903089986991944
252059.341	375	0.775	-7.903089986991944
252658.599	375	0.78	-7.903089986991944
252961.336	375	0.785	-7.903089986991944
253323.3	375	0.79	-7.903089986991944
253746.407	375	0.795	-7.903089986991944
254143.986	375	0.8	-7.903089986991944
254401.156	375	0.805	-7.903089986991944
254824.351	375	0.81	-7.903089986991944
255576.903	375	0.815	-7.903089986991944
256872.434	375	0.82	-7.903089986991944
257576.821	375	0.825	-7.903089986991944
258552.041	375	0.83	-7.903089986991944
258876.929	375	0.835	-7.903089986991944
259209.143	375	0.84	-7.903089986991944
259700.175	375	0.845	-7.903089986991944
260645.714	375	0.85	-7.903089986991944
261492.139	375	0.855	-7.903089986991944
261936.209	375	0.86	-7.903089986991944
262208.269	375	0.865	-7.903089986991944
262692.695	375	0.87	-7.903089986991944
263218.509	375	0.875	-7.903089986991944
263840.586	375	0.88	-7.903089986991944
265930.461	375	0.885	-7.903089986991944
267166.629	375	0.89	-7.903089986991944
268482.727	375	0.895	-7.903089986991944
269690.0	375	0.9	-7.903089986991944
270951.423	375	0.905	-7.903089986991944
272080.374	375	0.91	-7.903089986991944
273063.741	375	0.915	-7.903089986991944
274194.743	375	0.92	-7.903089986991944
275316.071	375	0.925	-7.903089986991944
276021.829	375	0.93	-7.903089986991944
279152.129	375	0.935	-7.903089986991944
280483.847	375	0.94	-7.903089986991944
283191.569	375	0.945	-7.903089986991944
285601.993	375	0.95	-7.903089986991944
288134.543	375	0.955	-7.903089986991944
291315.777	375	0.96	-7.903089986991944
296020.7	375	0.965	-7.903089986991944
301045.352	375	0.97	-7.903089986991944
302924.179	375	0.975	-7.903089986991944
311691.4	375	0.98	-7.903089986991944
317734.056	375	0.985	-7.903089986991944
324088.885	375	0.99	-7.903089986991944
343576.4	375	0.995	-7.903089986991944
234892.893	400	0.5	-7.903089986991944
235150.271	400	0.505	-7.903089986991944
235445.255	400	0.51	-7.903089986991944
235722.261	400	0.515	-7.903089986991944
236080.457	400	0.52	-7.903089986991944
236306.357	400	0.525	-7.903089986991944
236423.433	400	0.53	-7.903089986991944
236704.588	400	0.535	-7.903089986991944
237093.867	400	0.54	-7.903089986991944
237519.608	400	0.545	-7.903089986991944
237734.921	400	0.55	-7.903089986991944
238063.583	400	0.555	-7.903089986991944
238380.325	400	0.56	-7.903089986991944
238589.943	400	0.565	-7.903089986991944
239151.5	400	0.57	-7.903089986991944
239457.88	400	0.575	-7.903089986991944
239717.857	400	0.58	-7.903089986991944
239840.976	400	0.585	-7.903089986991944
240242.729	400	0.59	-7.903089986991944
240407.921	400	0.595	-7.903089986991944
240940.814	400	0.6	-7.903089986991944
241253.786	400	0.605	-7.903089986991944
241513.804	400	0.61	-7.903089986991944
242091.57	400	0.615	-7.903089986991944
242384.057	400	0.62	-7.903089986991944
242659.777	400	0.625	-7.903089986991944
242847.871	400	0.63	-7.903089986991944
243086.212	400	0.635	-7.903089986991944
243581.569	400	0.64	-7.903089986991944
244200.071	400	0.645	-7.903089986991944
244480.0	400	0.65	-7.903089986991944
244949.28	400	0.655	-7.903089986991944
245360.786	400	0.66	-7.903089986991944
245907.857	400	0.665	-7.903089986991944
246310.353	400	0.67	-7.903089986991944
246564.989	400	0.675	-7.903089986991944
246975.191	400	0.68	-7.903089986991944
247220.507	400	0.685	-7.903089986991944
247399.9	400	0.69	-7.903089986991944
247695.423	400	0.695	-7.903089986991944
248125.493	400	0.7	-7.903089986991944
248765.771	400	0.705	-7.903089986991944
249658.2	400	0.71	-7.903089986991944
250043.762	400	0.715	-7.903089986991944
250360.406	400	0.72	-7.903089986991944
250823.298	400	0.725	-7.903089986991944
251085.062	400	0.73	-7.903089986991944
251871.8	400	0.735	-7.903089986991944
252261.749	400	0.74	-7.903089986991944
252478.9	400	0.745	-7.903089986991944
252800.732	400	0.75	-7.903089986991944
253278.079	400	0.755	-7.903089986991944
253568.857	400	0.76	-7.903089986991944
254051.085	400	0.765	-7.903089986991944
254835.953	400	0.77	-7.903089986991944
255235.591	400	0.775	-7.903089986991944
256217.829	400	0.78	-7.903089986991944
256831.75	400	0.785	-7.903089986991944
257289.575	400	0.79	-7.903089986991944
257714.414	400	0.795	-7.903089986991944
258079.714	400	0.8	-7.903089986991944
258411.214	400	0.805	-7.903089986991944
259055.342	400	0.81	-7.903089986991944
260462.536	400	0.815	-7.903089986991944
261027.484	400	0.82	-7.903089986991944
261480.677	400	0.825	-7.903089986991944
261893.486	400	0.83	-7.903089986991944
262864.994	400	0.835	-7.903089986991944
263483.089	400	0.84	-7.903089986991944
264517.81	400	0.845	-7.903089986991944
264956.857	400	0.85	-7.903089986991944
265853.914	400	0.855	-7.903089986991944
266821.617	400	0.86	-7.903089986991944
267813.853	400	0.865	-7.903089986991944
268500.2	400	0.87	-7.903089986991944
269283.848	400	0.875	-7.903089986991944
269656.229	400	0.88	-7.903089986991944
270429.071	400	0.885	-7.903089986991944
272007.686	400	0.89	-7.903089986991944
272380.021	400	0.895	-7.903089986991944
274202.336	400	0.9	-7.903089986991944
275401.507	400	0.905	-7.903089986991944
277148.799	400	0.91	-7.903089986991944
278641.92	400	0.915	-7.903089986991944
280603.006	400	0.92	-7.903089986991944
281709.748	400	0.925	-7.903089986991944
282871.724	400	0.93	-7.903089986991944
285463.667	400	0.935	-7.903089986991944
287557.433	400	0.94	-7.903089986991944
291181.379	400	0.945	-7.903089986991944
295551.429	400	0.95	-7.903089986991944
298041.393	400	0.955	-7.903089986991944
303999.206	400	0.96	-7.903089986991944
307184.896	400	0.965	-7.903089986991944
308473.081	400	0.97	-7.903089986991944
314559.071	400	0.975	-7.903089986991944
320275.784	400	0.98	-7.903089986991944
330810.247	400	0.985	-7.903089986991944
342243.781	400	0.99	-7.903089986991944
368866.479	400	0.995	-7.903089986991944
241074.396	425	0.5	-7.903089986991944
241416.971	425	0.505	-7.903089986991944
241800.943	425	0.51	-7.903089986991944
242148.671	425	0.515	-7.903089986991944
242296.343	425	0.52	-7.903089986991944
242544.393	425	0.525	-7.903089986991944
242860.438	425	0.53	-7.903089986991944
243013.355	425	0.535	-7.903089986991944
243524.229	425	0.54	-7.903089986991944
243837.482	425	0.545	-7.903089986991944
244081.707	425	0.55	-7.903089986991944
244374.96	425	0.555	-7.903089986991944
244625.903	425	0.56	-7.903089986991944
245152.324	425	0.565	-7.903089986991944
245400.949	425	0.57	-7.903089986991944
245824.464	425	0.575	-7.903089986991944
246099.043	425	0.58	-7.903089986991944
246376.155	425	0.585	-7.903089986991944
246871.786	425	0.59	-7.903089986991944
247302.964	425	0.595	-7.903089986991944
247780.886	425	0.6	-7.903089986991944
248342.164	425	0.605	-7.903089986991944
248623.341	425	0.61	-7.903089986991944
248976.526	425	0.615	-7.903089986991944
249155.371	425	0.62	-7.903089986991944
249332.946	425	0.625	-7.903089986991944
249667.055	425	0.63	-7.903089986991944
249845.514	425	0.635	-7.903089986991944
250233.089	425	0.64	-7.903089986991944
250509.592	425	0.645	-7.903089986991944
250836.221	425	0.65	-7.903089986991944
251164.153	425	0.655	-7.903089986991944
251613.883	425	0.66	-7.903089986991944
252134.379	425	0.665	-7.903089986991944
252488.673	425	0.67	-7.903089986991944
252808.943	425	0.675	-7.903089986991944
253511.649	425	0.68	-7.903089986991944
253850.664	425	0.685	-7.903089986991944
254375.099	425	0.69	-7.903089986991944
254683.079	425	0.695	-7.903089986991944
255400.143	425	0.7	-7.903089986991944
255756.043	425	0.705	-7.903089986991944
256065.286	425	0.71	-7.903089986991944
256472.204	425	0.715	-7.903089986991944
257159.126	425	0.72	-7.903089986991944
257718.052	425	0.725	-7.903089986991944
258013.366	425	0.73	-7.903089986991944
258364.474	425	0.735	-7.903089986991944
258870.363	425	0.74	-7.903089986991944
259536.051	425	0.745	-7.903089986991944
259825.018	425	0.75	-7.903089986991944
260413.071	425	0.755	-7.903089986991944
260550.171	425	0.76	-7.903089986991944
261157.971	425	0.765	-7.903089986991944
261894.755	425	0.77	-7.903089986991944
262951.214	425	0.775	-7.903089986991944
263267.011	425	0.78	-7.903089986991944
263537.991	425	0.785	-7.903089986991944
264190.812	425	0.79	-7.903089986991944
264533.693	425	0.795	-7.903089986991944
264734.857	425	0.8	-7.903089986991944
264935.643	425	0.805	-7.903089986991944
265180.871	425	0.81	-7.903089986991944
265886.007	425	0.815	-7.903089986991944
266458.657	425	0.82	-7.903089986991944
267304.395	425	0.825	-7.903089986991944
268232.971	425	0.83	-7.903089986991944
268450.586	425	0.835	-7.903089986991944
269299.146	425	0.84	-7.903089986991944
269812.742	425	0.845	-7.903089986991944
270638.786	425	0.85	-7.903089986991944
271851.055	425	0.855	-7.903089986991944
272115.257	425	0.86	-7.903089986991944
272713.06	425	0.865	-7.903089986991944
273289.55	425	0.87	-7.903089986991944
274684.473	425	0.875	-7.903089986991944
275986.229	425	0.88	-7.903089986991944
276273.009	425	0.885	-7.903089986991944
277244.114	425	0.89	-7.903089986991944
278173.214	425	0.895	-7.903089986991944
279493.264	425	0.9	-7.903089986991944
280341.129	425	0.905	-7.903089986991944
281490.775	425	0.91	-7.903089986991944
282211.067	425	0.915	-7.903089986991944
285600.571	425	0.92	-7.903089986991944
289574.656	425	0.925	-7.903089986991944
291043.5	425	0.93	-7.903089986991944
291476.712	425	0.935	-7.903089986991944
294125.171	425	0.94	-7.903089986991944
295622.612	425	0.945	-7.903089986991944
297825.982	425	0.95	-7.903089986991944
300989.007	425	0.955	-7.903089986991944
303394.423	425	0.96	-7.903089986991944
305257.993	425	0.965	-7.903089986991944
308805.471	425	0.97	-7.903089986991944
319708.966	425	0.975	-7.903089986991944
333570.829	425	0.98	-7.903089986991944
343822.024	425	0.985	-7.903089986991944
364604.431	425	0.99	-7.903089986991944
406900.885	425	0.995	-7.903089986991944
248970.071	450	0.5	-7.903089986991944
249313.829	450	0.505	-7.903089986991944
249654.33	450	0.51	-7.903089986991944
249965.457	450	0.515	-7.903089986991944
250227.086	450	0.52	-7.903089986991944
250561.005	450	0.525	-7.903089986991944
251025.567	450	0.53	-7.903089986991944
251253.262	450	0.535	-7.903089986991944
251564.633	450	0.54	-7.903089986991944
251853.564	450	0.545	-7.903089986991944
252059.986	450	0.55	-7.903089986991944
252395.282	450	0.555	-7.903089986991944
252985.143	450	0.56	-7.903089986991944
253329.345	450	0.565	-7.903089986991944
253417.414	450	0.57	-7.903089986991944
254054.025	450	0.575	-7.903089986991944
254587.654	450	0.58	-7.903089986991944
254943.386	450	0.585	-7.903089986991944
255239.846	450	0.59	-7.903089986991944
255419.901	450	0.595	-7.903089986991944
255796.571	450	0.6	-7.903089986991944
256391.921	450	0.605	-7.903089986991944
256609.098	450	0.61	-7.903089986991944
257039.662	450	0.615	-7.903089986991944
257623.616	450	0.62	-7.903089986991944
258137.143	450	0.625	-7.903089986991944
258560.406	450	0.63	-7.903089986991944
259006.39	450	0.635	-7.903089986991944
259274.48	450	0.64	-7.903089986991944
259544.14	450	0.645	-7.903089986991944
259956.621	450	0.65	-7.903089986991944
260431.864	450	0.655	-7.903089986991944
260871.496	450	0.66	-7.903089986991944
261495.374	450	0.665	-7.903089986991944
261926.519	450	0.67	-7.903089986991944
262694.771	450	0.675	-7.903089986991944
262959.771	450	0.68	-7.903089986991944
263231.793	450	0.685	-7.903089986991944
263548.014	450	0.69	-7.903089986991944
264002.293	450	0.695	-7.903089986991944
264379.357	450	0.7	-7.903089986991944
264810.414	450	0.705	-7.903089986991944
265243.443	450	0.71	-7.903089986991944
265481.242	450	0.715	-7.903089986991944
265902.037	450	0.72	-7.903089986991944
266314.807	450	0.725	-7.903089986991944
266811.505	450	0.73	-7.903089986991944
267160.583	450	0.735	-7.903089986991944
267345.286	450	0.74	-7.903089986991944
267665.761	450	0.745	-7.903089986991944
268008.214	450	0.75	-7.903089986991944
268337.457	450	0.755	-7.903089986991944
269150.449	450	0.76	-7.903089986991944
269570.766	450	0.765	-7.903089986991944
269948.886	450	0.77	-7.903089986991944
270541.336	450	0.775	-7.903089986991944
271410.47	450	0.78	-7.903089986991944
272169.258	450	0.785	-7.903089986991944
272617.2	450	0.79	-7.903089986991944
273111.601	450	0.795	-7.903089986991944
273531.143	450	0.8	-7.903089986991944
274176.192	450	0.805	-7.903089986991944
274666.0	450	0.81	-7.903089986991944
275252.935	450	0.815	-7.903089986991944
275686.543	450	0.82	-7.903089986991944
276508.695	450	0.825	-7.903089986991944
277398.8	450	0.83	-7.903089986991944
278096.279	450	0.835	-7.903089986991944
278638.743	450	0.84	-7.903089986991944
279486.386	450	0.845	-7.903089986991944
280340.429	450	0.85	-7.903089986991944
280781.548	450	0.855	-7.903089986991944
282197.743	450	0.86	-7.903089986991944
282528.892	450	0.865	-7.903089986991944
283564.38	450	0.87	-7.903089986991944
283854.134	450	0.875	-7.903089986991944
285146.797	450	0.88	-7.903089986991944
286376.772	450	0.885	-7.903089986991944
288126.321	450	0.89	-7.903089986991944
288937.364	450	0.895	-7.903089986991944
289945.0	450	0.9	-7.903089986991944
291790.442	450	0.905	-7.903089986991944
293862.971	450	0.91	-7.903089986991944
294873.691	450	0.915	-7.903089986991944
296076.8	450	0.92	-7.903089986991944
297139.477	450	0.925	-7.903089986991944
298639.057	450	0.93	-7.903089986991944
301197.331	450	0.935	-7.903089986991944
303729.657	450	0.94	-7.903089986991944
306356.001	450	0.945	-7.903089986991944
310127.857	450	0.95	-7.903089986991944
312326.825	450	0.955	-7.903089986991944
316608.514	450	0.96	-7.903089986991944
319293.526	450	0.965	-7.903089986991944
323926.899	450	0.97	-7.903089986991944
327429.143	450	0.975	-7.903089986991944
344915.387	450	0.98	-7.903089986991944
351224.486	450	0.985	-7.903089986991944
358891.915	450	0.99	-7.903089986991944
388482.607	450	0.995	-7.903089986991944
