S*_score	SNP_num	quantile	log(local_recomb_rate)
116475.25	25	0.5	-7.903089986991944
117062.469	25	0.505	-7.903089986991944
117914.3	25	0.51	-7.903089986991944
119330.7	25	0.515	-7.903089986991944
120028.692	25	0.52	-7.903089986991944
120995.875	25	0.525	-7.903089986991944
121374.0	25	0.53	-7.903089986991944
122458.886	25	0.535	-7.903089986991944
122613.733	25	0.54	-7.903089986991944
123801.1	25	0.545	-7.903089986991944
124137.75	25	0.55	-7.903089986991944
124678.344	25	0.555	-7.903089986991944
125062.0	25	0.56	-7.903089986991944
125455.047	25	0.565	-7.903089986991944
125880.0	25	0.57	-7.903089986991944
126078.771	25	0.575	-7.903089986991944
126512.94	25	0.58	-7.903089986991944
126862.086	25	0.585	-7.903089986991944
127810.419	25	0.59	-7.903089986991944
128089.191	25	0.595	-7.903089986991944
128284.3	25	0.6	-7.903089986991944
128939.0	25	0.605	-7.903089986991944
129757.257	25	0.61	-7.903089986991944
130338.939	25	0.615	-7.903089986991944
130768.866	25	0.62	-7.903089986991944
131485.216	25	0.625	-7.903089986991944
132620.8	25	0.63	-7.903089986991944
132841.568	25	0.635	-7.903089986991944
133143.2	25	0.64	-7.903089986991944
134066.9	25	0.645	-7.903089986991944
134710.0	25	0.65	-7.903089986991944
135465.941	25	0.655	-7.903089986991944
136009.2	25	0.66	-7.903089986991944
136696.488	25	0.665	-7.903089986991944
137309.171	25	0.67	-7.903089986991944
138131.263	25	0.675	-7.903089986991944
138682.933	25	0.68	-7.903089986991944
139212.071	25	0.685	-7.903089986991944
139481.462	25	0.69	-7.903089986991944
140307.9	25	0.695	-7.903089986991944
141402.95	25	0.7	-7.903089986991944
141735.415	25	0.705	-7.903089986991944
142374.992	25	0.71	-7.903089986991944
142798.451	25	0.715	-7.903089986991944
142938.615	25	0.72	-7.903089986991944
143257.5	25	0.725	-7.903089986991944
143461.6	25	0.73	-7.903089986991944
144019.412	25	0.735	-7.903089986991944
144880.286	25	0.74	-7.903089986991944
145447.95	25	0.745	-7.903089986991944
146462.083	25	0.75	-7.903089986991944
146985.873	25	0.755	-7.903089986991944
147143.467	25	0.76	-7.903089986991944
147344.365	25	0.765	-7.903089986991944
148387.214	25	0.77	-7.903089986991944
148845.9	25	0.775	-7.903089986991944
149474.2	25	0.78	-7.903089986991944
149881.854	25	0.785	-7.903089986991944
150260.0	25	0.79	-7.903089986991944
150585.571	25	0.795	-7.903089986991944
152645.714	25	0.8	-7.903089986991944
153685.738	25	0.805	-7.903089986991944
154614.995	25	0.81	-7.903089986991944
155493.7	25	0.815	-7.903089986991944
156640.114	25	0.82	-7.903089986991944
157045.143	25	0.825	-7.903089986991944
157781.387	25	0.83	-7.903089986991944
158446.386	25	0.835	-7.903089986991944
159133.754	25	0.84	-7.903089986991944
160341.3	25	0.845	-7.903089986991944
161376.85	25	0.85	-7.903089986991944
163176.814	25	0.855	-7.903089986991944
164452.949	25	0.86	-7.903089986991944
164988.849	25	0.865	-7.903089986991944
165625.886	25	0.87	-7.903089986991944
166167.5	25	0.875	-7.903089986991944
167120.057	25	0.88	-7.903089986991944
169133.28	25	0.885	-7.903089986991944
169732.219	25	0.89	-7.903089986991944
170734.538	25	0.895	-7.903089986991944
172406.462	25	0.9	-7.903089986991944
173248.258	25	0.905	-7.903089986991944
173886.4	25	0.91	-7.903089986991944
176252.136	25	0.915	-7.903089986991944
177601.92	25	0.92	-7.903089986991944
178517.5	25	0.925	-7.903089986991944
179704.9	25	0.93	-7.903089986991944
180997.186	25	0.935	-7.903089986991944
183038.686	25	0.94	-7.903089986991944
183801.629	25	0.945	-7.903089986991944
185975.857	25	0.95	-7.903089986991944
189838.1	25	0.955	-7.903089986991944
191910.057	25	0.96	-7.903089986991944
195549.407	25	0.965	-7.903089986991944
197652.643	25	0.97	-7.903089986991944
199741.5	25	0.975	-7.903089986991944
202383.6	25	0.98	-7.903089986991944
205694.226	25	0.985	-7.903089986991944
212283.829	25	0.99	-7.903089986991944
216345.63	25	0.995	-7.903089986991944
138409.09	50	0.5	-7.903089986991944
138927.945	50	0.505	-7.903089986991944
139168.815	50	0.51	-7.903089986991944
139533.04	50	0.515	-7.903089986991944
140162.799	50	0.52	-7.903089986991944
140622.0	50	0.525	-7.903089986991944
141063.174	50	0.53	-7.903089986991944
141693.457	50	0.535	-7.903089986991944
142274.192	50	0.54	-7.903089986991944
142886.43	50	0.545	-7.903089986991944
143721.934	50	0.55	-7.903089986991944
144551.58	50	0.555	-7.903089986991944
144873.394	50	0.56	-7.903089986991944
145603.574	50	0.565	-7.903089986991944
145810.0	50	0.57	-7.903089986991944
146069.111	50	0.575	-7.903089986991944
146472.24	50	0.58	-7.903089986991944
147179.464	50	0.585	-7.903089986991944
147440.616	50	0.59	-7.903089986991944
147779.889	50	0.595	-7.903089986991944
148496.667	50	0.6	-7.903089986991944
149429.74	50	0.605	-7.903089986991944
150126.243	50	0.61	-7.903089986991944
150494.247	50	0.615	-7.903089986991944
150943.657	50	0.62	-7.903089986991944
151700.625	50	0.625	-7.903089986991944
152172.269	50	0.63	-7.903089986991944
152656.085	50	0.635	-7.903089986991944
153232.571	50	0.64	-7.903089986991944
154359.4	50	0.645	-7.903089986991944
154624.786	50	0.65	-7.903089986991944
155140.339	50	0.655	-7.903089986991944
156045.026	50	0.66	-7.903089986991944
156632.301	50	0.665	-7.903089986991944
157119.738	50	0.67	-7.903089986991944
157467.379	50	0.675	-7.903089986991944
158097.2	50	0.68	-7.903089986991944
158839.238	50	0.685	-7.903089986991944
159176.929	50	0.69	-7.903089986991944
159912.907	50	0.695	-7.903089986991944
160989.223	50	0.7	-7.903089986991944
161961.421	50	0.705	-7.903089986991944
162405.455	50	0.71	-7.903089986991944
162701.865	50	0.715	-7.903089986991944
163436.0	50	0.72	-7.903089986991944
163781.44	50	0.725	-7.903089986991944
164028.608	50	0.73	-7.903089986991944
164613.1	50	0.735	-7.903089986991944
165359.323	50	0.74	-7.903089986991944
166142.691	50	0.745	-7.903089986991944
167424.596	50	0.75	-7.903089986991944
168361.3	50	0.755	-7.903089986991944
169050.343	50	0.76	-7.903089986991944
170047.231	50	0.765	-7.903089986991944
170675.511	50	0.77	-7.903089986991944
171987.679	50	0.775	-7.903089986991944
172371.59	50	0.78	-7.903089986991944
172808.579	50	0.785	-7.903089986991944
173765.191	50	0.79	-7.903089986991944
174205.25	50	0.795	-7.903089986991944
175153.714	50	0.8	-7.903089986991944
175417.9	50	0.805	-7.903089986991944
176123.529	50	0.81	-7.903089986991944
177306.264	50	0.815	-7.903089986991944
178394.307	50	0.82	-7.903089986991944
180226.729	50	0.825	-7.903089986991944
180991.043	50	0.83	-7.903089986991944
181690.626	50	0.835	-7.903089986991944
182240.571	50	0.84	-7.903089986991944
183709.086	50	0.845	-7.903089986991944
184719.432	50	0.85	-7.903089986991944
185135.73	50	0.855	-7.903089986991944
186052.971	50	0.86	-7.903089986991944
187322.893	50	0.865	-7.903089986991944
188380.371	50	0.87	-7.903089986991944
189573.214	50	0.875	-7.903089986991944
190927.069	50	0.88	-7.903089986991944
191349.586	50	0.885	-7.903089986991944
191653.343	50	0.89	-7.903089986991944
193208.879	50	0.895	-7.903089986991944
195814.643	50	0.9	-7.903089986991944
196724.529	50	0.905	-7.903089986991944
197332.5	50	0.91	-7.903089986991944
198189.129	50	0.915	-7.903089986991944
200312.114	50	0.92	-7.903089986991944
201297.355	50	0.925	-7.903089986991944
201988.743	50	0.93	-7.903089986991944
202988.85	50	0.935	-7.903089986991944
203700.914	50	0.94	-7.903089986991944
205822.0	50	0.945	-7.903089986991944
207899.429	50	0.95	-7.903089986991944
210888.879	50	0.955	-7.903089986991944
213776.343	50	0.96	-7.903089986991944
214658.329	50	0.965	-7.903089986991944
216905.745	50	0.97	-7.903089986991944
223183.071	50	0.975	-7.903089986991944
231281.997	50	0.98	-7.903089986991944
240521.15	50	0.985	-7.903089986991944
253950.8	50	0.99	-7.903089986991944
261917.84	50	0.995	-7.903089986991944
163471.964	75	0.5	-7.903089986991944
164106.098	75	0.505	-7.903089986991944
164345.452	75	0.51	-7.903089986991944
164598.572	75	0.515	-7.903089986991944
164865.583	75	0.52	-7.903089986991944
165304.857	75	0.525	-7.903089986991944
165536.071	75	0.53	-7.903089986991944
165755.556	75	0.535	-7.903089986991944
167176.176	75	0.54	-7.903089986991944
168480.714	75	0.545	-7.903089986991944
169264.068	75	0.55	-7.903089986991944
169555.469	75	0.555	-7.903089986991944
170272.32	75	0.56	-7.903089986991944
170762.762	75	0.565	-7.903089986991944
171369.213	75	0.57	-7.903089986991944
172016.179	75	0.575	-7.903089986991944
172314.796	75	0.58	-7.903089986991944
172610.741	75	0.585	-7.903089986991944
173007.357	75	0.59	-7.903089986991944
173579.4	75	0.595	-7.903089986991944
173858.929	75	0.6	-7.903089986991944
174988.478	75	0.605	-7.903089986991944
175476.607	75	0.61	-7.903089986991944
176165.7	75	0.615	-7.903089986991944
176662.444	75	0.62	-7.903089986991944
177165.321	75	0.625	-7.903089986991944
177995.503	75	0.63	-7.903089986991944
178290.349	75	0.635	-7.903089986991944
179264.149	75	0.64	-7.903089986991944
179854.3	75	0.645	-7.903089986991944
180391.214	75	0.65	-7.903089986991944
181551.679	75	0.655	-7.903089986991944
181886.423	75	0.66	-7.903089986991944
182249.247	75	0.665	-7.903089986991944
182512.714	75	0.67	-7.903089986991944
182725.464	75	0.675	-7.903089986991944
183714.063	75	0.68	-7.903089986991944
184162.079	75	0.685	-7.903089986991944
184880.043	75	0.69	-7.903089986991944
185585.367	75	0.695	-7.903089986991944
185865.143	75	0.7	-7.903089986991944
186099.515	75	0.705	-7.903089986991944
186794.659	75	0.71	-7.903089986991944
187800.85	75	0.715	-7.903089986991944
188489.714	75	0.72	-7.903089986991944
188840.829	75	0.725	-7.903089986991944
189648.458	75	0.73	-7.903089986991944
190313.983	75	0.735	-7.903089986991944
191100.2	75	0.74	-7.903089986991944
191811.803	75	0.745	-7.903089986991944
192821.429	75	0.75	-7.903089986991944
193329.364	75	0.755	-7.903089986991944
193757.486	75	0.76	-7.903089986991944
194542.081	75	0.765	-7.903089986991944
194899.403	75	0.77	-7.903089986991944
195308.758	75	0.775	-7.903089986991944
195807.429	75	0.78	-7.903089986991944
196598.886	75	0.785	-7.903089986991944
197064.753	75	0.79	-7.903089986991944
197928.891	75	0.795	-7.903089986991944
198380.071	75	0.8	-7.903089986991944
199131.664	75	0.805	-7.903089986991944
199461.429	75	0.81	-7.903089986991944
200512.379	75	0.815	-7.903089986991944
200736.114	75	0.82	-7.903089986991944
201164.816	75	0.825	-7.903089986991944
202613.743	75	0.83	-7.903089986991944
203011.268	75	0.835	-7.903089986991944
203789.68	75	0.84	-7.903089986991944
204809.785	75	0.845	-7.903089986991944
205597.357	75	0.85	-7.903089986991944
206190.5	75	0.855	-7.903089986991944
207357.914	75	0.86	-7.903089986991944
208435.228	75	0.865	-7.903089986991944
208941.843	75	0.87	-7.903089986991944
209389.629	75	0.875	-7.903089986991944
210536.571	75	0.88	-7.903089986991944
211802.043	75	0.885	-7.903089986991944
212930.6	75	0.89	-7.903089986991944
213820.836	75	0.895	-7.903089986991944
215404.286	75	0.9	-7.903089986991944
216352.528	75	0.905	-7.903089986991944
217267.809	75	0.91	-7.903089986991944
218100.893	75	0.915	-7.903089986991944
220540.629	75	0.92	-7.903089986991944
221538.123	75	0.925	-7.903089986991944
222271.191	75	0.93	-7.903089986991944
224417.471	75	0.935	-7.903089986991944
225545.629	75	0.94	-7.903089986991944
226679.586	75	0.945	-7.903089986991944
227829.571	75	0.95	-7.903089986991944
229744.764	75	0.955	-7.903089986991944
233818.229	75	0.96	-7.903089986991944
237550.879	75	0.965	-7.903089986991944
239778.286	75	0.97	-7.903089986991944
244216.75	75	0.975	-7.903089986991944
247341.34	75	0.98	-7.903089986991944
253432.429	75	0.985	-7.903089986991944
261268.314	75	0.99	-7.903089986991944
279150.521	75	0.995	-7.903089986991944
184534.286	100	0.5	-7.903089986991944
185026.598	100	0.505	-7.903089986991944
185551.699	100	0.51	-7.903089986991944
185958.586	100	0.515	-7.903089986991944
186367.72	100	0.52	-7.903089986991944
187021.39	100	0.525	-7.903089986991944
187431.112	100	0.53	-7.903089986991944
187661.454	100	0.535	-7.903089986991944
188227.314	100	0.54	-7.903089986991944
188662.235	100	0.545	-7.903089986991944
189083.057	100	0.55	-7.903089986991944
189819.778	100	0.555	-7.903089986991944
190022.109	100	0.56	-7.903089986991944
190458.7	100	0.565	-7.903089986991944
190726.629	100	0.57	-7.903089986991944
191118.654	100	0.575	-7.903089986991944
191521.486	100	0.58	-7.903089986991944
192572.943	100	0.585	-7.903089986991944
193100.813	100	0.59	-7.903089986991944
193805.336	100	0.595	-7.903089986991944
194030.066	100	0.6	-7.903089986991944
194303.386	100	0.605	-7.903089986991944
194738.567	100	0.61	-7.903089986991944
195058.371	100	0.615	-7.903089986991944
195379.983	100	0.62	-7.903089986991944
196059.286	100	0.625	-7.903089986991944
196297.771	100	0.63	-7.903089986991944
196941.071	100	0.635	-7.903089986991944
197815.72	100	0.64	-7.903089986991944
198412.851	100	0.645	-7.903089986991944
198965.0	100	0.65	-7.903089986991944
199915.871	100	0.655	-7.903089986991944
200223.086	100	0.66	-7.903089986991944
201003.798	100	0.665	-7.903089986991944
201637.286	100	0.67	-7.903089986991944
201828.692	100	0.675	-7.903089986991944
202661.531	100	0.68	-7.903089986991944
202967.964	100	0.685	-7.903089986991944
203759.581	100	0.69	-7.903089986991944
203885.829	100	0.695	-7.903089986991944
204393.143	100	0.7	-7.903089986991944
205139.986	100	0.705	-7.903089986991944
205727.606	100	0.71	-7.903089986991944
206348.374	100	0.715	-7.903089986991944
206797.829	100	0.72	-7.903089986991944
207456.429	100	0.725	-7.903089986991944
207798.87	100	0.73	-7.903089986991944
208397.022	100	0.735	-7.903089986991944
208949.8	100	0.74	-7.903089986991944
209305.661	100	0.745	-7.903089986991944
209754.286	100	0.75	-7.903089986991944
210532.804	100	0.755	-7.903089986991944
210914.069	100	0.76	-7.903089986991944
211454.891	100	0.765	-7.903089986991944
211764.686	100	0.77	-7.903089986991944
212713.786	100	0.775	-7.903089986991944
213906.203	100	0.78	-7.903089986991944
214485.029	100	0.785	-7.903089986991944
215493.933	100	0.79	-7.903089986991944
216144.414	100	0.795	-7.903089986991944
216707.429	100	0.8	-7.903089986991944
217704.2	100	0.805	-7.903089986991944
218421.429	100	0.81	-7.903089986991944
218646.071	100	0.815	-7.903089986991944
218903.623	100	0.82	-7.903089986991944
219821.471	100	0.825	-7.903089986991944
220379.134	100	0.83	-7.903089986991944
220871.081	100	0.835	-7.903089986991944
221931.066	100	0.84	-7.903089986991944
222679.894	100	0.845	-7.903089986991944
223459.029	100	0.85	-7.903089986991944
224082.6	100	0.855	-7.903089986991944
225039.371	100	0.86	-7.903089986991944
225949.714	100	0.865	-7.903089986991944
227551.771	100	0.87	-7.903089986991944
228337.857	100	0.875	-7.903089986991944
229041.943	100	0.88	-7.903089986991944
229948.442	100	0.885	-7.903089986991944
230967.286	100	0.89	-7.903089986991944
232536.909	100	0.895	-7.903089986991944
233891.043	100	0.9	-7.903089986991944
234912.429	100	0.905	-7.903089986991944
236753.2	100	0.91	-7.903089986991944
237436.071	100	0.915	-7.903089986991944
238870.4	100	0.92	-7.903089986991944
239769.218	100	0.925	-7.903089986991944
242255.433	100	0.93	-7.903089986991944
243839.857	100	0.935	-7.903089986991944
245530.514	100	0.94	-7.903089986991944
248800.286	100	0.945	-7.903089986991944
251316.571	100	0.95	-7.903089986991944
255950.686	100	0.955	-7.903089986991944
261688.629	100	0.96	-7.903089986991944
268679.686	100	0.965	-7.903089986991944
273587.686	100	0.97	-7.903089986991944
278330.5	100	0.975	-7.903089986991944
284537.669	100	0.98	-7.903089986991944
295554.13	100	0.985	-7.903089986991944
304601.857	100	0.99	-7.903089986991944
321524.514	100	0.995	-7.903089986991944
202790.786	125	0.5	-7.903089986991944
203024.958	125	0.505	-7.903089986991944
203393.594	125	0.51	-7.903089986991944
203932.113	125	0.515	-7.903089986991944
204540.954	125	0.52	-7.903089986991944
205168.895	125	0.525	-7.903089986991944
205619.344	125	0.53	-7.903089986991944
206136.205	125	0.535	-7.903089986991944
206344.486	125	0.54	-7.903089986991944
206820.41	125	0.545	-7.903089986991944
207610.432	125	0.55	-7.903089986991944
208168.9	125	0.555	-7.903089986991944
208532.683	125	0.56	-7.903089986991944
208903.379	125	0.565	-7.903089986991944
209223.114	125	0.57	-7.903089986991944
209679.025	125	0.575	-7.903089986991944
210153.841	125	0.58	-7.903089986991944
210500.329	125	0.585	-7.903089986991944
211401.129	125	0.59	-7.903089986991944
211817.014	125	0.595	-7.903089986991944
212115.429	125	0.6	-7.903089986991944
212632.815	125	0.605	-7.903089986991944
213302.043	125	0.61	-7.903089986991944
213707.957	125	0.615	-7.903089986991944
214188.973	125	0.62	-7.903089986991944
214594.884	125	0.625	-7.903089986991944
215094.171	125	0.63	-7.903089986991944
215467.979	125	0.635	-7.903089986991944
215849.829	125	0.64	-7.903089986991944
216253.921	125	0.645	-7.903089986991944
216457.021	125	0.65	-7.903089986991944
216791.069	125	0.655	-7.903089986991944
217412.886	125	0.66	-7.903089986991944
217903.964	125	0.665	-7.903089986991944
218123.477	125	0.67	-7.903089986991944
218529.857	125	0.675	-7.903089986991944
219186.106	125	0.68	-7.903089986991944
219482.878	125	0.685	-7.903089986991944
219803.423	125	0.69	-7.903089986991944
220401.885	125	0.695	-7.903089986991944
220727.714	125	0.7	-7.903089986991944
221005.757	125	0.705	-7.903089986991944
221309.186	125	0.71	-7.903089986991944
221623.565	125	0.715	-7.903089986991944
222432.623	125	0.72	-7.903089986991944
223043.916	125	0.725	-7.903089986991944
223768.726	125	0.73	-7.903089986991944
224215.071	125	0.735	-7.903089986991944
224796.78	125	0.74	-7.903089986991944
225266.151	125	0.745	-7.903089986991944
225639.857	125	0.75	-7.903089986991944
226076.386	125	0.755	-7.903089986991944
227329.58	125	0.76	-7.903089986991944
227773.063	125	0.765	-7.903089986991944
228283.129	125	0.77	-7.903089986991944
229107.904	125	0.775	-7.903089986991944
229457.771	125	0.78	-7.903089986991944
230032.164	125	0.785	-7.903089986991944
230610.785	125	0.79	-7.903089986991944
231906.729	125	0.795	-7.903089986991944
232264.814	125	0.8	-7.903089986991944
233200.45	125	0.805	-7.903089986991944
233988.644	125	0.81	-7.903089986991944
235436.129	125	0.815	-7.903089986991944
236021.531	125	0.82	-7.903089986991944
237025.643	125	0.825	-7.903089986991944
238045.477	125	0.83	-7.903089986991944
238272.821	125	0.835	-7.903089986991944
239128.766	125	0.84	-7.903089986991944
239556.696	125	0.845	-7.903089986991944
240533.429	125	0.85	-7.903089986991944
241296.486	125	0.855	-7.903089986991944
242011.137	125	0.86	-7.903089986991944
242846.5	125	0.865	-7.903089986991944
243432.357	125	0.87	-7.903089986991944
244699.821	125	0.875	-7.903089986991944
245113.371	125	0.88	-7.903089986991944
247348.814	125	0.885	-7.903089986991944
249147.478	125	0.89	-7.903089986991944
250661.065	125	0.895	-7.903089986991944
252137.179	125	0.9	-7.903089986991944
252904.49	125	0.905	-7.903089986991944
254906.471	125	0.91	-7.903089986991944
256720.813	125	0.915	-7.903089986991944
258960.331	125	0.92	-7.903089986991944
261069.145	125	0.925	-7.903089986991944
263106.434	125	0.93	-7.903089986991944
266281.048	125	0.935	-7.903089986991944
269638.429	125	0.94	-7.903089986991944
273521.302	125	0.945	-7.903089986991944
278466.282	125	0.95	-7.903089986991944
280326.829	125	0.955	-7.903089986991944
286048.914	125	0.96	-7.903089986991944
289089.007	125	0.965	-7.903089986991944
294794.143	125	0.97	-7.903089986991944
300432.427	125	0.975	-7.903089986991944
308738.656	125	0.98	-7.903089986991944
316484.764	125	0.985	-7.903089986991944
334411.353	125	0.99	-7.903089986991944
353437.641	125	0.995	-7.903089986991944
216038.571	150	0.5	-7.903089986991944
216277.193	150	0.505	-7.903089986991944
216474.171	150	0.51	-7.903089986991944
216839.271	150	0.515	-7.903089986991944
217264.866	150	0.52	-7.903089986991944
217776.282	150	0.525	-7.903089986991944
217976.643	150	0.53	-7.903089986991944
218247.134	150	0.535	-7.903089986991944
219094.009	150	0.54	-7.903089986991944
219344.919	150	0.545	-7.903089986991944
219712.143	150	0.55	-7.903089986991944
220474.556	150	0.555	-7.903089986991944
220776.571	150	0.56	-7.903089986991944
221427.371	150	0.565	-7.903089986991944
221762.714	150	0.57	-7.903089986991944
222077.579	150	0.575	-7.903089986991944
222686.514	150	0.58	-7.903089986991944
223399.857	150	0.585	-7.903089986991944
223778.289	150	0.59	-7.903089986991944
224217.656	150	0.595	-7.903089986991944
224820.743	150	0.6	-7.903089986991944
225300.214	150	0.605	-7.903089986991944
225988.086	150	0.61	-7.903089986991944
226635.204	150	0.615	-7.903089986991944
227039.997	150	0.62	-7.903089986991944
227563.929	150	0.625	-7.903089986991944
228196.173	150	0.63	-7.903089986991944
228568.329	150	0.635	-7.903089986991944
228936.057	150	0.64	-7.903089986991944
229521.851	150	0.645	-7.903089986991944
229871.6	150	0.65	-7.903089986991944
230555.279	150	0.655	-7.903089986991944
231365.486	150	0.66	-7.903089986991944
232436.119	150	0.665	-7.903089986991944
233238.571	150	0.67	-7.903089986991944
233510.525	150	0.675	-7.903089986991944
233859.657	150	0.68	-7.903089986991944
234538.345	150	0.685	-7.903089986991944
234902.197	150	0.69	-7.903089986991944
235376.342	150	0.695	-7.903089986991944
235936.771	150	0.7	-7.903089986991944
236402.203	150	0.705	-7.903089986991944
236781.686	150	0.71	-7.903089986991944
237235.688	150	0.715	-7.903089986991944
237725.429	150	0.72	-7.903089986991944
238667.857	150	0.725	-7.903089986991944
239459.391	150	0.73	-7.903089986991944
240043.229	150	0.735	-7.903089986991944
240600.551	150	0.74	-7.903089986991944
240881.917	150	0.745	-7.903089986991944
241730.071	150	0.75	-7.903089986991944
242171.971	150	0.755	-7.903089986991944
242746.114	150	0.76	-7.903089986991944
243740.719	150	0.765	-7.903089986991944
244753.829	150	0.77	-7.903089986991944
245634.143	150	0.775	-7.903089986991944
245888.997	150	0.78	-7.903089986991944
246522.084	150	0.785	-7.903089986991944
246943.543	150	0.79	-7.903089986991944
247232.414	150	0.795	-7.903089986991944
247665.314	150	0.8	-7.903089986991944
248341.369	150	0.805	-7.903089986991944
249039.743	150	0.81	-7.903089986991944
249749.92	150	0.815	-7.903089986991944
250500.057	150	0.82	-7.903089986991944
251589.414	150	0.825	-7.903089986991944
252523.143	150	0.83	-7.903089986991944
253527.204	150	0.835	-7.903089986991944
254059.943	150	0.84	-7.903089986991944
254966.386	150	0.845	-7.903089986991944
256068.571	150	0.85	-7.903089986991944
257062.885	150	0.855	-7.903089986991944
257987.189	150	0.86	-7.903089986991944
258886.439	150	0.865	-7.903089986991944
259968.0	150	0.87	-7.903089986991944
261800.357	150	0.875	-7.903089986991944
263283.154	150	0.88	-7.903089986991944
263721.143	150	0.885	-7.903089986991944
264639.887	150	0.89	-7.903089986991944
265588.771	150	0.895	-7.903089986991944
266966.286	150	0.9	-7.903089986991944
269352.786	150	0.905	-7.903089986991944
270342.111	150	0.91	-7.903089986991944
272532.7	150	0.915	-7.903089986991944
274388.8	150	0.92	-7.903089986991944
276724.346	150	0.925	-7.903089986991944
279293.376	150	0.93	-7.903089986991944
282062.791	150	0.935	-7.903089986991944
285666.743	150	0.94	-7.903089986991944
289356.059	150	0.945	-7.903089986991944
292783.75	150	0.95	-7.903089986991944
298833.529	150	0.955	-7.903089986991944
302000.8	150	0.96	-7.903089986991944
303869.716	150	0.965	-7.903089986991944
311278.343	150	0.97	-7.903089986991944
318306.071	150	0.975	-7.903089986991944
322387.303	150	0.98	-7.903089986991944
337864.634	150	0.985	-7.903089986991944
348557.343	150	0.99	-7.903089986991944
365115.864	150	0.995	-7.903089986991944
229299.429	175	0.5	-7.903089986991944
229567.836	175	0.505	-7.903089986991944
230003.4	175	0.51	-7.903089986991944
230429.921	175	0.515	-7.903089986991944
230852.137	175	0.52	-7.903089986991944
231394.302	175	0.525	-7.903089986991944
231963.328	175	0.53	-7.903089986991944
232622.986	175	0.535	-7.903089986991944
232947.496	175	0.54	-7.903089986991944
233393.979	175	0.545	-7.903089986991944
233695.975	175	0.55	-7.903089986991944
234075.914	175	0.555	-7.903089986991944
234326.897	175	0.56	-7.903089986991944
234856.429	175	0.565	-7.903089986991944
235260.848	175	0.57	-7.903089986991944
235707.459	175	0.575	-7.903089986991944
236196.667	175	0.58	-7.903089986991944
236816.399	175	0.585	-7.903089986991944
237306.143	175	0.59	-7.903089986991944
237765.714	175	0.595	-7.903089986991944
238194.114	175	0.6	-7.903089986991944
238924.186	175	0.605	-7.903089986991944
239412.556	175	0.61	-7.903089986991944
240058.101	175	0.615	-7.903089986991944
240743.576	175	0.62	-7.903089986991944
241062.705	175	0.625	-7.903089986991944
241555.516	175	0.63	-7.903089986991944
242536.121	175	0.635	-7.903089986991944
243146.686	175	0.64	-7.903089986991944
243477.651	175	0.645	-7.903089986991944
244264.5	175	0.65	-7.903089986991944
244548.438	175	0.655	-7.903089986991944
245454.657	175	0.66	-7.903089986991944
245904.386	175	0.665	-7.903089986991944
246330.957	175	0.67	-7.903089986991944
247063.107	175	0.675	-7.903089986991944
248375.429	175	0.68	-7.903089986991944
248855.058	175	0.685	-7.903089986991944
249342.654	175	0.69	-7.903089986991944
249698.358	175	0.695	-7.903089986991944
250198.0	175	0.7	-7.903089986991944
250553.506	175	0.705	-7.903089986991944
251210.999	175	0.71	-7.903089986991944
251803.701	175	0.715	-7.903089986991944
252634.4	175	0.72	-7.903089986991944
253152.305	175	0.725	-7.903089986991944
253670.714	175	0.73	-7.903089986991944
254353.286	175	0.735	-7.903089986991944
254705.429	175	0.74	-7.903089986991944
255608.268	175	0.745	-7.903089986991944
255992.089	175	0.75	-7.903089986991944
256498.664	175	0.755	-7.903089986991944
257437.086	175	0.76	-7.903089986991944
258093.726	175	0.765	-7.903089986991944
258383.286	175	0.77	-7.903089986991944
258658.679	175	0.775	-7.903089986991944
259198.444	175	0.78	-7.903089986991944
260217.614	175	0.785	-7.903089986991944
261500.586	175	0.79	-7.903089986991944
262652.843	175	0.795	-7.903089986991944
263212.571	175	0.8	-7.903089986991944
264149.122	175	0.805	-7.903089986991944
264751.89	175	0.81	-7.903089986991944
265710.379	175	0.815	-7.903089986991944
266545.716	175	0.82	-7.903089986991944
267161.964	175	0.825	-7.903089986991944
267888.259	175	0.83	-7.903089986991944
268916.409	175	0.835	-7.903089986991944
269307.829	175	0.84	-7.903089986991944
270124.721	175	0.845	-7.903089986991944
272277.946	175	0.85	-7.903089986991944
273079.436	175	0.855	-7.903089986991944
274273.486	175	0.86	-7.903089986991944
274875.586	175	0.865	-7.903089986991944
276550.114	175	0.87	-7.903089986991944
278103.036	175	0.875	-7.903089986991944
280935.291	175	0.88	-7.903089986991944
282155.738	175	0.885	-7.903089986991944
284561.714	175	0.89	-7.903089986991944
285751.586	175	0.895	-7.903089986991944
287599.286	175	0.9	-7.903089986991944
288772.615	175	0.905	-7.903089986991944
291240.729	175	0.91	-7.903089986991944
294250.649	175	0.915	-7.903089986991944
297236.286	175	0.92	-7.903089986991944
299026.929	175	0.925	-7.903089986991944
302674.871	175	0.93	-7.903089986991944
304247.714	175	0.935	-7.903089986991944
307521.314	175	0.94	-7.903089986991944
313079.514	175	0.945	-7.903089986991944
315409.286	175	0.95	-7.903089986991944
323848.036	175	0.955	-7.903089986991944
327329.543	175	0.96	-7.903089986991944
337129.84	175	0.965	-7.903089986991944
348202.698	175	0.97	-7.903089986991944
353924.357	175	0.975	-7.903089986991944
364722.743	175	0.98	-7.903089986991944
379146.956	175	0.985	-7.903089986991944
393000.071	175	0.99	-7.903089986991944
412899.7	175	0.995	-7.903089986991944
242984.286	200	0.5	-7.903089986991944
243444.821	200	0.505	-7.903089986991944
244014.993	200	0.51	-7.903089986991944
244886.32	200	0.515	-7.903089986991944
245461.257	200	0.52	-7.903089986991944
245593.464	200	0.525	-7.903089986991944
246683.009	200	0.53	-7.903089986991944
247112.414	200	0.535	-7.903089986991944
247790.857	200	0.54	-7.903089986991944
248257.036	200	0.545	-7.903089986991944
248678.343	200	0.55	-7.903089986991944
249136.635	200	0.555	-7.903089986991944
249398.594	200	0.56	-7.903089986991944
250174.727	200	0.565	-7.903089986991944
250442.153	200	0.57	-7.903089986991944
250805.857	200	0.575	-7.903089986991944
251260.6	200	0.58	-7.903089986991944
251963.28	200	0.585	-7.903089986991944
252219.171	200	0.59	-7.903089986991944
252995.171	200	0.595	-7.903089986991944
253348.571	200	0.6	-7.903089986991944
253715.005	200	0.605	-7.903089986991944
254147.1	200	0.61	-7.903089986991944
254719.435	200	0.615	-7.903089986991944
254991.686	200	0.62	-7.903089986991944
255424.313	200	0.625	-7.903089986991944
255825.657	200	0.63	-7.903089986991944
256302.121	200	0.635	-7.903089986991944
257203.989	200	0.64	-7.903089986991944
257437.107	200	0.645	-7.903089986991944
258076.457	200	0.65	-7.903089986991944
258622.397	200	0.655	-7.903089986991944
259321.943	200	0.66	-7.903089986991944
260407.945	200	0.665	-7.903089986991944
261208.861	200	0.67	-7.903089986991944
262027.977	200	0.675	-7.903089986991944
262634.457	200	0.68	-7.903089986991944
263399.535	200	0.685	-7.903089986991944
263854.322	200	0.69	-7.903089986991944
264402.373	200	0.695	-7.903089986991944
265455.736	200	0.7	-7.903089986991944
266282.217	200	0.705	-7.903089986991944
266644.814	200	0.71	-7.903089986991944
267447.721	200	0.715	-7.903089986991944
268406.571	200	0.72	-7.903089986991944
269514.509	200	0.725	-7.903089986991944
270238.643	200	0.73	-7.903089986991944
270801.2	200	0.735	-7.903089986991944
271330.923	200	0.74	-7.903089986991944
272043.557	200	0.745	-7.903089986991944
273288.929	200	0.75	-7.903089986991944
274390.397	200	0.755	-7.903089986991944
275518.286	200	0.76	-7.903089986991944
275899.919	200	0.765	-7.903089986991944
276775.786	200	0.77	-7.903089986991944
277592.786	200	0.775	-7.903089986991944
278310.416	200	0.78	-7.903089986991944
278918.672	200	0.785	-7.903089986991944
280518.157	200	0.79	-7.903089986991944
281287.379	200	0.795	-7.903089986991944
282344.029	200	0.8	-7.903089986991944
283303.436	200	0.805	-7.903089986991944
284064.857	200	0.81	-7.903089986991944
285172.437	200	0.815	-7.903089986991944
285606.743	200	0.82	-7.903089986991944
286720.939	200	0.825	-7.903089986991944
288220.371	200	0.83	-7.903089986991944
289278.198	200	0.835	-7.903089986991944
289720.286	200	0.84	-7.903089986991944
290748.779	200	0.845	-7.903089986991944
292086.114	200	0.85	-7.903089986991944
293560.707	200	0.855	-7.903089986991944
295547.314	200	0.86	-7.903089986991944
297160.645	200	0.865	-7.903089986991944
299197.465	200	0.87	-7.903089986991944
300440.0	200	0.875	-7.903089986991944
301906.743	200	0.88	-7.903089986991944
303506.756	200	0.885	-7.903089986991944
305226.737	200	0.89	-7.903089986991944
309221.222	200	0.895	-7.903089986991944
311599.779	200	0.9	-7.903089986991944
314165.856	200	0.905	-7.903089986991944
315344.243	200	0.91	-7.903089986991944
319397.199	200	0.915	-7.903089986991944
320671.691	200	0.92	-7.903089986991944
323266.245	200	0.925	-7.903089986991944
325601.171	200	0.93	-7.903089986991944
328955.886	200	0.935	-7.903089986991944
336979.486	200	0.94	-7.903089986991944
345262.318	200	0.945	-7.903089986991944
352197.036	200	0.95	-7.903089986991944
358647.885	200	0.955	-7.903089986991944
371836.914	200	0.96	-7.903089986991944
379735.963	200	0.965	-7.903089986991944
387964.586	200	0.97	-7.903089986991944
401496.679	200	0.975	-7.903089986991944
423676.63	200	0.98	-7.903089986991944
450215.651	200	0.985	-7.903089986991944
472482.5	200	0.99	-7.903089986991944
500671.2	200	0.995	-7.903089986991944
253452.821	225	0.5	-7.903089986991944
254253.715	225	0.505	-7.903089986991944
254644.881	225	0.51	-7.903089986991944
255234.338	225	0.515	-7.903089986991944
255769.066	225	0.52	-7.903089986991944
256026.857	225	0.525	-7.903089986991944
256390.454	225	0.53	-7.903089986991944
256876.343	225	0.535	-7.903089986991944
257532.543	225	0.54	-7.903089986991944
258269.168	225	0.545	-7.903089986991944
259391.782	225	0.55	-7.903089986991944
259827.193	225	0.555	-7.903089986991944
260418.171	225	0.56	-7.903089986991944
260826.291	225	0.565	-7.903089986991944
261372.286	225	0.57	-7.903089986991944
261840.836	225	0.575	-7.903089986991944
262145.65	225	0.58	-7.903089986991944
262525.035	225	0.585	-7.903089986991944
262967.573	225	0.59	-7.903089986991944
263756.622	225	0.595	-7.903089986991944
264127.829	225	0.6	-7.903089986991944
265414.864	225	0.605	-7.903089986991944
265944.058	225	0.61	-7.903089986991944
266166.594	225	0.615	-7.903089986991944
267196.813	225	0.62	-7.903089986991944
267982.393	225	0.625	-7.903089986991944
269302.902	225	0.63	-7.903089986991944
270086.593	225	0.635	-7.903089986991944
270503.446	225	0.64	-7.903089986991944
270829.001	225	0.645	-7.903089986991944
271249.936	225	0.65	-7.903089986991944
272104.729	225	0.655	-7.903089986991944
273061.094	225	0.66	-7.903089986991944
274084.95	225	0.665	-7.903089986991944
274983.819	225	0.67	-7.903089986991944
275236.454	225	0.675	-7.903089986991944
276101.1	225	0.68	-7.903089986991944
277436.306	225	0.685	-7.903089986991944
278174.594	225	0.69	-7.903089986991944
278847.536	225	0.695	-7.903089986991944
279784.857	225	0.7	-7.903089986991944
280481.679	225	0.705	-7.903089986991944
281060.313	225	0.71	-7.903089986991944
281640.615	225	0.715	-7.903089986991944
282508.763	225	0.72	-7.903089986991944
282866.107	225	0.725	-7.903089986991944
283217.166	225	0.73	-7.903089986991944
284577.136	225	0.735	-7.903089986991944
285583.857	225	0.74	-7.903089986991944
286463.143	225	0.745	-7.903089986991944
286963.214	225	0.75	-7.903089986991944
287917.143	225	0.755	-7.903089986991944
289076.477	225	0.76	-7.903089986991944
289748.872	225	0.765	-7.903089986991944
289978.659	225	0.77	-7.903089986991944
291385.275	225	0.775	-7.903089986991944
292066.816	225	0.78	-7.903089986991944
292444.214	225	0.785	-7.903089986991944
293784.57	225	0.79	-7.903089986991944
294941.122	225	0.795	-7.903089986991944
295979.771	225	0.8	-7.903089986991944
296632.258	225	0.805	-7.903089986991944
299257.8	225	0.81	-7.903089986991944
299830.7	225	0.815	-7.903089986991944
300750.6	225	0.82	-7.903089986991944
301347.986	225	0.825	-7.903089986991944
302210.671	225	0.83	-7.903089986991944
303469.514	225	0.835	-7.903089986991944
303966.286	225	0.84	-7.903089986991944
305694.92	225	0.845	-7.903089986991944
308024.057	225	0.85	-7.903089986991944
309492.229	225	0.855	-7.903089986991944
311810.19	225	0.86	-7.903089986991944
312285.502	225	0.865	-7.903089986991944
315855.558	225	0.87	-7.903089986991944
317348.902	225	0.875	-7.903089986991944
318155.837	225	0.88	-7.903089986991944
320855.75	225	0.885	-7.903089986991944
322836.614	225	0.89	-7.903089986991944
324951.271	225	0.895	-7.903089986991944
327567.879	225	0.9	-7.903089986991944
328789.928	225	0.905	-7.903089986991944
329955.186	225	0.91	-7.903089986991944
333149.813	225	0.915	-7.903089986991944
336036.571	225	0.92	-7.903089986991944
340495.429	225	0.925	-7.903089986991944
344351.371	225	0.93	-7.903089986991944
350849.962	225	0.935	-7.903089986991944
352657.837	225	0.94	-7.903089986991944
358380.383	225	0.945	-7.903089986991944
362215.432	225	0.95	-7.903089986991944
368568.436	225	0.955	-7.903089986991944
374090.857	225	0.96	-7.903089986991944
379362.536	225	0.965	-7.903089986991944
391746.531	225	0.97	-7.903089986991944
406082.927	225	0.975	-7.903089986991944
420448.257	225	0.98	-7.903089986991944
432490.314	225	0.985	-7.903089986991944
442446.543	225	0.99	-7.903089986991944
459811.429	225	0.995	-7.903089986991944
263363.679	250	0.5	-7.903089986991944
264789.843	250	0.505	-7.903089986991944
265095.034	250	0.51	-7.903089986991944
265968.214	250	0.515	-7.903089986991944
266665.351	250	0.52	-7.903089986991944
267287.25	250	0.525	-7.903089986991944
267655.696	250	0.53	-7.903089986991944
268045.452	250	0.535	-7.903089986991944
268263.826	250	0.54	-7.903089986991944
268793.411	250	0.545	-7.903089986991944
269377.571	250	0.55	-7.903089986991944
269944.586	250	0.555	-7.903089986991944
270668.686	250	0.56	-7.903089986991944
271263.979	250	0.565	-7.903089986991944
271886.731	250	0.57	-7.903089986991944
272441.791	250	0.575	-7.903089986991944
272871.829	250	0.58	-7.903089986991944
273039.388	250	0.585	-7.903089986991944
273786.516	250	0.59	-7.903089986991944
274560.564	250	0.595	-7.903089986991944
274922.0	250	0.6	-7.903089986991944
275357.692	250	0.605	-7.903089986991944
275967.001	250	0.61	-7.903089986991944
276842.973	250	0.615	-7.903089986991944
277648.216	250	0.62	-7.903089986991944
278271.071	250	0.625	-7.903089986991944
278710.617	250	0.63	-7.903089986991944
279806.496	250	0.635	-7.903089986991944
280317.097	250	0.64	-7.903089986991944
280590.646	250	0.645	-7.903089986991944
281304.664	250	0.65	-7.903089986991944
282032.143	250	0.655	-7.903089986991944
282757.771	250	0.66	-7.903089986991944
283256.243	250	0.665	-7.903089986991944
284216.994	250	0.67	-7.903089986991944
284969.02	250	0.675	-7.903089986991944
285494.651	250	0.68	-7.903089986991944
285872.171	250	0.685	-7.903089986991944
286024.378	250	0.69	-7.903089986991944
286745.636	250	0.695	-7.903089986991944
287504.571	250	0.7	-7.903089986991944
288421.243	250	0.705	-7.903089986991944
288716.306	250	0.71	-7.903089986991944
289338.293	250	0.715	-7.903089986991944
289795.034	250	0.72	-7.903089986991944
290219.107	250	0.725	-7.903089986991944
291662.024	250	0.73	-7.903089986991944
293047.943	250	0.735	-7.903089986991944
294196.476	250	0.74	-7.903089986991944
295204.014	250	0.745	-7.903089986991944
297346.339	250	0.75	-7.903089986991944
297712.814	250	0.755	-7.903089986991944
298195.726	250	0.76	-7.903089986991944
299006.231	250	0.765	-7.903089986991944
300041.004	250	0.77	-7.903089986991944
301859.536	250	0.775	-7.903089986991944
303005.514	250	0.78	-7.903089986991944
303854.413	250	0.785	-7.903089986991944
304762.718	250	0.79	-7.903089986991944
305393.293	250	0.795	-7.903089986991944
306825.743	250	0.8	-7.903089986991944
307378.085	250	0.805	-7.903089986991944
308092.6	250	0.81	-7.903089986991944
310332.984	250	0.815	-7.903089986991944
312024.809	250	0.82	-7.903089986991944
313938.798	250	0.825	-7.903089986991944
314909.714	250	0.83	-7.903089986991944
316573.865	250	0.835	-7.903089986991944
317034.806	250	0.84	-7.903089986991944
318605.511	250	0.845	-7.903089986991944
319833.286	250	0.85	-7.903089986991944
320953.8	250	0.855	-7.903089986991944
321851.593	250	0.86	-7.903089986991944
323287.45	250	0.865	-7.903089986991944
325236.086	250	0.87	-7.903089986991944
329971.786	250	0.875	-7.903089986991944
332502.46	250	0.88	-7.903089986991944
334695.314	250	0.885	-7.903089986991944
337744.9	250	0.89	-7.903089986991944
339173.287	250	0.895	-7.903089986991944
340706.143	250	0.9	-7.903089986991944
341834.55	250	0.905	-7.903089986991944
344900.329	250	0.91	-7.903089986991944
350101.35	250	0.915	-7.903089986991944
352365.6	250	0.92	-7.903089986991944
358241.388	250	0.925	-7.903089986991944
361741.972	250	0.93	-7.903089986991944
370925.037	250	0.935	-7.903089986991944
375422.486	250	0.94	-7.903089986991944
381898.616	250	0.945	-7.903089986991944
386962.35	250	0.95	-7.903089986991944
395042.289	250	0.955	-7.903089986991944
398837.829	250	0.96	-7.903089986991944
415909.164	250	0.965	-7.903089986991944
420973.486	250	0.97	-7.903089986991944
439689.857	250	0.975	-7.903089986991944
453946.143	250	0.98	-7.903089986991944
469969.871	250	0.985	-7.903089986991944
510056.124	250	0.99	-7.903089986991944
563622.734	250	0.995	-7.903089986991944
274474.286	275	0.5	-7.903089986991944
274860.336	275	0.505	-7.903089986991944
275724.24	275	0.51	-7.903089986991944
276205.281	275	0.515	-7.903089986991944
276682.629	275	0.52	-7.903089986991944
277162.571	275	0.525	-7.903089986991944
277982.029	275	0.53	-7.903089986991944
278212.65	275	0.535	-7.903089986991944
278576.114	275	0.54	-7.903089986991944
279339.236	275	0.545	-7.903089986991944
280238.275	275	0.55	-7.903089986991944
280620.271	275	0.555	-7.903089986991944
280855.429	275	0.56	-7.903089986991944
281658.624	275	0.565	-7.903089986991944
282171.519	275	0.57	-7.903089986991944
282739.857	275	0.575	-7.903089986991944
283596.913	275	0.58	-7.903089986991944
284166.159	275	0.585	-7.903089986991944
284658.295	275	0.59	-7.903089986991944
285283.886	275	0.595	-7.903089986991944
285933.271	275	0.6	-7.903089986991944
286917.685	275	0.605	-7.903089986991944
287828.7	275	0.61	-7.903089986991944
288134.664	275	0.615	-7.903089986991944
288399.363	275	0.62	-7.903089986991944
289167.946	275	0.625	-7.903089986991944
289778.451	275	0.63	-7.903089986991944
290460.298	275	0.635	-7.903089986991944
290969.086	275	0.64	-7.903089986991944
291538.023	275	0.645	-7.903089986991944
292492.643	275	0.65	-7.903089986991944
293205.786	275	0.655	-7.903089986991944
293923.21	275	0.66	-7.903089986991944
294260.786	275	0.665	-7.903089986991944
294885.671	275	0.67	-7.903089986991944
295414.893	275	0.675	-7.903089986991944
296416.551	275	0.68	-7.903089986991944
296743.094	275	0.685	-7.903089986991944
297490.63	275	0.69	-7.903089986991944
297867.771	275	0.695	-7.903089986991944
298646.686	275	0.7	-7.903089986991944
299267.064	275	0.705	-7.903089986991944
299729.379	275	0.71	-7.903089986991944
300244.349	275	0.715	-7.903089986991944
301330.629	275	0.72	-7.903089986991944
301647.929	275	0.725	-7.903089986991944
302895.714	275	0.73	-7.903089986991944
304325.026	275	0.735	-7.903089986991944
304993.99	275	0.74	-7.903089986991944
305719.586	275	0.745	-7.903089986991944
306387.518	275	0.75	-7.903089986991944
307616.445	275	0.755	-7.903089986991944
308969.314	275	0.76	-7.903089986991944
309997.854	275	0.765	-7.903089986991944
310559.029	275	0.77	-7.903089986991944
311450.204	275	0.775	-7.903089986991944
313159.883	275	0.78	-7.903089986991944
313572.993	275	0.785	-7.903089986991944
314891.748	275	0.79	-7.903089986991944
316319.843	275	0.795	-7.903089986991944
318215.171	275	0.8	-7.903089986991944
319270.843	275	0.805	-7.903089986991944
320979.815	275	0.81	-7.903089986991944
322032.217	275	0.815	-7.903089986991944
323831.057	275	0.82	-7.903089986991944
325956.929	275	0.825	-7.903089986991944
327364.374	275	0.83	-7.903089986991944
328408.184	275	0.835	-7.903089986991944
329798.263	275	0.84	-7.903089986991944
331069.276	275	0.845	-7.903089986991944
332445.489	275	0.85	-7.903089986991944
334456.529	275	0.855	-7.903089986991944
337087.257	275	0.86	-7.903089986991944
338137.555	275	0.865	-7.903089986991944
340736.781	275	0.87	-7.903089986991944
342988.152	275	0.875	-7.903089986991944
343744.451	275	0.88	-7.903089986991944
346378.049	275	0.885	-7.903089986991944
348500.0	275	0.89	-7.903089986991944
350866.157	275	0.895	-7.903089986991944
352680.143	275	0.9	-7.903089986991944
357059.758	275	0.905	-7.903089986991944
360069.149	275	0.91	-7.903089986991944
365983.915	275	0.915	-7.903089986991944
370487.2	275	0.92	-7.903089986991944
372818.425	275	0.925	-7.903089986991944
383233.716	275	0.93	-7.903089986991944
387263.164	275	0.935	-7.903089986991944
400700.114	275	0.94	-7.903089986991944
404981.76	275	0.945	-7.903089986991944
413283.071	275	0.95	-7.903089986991944
427538.543	275	0.955	-7.903089986991944
433245.451	275	0.96	-7.903089986991944
445213.196	275	0.965	-7.903089986991944
453497.656	275	0.97	-7.903089986991944
468192.571	275	0.975	-7.903089986991944
489825.813	275	0.98	-7.903089986991944
512928.981	275	0.985	-7.903089986991944
553756.943	275	0.99	-7.903089986991944
622766.557	275	0.995	-7.903089986991944
286546.464	300	0.5	-7.903089986991944
287030.107	300	0.505	-7.903089986991944
287553.756	300	0.51	-7.903089986991944
288366.685	300	0.515	-7.903089986991944
288755.414	300	0.52	-7.903089986991944
288990.464	300	0.525	-7.903089986991944
289351.671	300	0.53	-7.903089986991944
289910.102	300	0.535	-7.903089986991944
290800.824	300	0.54	-7.903089986991944
292491.543	300	0.545	-7.903089986991944
292973.611	300	0.55	-7.903089986991944
293591.271	300	0.555	-7.903089986991944
294015.974	300	0.56	-7.903089986991944
294777.858	300	0.565	-7.903089986991944
295588.561	300	0.57	-7.903089986991944
296281.204	300	0.575	-7.903089986991944
296988.596	300	0.58	-7.903089986991944
297472.593	300	0.585	-7.903089986991944
297996.559	300	0.59	-7.903089986991944
298884.943	300	0.595	-7.903089986991944
299712.6	300	0.6	-7.903089986991944
300434.908	300	0.605	-7.903089986991944
300961.652	300	0.61	-7.903089986991944
301556.513	300	0.615	-7.903089986991944
302933.857	300	0.62	-7.903089986991944
304111.518	300	0.625	-7.903089986991944
304526.868	300	0.63	-7.903089986991944
304888.565	300	0.635	-7.903089986991944
305632.971	300	0.64	-7.903089986991944
306582.254	300	0.645	-7.903089986991944
307163.857	300	0.65	-7.903089986991944
308231.65	300	0.655	-7.903089986991944
308704.624	300	0.66	-7.903089986991944
309734.889	300	0.665	-7.903089986991944
310367.376	300	0.67	-7.903089986991944
311645.905	300	0.675	-7.903089986991944
312285.714	300	0.68	-7.903089986991944
312891.15	300	0.685	-7.903089986991944
313957.371	300	0.69	-7.903089986991944
314668.498	300	0.695	-7.903089986991944
316000.236	300	0.7	-7.903089986991944
316630.037	300	0.705	-7.903089986991944
317765.814	300	0.71	-7.903089986991944
319564.037	300	0.715	-7.903089986991944
320887.371	300	0.72	-7.903089986991944
322159.679	300	0.725	-7.903089986991944
323757.381	300	0.73	-7.903089986991944
324964.706	300	0.735	-7.903089986991944
326073.371	300	0.74	-7.903089986991944
327570.371	300	0.745	-7.903089986991944
329243.589	300	0.75	-7.903089986991944
330928.218	300	0.755	-7.903089986991944
332005.103	300	0.76	-7.903089986991944
334227.979	300	0.765	-7.903089986991944
335194.671	300	0.77	-7.903089986991944
336477.893	300	0.775	-7.903089986991944
337220.359	300	0.78	-7.903089986991944
338796.231	300	0.785	-7.903089986991944
341398.144	300	0.79	-7.903089986991944
343078.728	300	0.795	-7.903089986991944
344032.229	300	0.8	-7.903089986991944
345079.267	300	0.805	-7.903089986991944
346089.844	300	0.81	-7.903089986991944
347456.056	300	0.815	-7.903089986991944
348715.314	300	0.82	-7.903089986991944
350762.857	300	0.825	-7.903089986991944
352025.469	300	0.83	-7.903089986991944
353280.829	300	0.835	-7.903089986991944
354875.291	300	0.84	-7.903089986991944
357352.158	300	0.845	-7.903089986991944
358365.357	300	0.85	-7.903089986991944
361531.41	300	0.855	-7.903089986991944
364045.193	300	0.86	-7.903089986991944
367791.943	300	0.865	-7.903089986991944
369592.879	300	0.87	-7.903089986991944
373953.929	300	0.875	-7.903089986991944
375214.971	300	0.88	-7.903089986991944
378444.615	300	0.885	-7.903089986991944
382633.343	300	0.89	-7.903089986991944
385343.635	300	0.895	-7.903089986991944
386703.429	300	0.9	-7.903089986991944
390574.872	300	0.905	-7.903089986991944
397017.26	300	0.91	-7.903089986991944
400010.884	300	0.915	-7.903089986991944
405757.649	300	0.92	-7.903089986991944
408679.25	300	0.925	-7.903089986991944
417676.737	300	0.93	-7.903089986991944
426592.729	300	0.935	-7.903089986991944
435552.694	300	0.94	-7.903089986991944
441033.321	300	0.945	-7.903089986991944
444060.354	300	0.95	-7.903089986991944
454100.893	300	0.955	-7.903089986991944
474646.657	300	0.96	-7.903089986991944
480459.775	300	0.965	-7.903089986991944
489175.0	300	0.97	-7.903089986991944
499849.214	300	0.975	-7.903089986991944
514214.543	300	0.98	-7.903089986991944
540863.603	300	0.985	-7.903089986991944
575502.771	300	0.99	-7.903089986991944
623654.443	300	0.995	-7.903089986991944
298332.893	325	0.5	-7.903089986991944
299023.116	325	0.505	-7.903089986991944
299747.964	325	0.51	-7.903089986991944
300186.253	325	0.515	-7.903089986991944
300917.903	325	0.52	-7.903089986991944
301731.371	325	0.525	-7.903089986991944
302425.605	325	0.53	-7.903089986991944
303244.426	325	0.535	-7.903089986991944
303616.067	325	0.54	-7.903089986991944
304211.852	325	0.545	-7.903089986991944
305353.125	325	0.55	-7.903089986991944
306410.929	325	0.555	-7.903089986991944
307406.951	325	0.56	-7.903089986991944
308130.255	325	0.565	-7.903089986991944
308553.174	325	0.57	-7.903089986991944
309278.786	325	0.575	-7.903089986991944
310053.37	325	0.58	-7.903089986991944
310809.749	325	0.585	-7.903089986991944
311374.042	325	0.59	-7.903089986991944
312846.358	325	0.595	-7.903089986991944
313719.429	325	0.6	-7.903089986991944
314482.371	325	0.605	-7.903089986991944
315233.271	325	0.61	-7.903089986991944
315638.492	325	0.615	-7.903089986991944
316725.914	325	0.62	-7.903089986991944
316962.455	325	0.625	-7.903089986991944
317276.142	325	0.63	-7.903089986991944
318193.564	325	0.635	-7.903089986991944
318956.986	325	0.64	-7.903089986991944
319672.46	325	0.645	-7.903089986991944
320339.525	325	0.65	-7.903089986991944
321570.6	325	0.655	-7.903089986991944
322417.599	325	0.66	-7.903089986991944
323318.221	325	0.665	-7.903089986991944
324284.221	325	0.67	-7.903089986991944
324643.346	325	0.675	-7.903089986991944
325585.851	325	0.68	-7.903089986991944
326088.519	325	0.685	-7.903089986991944
327087.876	325	0.69	-7.903089986991944
327694.55	325	0.695	-7.903089986991944
328465.0	325	0.7	-7.903089986991944
329026.349	325	0.705	-7.903089986991944
330251.166	325	0.71	-7.903089986991944
330891.157	325	0.715	-7.903089986991944
331987.709	325	0.72	-7.903089986991944
332682.036	325	0.725	-7.903089986991944
333587.761	325	0.73	-7.903089986991944
335309.445	325	0.735	-7.903089986991944
336253.276	325	0.74	-7.903089986991944
337470.95	325	0.745	-7.903089986991944
338232.964	325	0.75	-7.903089986991944
338962.456	325	0.755	-7.903089986991944
339923.143	325	0.76	-7.903089986991944
340582.343	325	0.765	-7.903089986991944
342393.087	325	0.77	-7.903089986991944
342816.321	325	0.775	-7.903089986991944
343874.76	325	0.78	-7.903089986991944
345173.393	325	0.785	-7.903089986991944
346370.744	325	0.79	-7.903089986991944
348465.722	325	0.795	-7.903089986991944
349446.0	325	0.8	-7.903089986991944
349967.791	325	0.805	-7.903089986991944
350964.811	325	0.81	-7.903089986991944
353683.292	325	0.815	-7.903089986991944
354768.257	325	0.82	-7.903089986991944
357801.429	325	0.825	-7.903089986991944
359574.829	325	0.83	-7.903089986991944
360758.486	325	0.835	-7.903089986991944
361994.674	325	0.84	-7.903089986991944
362832.457	325	0.845	-7.903089986991944
363960.725	325	0.85	-7.903089986991944
366009.84	325	0.855	-7.903089986991944
367489.729	325	0.86	-7.903089986991944
369002.957	325	0.865	-7.903089986991944
371156.447	325	0.87	-7.903089986991944
374989.33	325	0.875	-7.903089986991944
380600.171	325	0.88	-7.903089986991944
383973.221	325	0.885	-7.903089986991944
385662.406	325	0.89	-7.903089986991944
389522.559	325	0.895	-7.903089986991944
394401.529	325	0.9	-7.903089986991944
395971.757	325	0.905	-7.903089986991944
399353.735	325	0.91	-7.903089986991944
402265.835	325	0.915	-7.903089986991944
409018.057	325	0.92	-7.903089986991944
413154.821	325	0.925	-7.903089986991944
416707.543	325	0.93	-7.903089986991944
419794.879	325	0.935	-7.903089986991944
425428.057	325	0.94	-7.903089986991944
432104.433	325	0.945	-7.903089986991944
441783.786	325	0.95	-7.903089986991944
450977.868	325	0.955	-7.903089986991944
462620.8	325	0.96	-7.903089986991944
479252.121	325	0.965	-7.903089986991944
493990.234	325	0.97	-7.903089986991944
516653.98	325	0.975	-7.903089986991944
530218.59	325	0.98	-7.903089986991944
549186.879	325	0.985	-7.903089986991944
592212.244	325	0.99	-7.903089986991944
620070.681	325	0.995	-7.903089986991944
306495.0	350	0.5	-7.903089986991944
307077.593	350	0.505	-7.903089986991944
307677.141	350	0.51	-7.903089986991944
308144.278	350	0.515	-7.903089986991944
308754.64	350	0.52	-7.903089986991944
309232.68	350	0.525	-7.903089986991944
310473.6	350	0.53	-7.903089986991944
311029.045	350	0.535	-7.903089986991944
311841.547	350	0.54	-7.903089986991944
312010.914	350	0.545	-7.903089986991944
312419.929	350	0.55	-7.903089986991944
312558.704	350	0.555	-7.903089986991944
313722.343	350	0.56	-7.903089986991944
315150.19	350	0.565	-7.903089986991944
316208.939	350	0.57	-7.903089986991944
317141.998	350	0.575	-7.903089986991944
317617.691	350	0.58	-7.903089986991944
318617.528	350	0.585	-7.903089986991944
319531.239	350	0.59	-7.903089986991944
320320.007	350	0.595	-7.903089986991944
320899.243	350	0.6	-7.903089986991944
321599.148	350	0.605	-7.903089986991944
322568.286	350	0.61	-7.903089986991944
323091.986	350	0.615	-7.903089986991944
324150.999	350	0.62	-7.903089986991944
324794.866	350	0.625	-7.903089986991944
325806.184	350	0.63	-7.903089986991944
326635.435	350	0.635	-7.903089986991944
327263.171	350	0.64	-7.903089986991944
327845.729	350	0.645	-7.903089986991944
328658.357	350	0.65	-7.903089986991944
329498.997	350	0.655	-7.903089986991944
330150.457	350	0.66	-7.903089986991944
331133.457	350	0.665	-7.903089986991944
333387.395	350	0.67	-7.903089986991944
334701.602	350	0.675	-7.903089986991944
335999.246	350	0.68	-7.903089986991944
336815.071	350	0.685	-7.903089986991944
337511.28	350	0.69	-7.903089986991944
338255.879	350	0.695	-7.903089986991944
338978.1	350	0.7	-7.903089986991944
339774.819	350	0.705	-7.903089986991944
340903.499	350	0.71	-7.903089986991944
342138.917	350	0.715	-7.903089986991944
342501.523	350	0.72	-7.903089986991944
344300.311	350	0.725	-7.903089986991944
346148.833	350	0.73	-7.903089986991944
347152.402	350	0.735	-7.903089986991944
348783.6	350	0.74	-7.903089986991944
350160.425	350	0.745	-7.903089986991944
350599.536	350	0.75	-7.903089986991944
352282.702	350	0.755	-7.903089986991944
353098.254	350	0.76	-7.903089986991944
354744.435	350	0.765	-7.903089986991944
356459.441	350	0.77	-7.903089986991944
358227.286	350	0.775	-7.903089986991944
359250.657	350	0.78	-7.903089986991944
360610.449	350	0.785	-7.903089986991944
362219.246	350	0.79	-7.903089986991944
363582.85	350	0.795	-7.903089986991944
364349.7	350	0.8	-7.903089986991944
366282.772	350	0.805	-7.903089986991944
367452.472	350	0.81	-7.903089986991944
368987.481	350	0.815	-7.903089986991944
370860.114	350	0.82	-7.903089986991944
372591.821	350	0.825	-7.903089986991944
375233.202	350	0.83	-7.903089986991944
376097.743	350	0.835	-7.903089986991944
378589.497	350	0.84	-7.903089986991944
379817.022	350	0.845	-7.903089986991944
381547.971	350	0.85	-7.903089986991944
384984.256	350	0.855	-7.903089986991944
386901.987	350	0.86	-7.903089986991944
389255.601	350	0.865	-7.903089986991944
393168.209	350	0.87	-7.903089986991944
396356.786	350	0.875	-7.903089986991944
398608.946	350	0.88	-7.903089986991944
402246.493	350	0.885	-7.903089986991944
405513.665	350	0.89	-7.903089986991944
409146.498	350	0.895	-7.903089986991944
416287.493	350	0.9	-7.903089986991944
418308.686	350	0.905	-7.903089986991944
420976.308	350	0.91	-7.903089986991944
426006.901	350	0.915	-7.903089986991944
430218.577	350	0.92	-7.903089986991944
441769.173	350	0.925	-7.903089986991944
452293.561	350	0.93	-7.903089986991944
457131.014	350	0.935	-7.903089986991944
460203.086	350	0.94	-7.903089986991944
472777.024	350	0.945	-7.903089986991944
484397.646	350	0.95	-7.903089986991944
490659.532	350	0.955	-7.903089986991944
496195.049	350	0.96	-7.903089986991944
503848.086	350	0.965	-7.903089986991944
519833.843	350	0.97	-7.903089986991944
532443.839	350	0.975	-7.903089986991944
560710.4	350	0.98	-7.903089986991944
579143.073	350	0.985	-7.903089986991944
603112.143	350	0.99	-7.903089986991944
629509.8	350	0.995	-7.903089986991944
318167.964	375	0.5	-7.903089986991944
319667.7	375	0.505	-7.903089986991944
320266.51	375	0.51	-7.903089986991944
320748.168	375	0.515	-7.903089986991944
321602.854	375	0.52	-7.903089986991944
322324.714	375	0.525	-7.903089986991944
323186.721	375	0.53	-7.903089986991944
324193.117	375	0.535	-7.903089986991944
324730.229	375	0.54	-7.903089986991944
325562.777	375	0.545	-7.903089986991944
326087.611	375	0.55	-7.903089986991944
326572.496	375	0.555	-7.903089986991944
327509.277	375	0.56	-7.903089986991944
327839.921	375	0.565	-7.903089986991944
328544.886	375	0.57	-7.903089986991944
328844.154	375	0.575	-7.903089986991944
329431.943	375	0.58	-7.903089986991944
329755.092	375	0.585	-7.903089986991944
330534.527	375	0.59	-7.903089986991944
330854.679	375	0.595	-7.903089986991944
331333.0	375	0.6	-7.903089986991944
331637.557	375	0.605	-7.903089986991944
332385.344	375	0.61	-7.903089986991944
333841.623	375	0.615	-7.903089986991944
334811.589	375	0.62	-7.903089986991944
335795.848	375	0.625	-7.903089986991944
336759.288	375	0.63	-7.903089986991944
337413.06	375	0.635	-7.903089986991944
338280.926	375	0.64	-7.903089986991944
339530.607	375	0.645	-7.903089986991944
340852.964	375	0.65	-7.903089986991944
342616.286	375	0.655	-7.903089986991944
343141.34	375	0.66	-7.903089986991944
344528.155	375	0.665	-7.903089986991944
345373.659	375	0.67	-7.903089986991944
345777.048	375	0.675	-7.903089986991944
346335.649	375	0.68	-7.903089986991944
346845.407	375	0.685	-7.903089986991944
348226.311	375	0.69	-7.903089986991944
349570.055	375	0.695	-7.903089986991944
351532.979	375	0.7	-7.903089986991944
352958.406	375	0.705	-7.903089986991944
353908.851	375	0.71	-7.903089986991944
355356.65	375	0.715	-7.903089986991944
356133.6	375	0.72	-7.903089986991944
356685.016	375	0.725	-7.903089986991944
357400.914	375	0.73	-7.903089986991944
358731.648	375	0.735	-7.903089986991944
359324.4	375	0.74	-7.903089986991944
360509.755	375	0.745	-7.903089986991944
362093.946	375	0.75	-7.903089986991944
363458.082	375	0.755	-7.903089986991944
365081.314	375	0.76	-7.903089986991944
367312.441	375	0.765	-7.903089986991944
369330.145	375	0.77	-7.903089986991944
370738.423	375	0.775	-7.903089986991944
373151.543	375	0.78	-7.903089986991944
374452.63	375	0.785	-7.903089986991944
375508.796	375	0.79	-7.903089986991944
376868.698	375	0.795	-7.903089986991944
378257.429	375	0.8	-7.903089986991944
379861.943	375	0.805	-7.903089986991944
381518.709	375	0.81	-7.903089986991944
383268.431	375	0.815	-7.903089986991944
385590.626	375	0.82	-7.903089986991944
386481.834	375	0.825	-7.903089986991944
387875.064	375	0.83	-7.903089986991944
389558.921	375	0.835	-7.903089986991944
391207.146	375	0.84	-7.903089986991944
392140.771	375	0.845	-7.903089986991944
392575.307	375	0.85	-7.903089986991944
395449.004	375	0.855	-7.903089986991944
398039.929	375	0.86	-7.903089986991944
400254.626	375	0.865	-7.903089986991944
403384.549	375	0.87	-7.903089986991944
406308.973	375	0.875	-7.903089986991944
412419.094	375	0.88	-7.903089986991944
414523.066	375	0.885	-7.903089986991944
416124.829	375	0.89	-7.903089986991944
417939.5	375	0.895	-7.903089986991944
420347.286	375	0.9	-7.903089986991944
424303.893	375	0.905	-7.903089986991944
428868.355	375	0.91	-7.903089986991944
431585.864	375	0.915	-7.903089986991944
433989.851	375	0.92	-7.903089986991944
437390.459	375	0.925	-7.903089986991944
444198.291	375	0.93	-7.903089986991944
448527.771	375	0.935	-7.903089986991944
458352.343	375	0.94	-7.903089986991944
463553.442	375	0.945	-7.903089986991944
467649.214	375	0.95	-7.903089986991944
476840.295	375	0.955	-7.903089986991944
492663.531	375	0.96	-7.903089986991944
506912.998	375	0.965	-7.903089986991944
512845.999	375	0.97	-7.903089986991944
520358.25	375	0.975	-7.903089986991944
556053.344	375	0.98	-7.903089986991944
601625.507	375	0.985	-7.903089986991944
618390.183	375	0.99	-7.903089986991944
690008.714	375	0.995	-7.903089986991944
330882.679	400	0.5	-7.903089986991944
331676.835	400	0.505	-7.903089986991944
332221.416	400	0.51	-7.903089986991944
333211.879	400	0.515	-7.903089986991944
333652.26	400	0.52	-7.903089986991944
334101.07	400	0.525	-7.903089986991944
334508.543	400	0.53	-7.903089986991944
335416.429	400	0.535	-7.903089986991944
336048.496	400	0.54	-7.903089986991944
337080.782	400	0.545	-7.903089986991944
337993.657	400	0.55	-7.903089986991944
338513.948	400	0.555	-7.903089986991944
339283.606	400	0.56	-7.903089986991944
339937.843	400	0.565	-7.903089986991944
340701.88	400	0.57	-7.903089986991944
341576.623	400	0.575	-7.903089986991944
342112.986	400	0.58	-7.903089986991944
342830.414	400	0.585	-7.903089986991944
343635.986	400	0.59	-7.903089986991944
344378.159	400	0.595	-7.903089986991944
345866.0	400	0.6	-7.903089986991944
346612.631	400	0.605	-7.903089986991944
347970.529	400	0.61	-7.903089986991944
348956.463	400	0.615	-7.903089986991944
350793.303	400	0.62	-7.903089986991944
351973.571	400	0.625	-7.903089986991944
352459.259	400	0.63	-7.903089986991944
353731.022	400	0.635	-7.903089986991944
354920.046	400	0.64	-7.903089986991944
356009.127	400	0.645	-7.903089986991944
356462.071	400	0.65	-7.903089986991944
357441.283	400	0.655	-7.903089986991944
357960.726	400	0.66	-7.903089986991944
358913.81	400	0.665	-7.903089986991944
359695.012	400	0.67	-7.903089986991944
360614.691	400	0.675	-7.903089986991944
362563.886	400	0.68	-7.903089986991944
364044.812	400	0.685	-7.903089986991944
365113.779	400	0.69	-7.903089986991944
366106.171	400	0.695	-7.903089986991944
366802.4	400	0.7	-7.903089986991944
368975.596	400	0.705	-7.903089986991944
370504.599	400	0.71	-7.903089986991944
372124.614	400	0.715	-7.903089986991944
373008.609	400	0.72	-7.903089986991944
374267.02	400	0.725	-7.903089986991944
376328.924	400	0.73	-7.903089986991944
377716.233	400	0.735	-7.903089986991944
378388.324	400	0.74	-7.903089986991944
378784.714	400	0.745	-7.903089986991944
380005.304	400	0.75	-7.903089986991944
381828.146	400	0.755	-7.903089986991944
384929.08	400	0.76	-7.903089986991944
386850.531	400	0.765	-7.903089986991944
387575.373	400	0.77	-7.903089986991944
389239.418	400	0.775	-7.903089986991944
391534.773	400	0.78	-7.903089986991944
393479.747	400	0.785	-7.903089986991944
395731.404	400	0.79	-7.903089986991944
396534.555	400	0.795	-7.903089986991944
397877.3	400	0.8	-7.903089986991944
399254.851	400	0.805	-7.903089986991944
401467.672	400	0.81	-7.903089986991944
405185.828	400	0.815	-7.903089986991944
406686.029	400	0.82	-7.903089986991944
410572.916	400	0.825	-7.903089986991944
412906.012	400	0.83	-7.903089986991944
415357.871	400	0.835	-7.903089986991944
417520.743	400	0.84	-7.903089986991944
419096.944	400	0.845	-7.903089986991944
419918.643	400	0.85	-7.903089986991944
421593.909	400	0.855	-7.903089986991944
423326.224	400	0.86	-7.903089986991944
424900.889	400	0.865	-7.903089986991944
428682.347	400	0.87	-7.903089986991944
431564.455	400	0.875	-7.903089986991944
433648.457	400	0.88	-7.903089986991944
435006.816	400	0.885	-7.903089986991944
437129.944	400	0.89	-7.903089986991944
441926.758	400	0.895	-7.903089986991944
444753.421	400	0.9	-7.903089986991944
448699.827	400	0.905	-7.903089986991944
455851.901	400	0.91	-7.903089986991944
460668.923	400	0.915	-7.903089986991944
464830.211	400	0.92	-7.903089986991944
472618.536	400	0.925	-7.903089986991944
477163.139	400	0.93	-7.903089986991944
481276.691	400	0.935	-7.903089986991944
490499.27	400	0.94	-7.903089986991944
505877.393	400	0.945	-7.903089986991944
527680.071	400	0.95	-7.903089986991944
539036.599	400	0.955	-7.903089986991944
565954.351	400	0.96	-7.903089986991944
578684.9	400	0.965	-7.903089986991944
606581.661	400	0.97	-7.903089986991944
637834.5	400	0.975	-7.903089986991944
653461.406	400	0.98	-7.903089986991944
684687.757	400	0.985	-7.903089986991944
728934.799	400	0.99	-7.903089986991944
816110.557	400	0.995	-7.903089986991944
338548.5	425	0.5	-7.903089986991944
339396.481	425	0.505	-7.903089986991944
340477.964	425	0.51	-7.903089986991944
341713.049	425	0.515	-7.903089986991944
343372.983	425	0.52	-7.903089986991944
344294.539	425	0.525	-7.903089986991944
344904.543	425	0.53	-7.903089986991944
346065.29	425	0.535	-7.903089986991944
347202.741	425	0.54	-7.903089986991944
348305.957	425	0.545	-7.903089986991944
349115.389	425	0.55	-7.903089986991944
349711.718	425	0.555	-7.903089986991944
350596.063	425	0.56	-7.903089986991944
352752.526	425	0.565	-7.903089986991944
353296.753	425	0.57	-7.903089986991944
354515.957	425	0.575	-7.903089986991944
355030.657	425	0.58	-7.903089986991944
356210.524	425	0.585	-7.903089986991944
356921.243	425	0.59	-7.903089986991944
357807.007	425	0.595	-7.903089986991944
358318.157	425	0.6	-7.903089986991944
360267.086	425	0.605	-7.903089986991944
361536.843	425	0.61	-7.903089986991944
362706.295	425	0.615	-7.903089986991944
363901.027	425	0.62	-7.903089986991944
364441.232	425	0.625	-7.903089986991944
365675.29	425	0.63	-7.903089986991944
366651.377	425	0.635	-7.903089986991944
367203.486	425	0.64	-7.903089986991944
368177.581	425	0.645	-7.903089986991944
368689.304	425	0.65	-7.903089986991944
368920.782	425	0.655	-7.903089986991944
370306.569	425	0.66	-7.903089986991944
371617.214	425	0.665	-7.903089986991944
372765.791	425	0.67	-7.903089986991944
373641.429	425	0.675	-7.903089986991944
374356.309	425	0.68	-7.903089986991944
376036.767	425	0.685	-7.903089986991944
376878.416	425	0.69	-7.903089986991944
378122.071	425	0.695	-7.903089986991944
379201.336	425	0.7	-7.903089986991944
381702.468	425	0.705	-7.903089986991944
383995.886	425	0.71	-7.903089986991944
385495.679	425	0.715	-7.903089986991944
386740.266	425	0.72	-7.903089986991944
388381.341	425	0.725	-7.903089986991944
389764.4	425	0.73	-7.903089986991944
391113.7	425	0.735	-7.903089986991944
391722.214	425	0.74	-7.903089986991944
393426.351	425	0.745	-7.903089986991944
395290.161	425	0.75	-7.903089986991944
396927.219	425	0.755	-7.903089986991944
398245.029	425	0.76	-7.903089986991944
399908.191	425	0.765	-7.903089986991944
400745.766	425	0.77	-7.903089986991944
402710.913	425	0.775	-7.903089986991944
405354.836	425	0.78	-7.903089986991944
406757.331	425	0.785	-7.903089986991944
408857.014	425	0.79	-7.903089986991944
410303.179	425	0.795	-7.903089986991944
412036.614	425	0.8	-7.903089986991944
413142.864	425	0.805	-7.903089986991944
414467.806	425	0.81	-7.903089986991944
417600.758	425	0.815	-7.903089986991944
419808.937	425	0.82	-7.903089986991944
422445.464	425	0.825	-7.903089986991944
424672.394	425	0.83	-7.903089986991944
427799.393	425	0.835	-7.903089986991944
430238.34	425	0.84	-7.903089986991944
433211.893	425	0.845	-7.903089986991944
436654.379	425	0.85	-7.903089986991944
438137.744	425	0.855	-7.903089986991944
441323.776	425	0.86	-7.903089986991944
444021.386	425	0.865	-7.903089986991944
448379.05	425	0.87	-7.903089986991944
454133.696	425	0.875	-7.903089986991944
457629.806	425	0.88	-7.903089986991944
463942.549	425	0.885	-7.903089986991944
466967.708	425	0.89	-7.903089986991944
468949.085	425	0.895	-7.903089986991944
472596.414	425	0.9	-7.903089986991944
476250.371	425	0.905	-7.903089986991944
484616.229	425	0.91	-7.903089986991944
495869.42	425	0.915	-7.903089986991944
503383.734	425	0.92	-7.903089986991944
508063.796	425	0.925	-7.903089986991944
511062.2	425	0.93	-7.903089986991944
514378.126	425	0.935	-7.903089986991944
520783.067	425	0.94	-7.903089986991944
532307.557	425	0.945	-7.903089986991944
541758.936	425	0.95	-7.903089986991944
562980.65	425	0.955	-7.903089986991944
575021.143	425	0.96	-7.903089986991944
585113.243	425	0.965	-7.903089986991944
597221.543	425	0.97	-7.903089986991944
625736.786	425	0.975	-7.903089986991944
644044.286	425	0.98	-7.903089986991944
692480.686	425	0.985	-7.903089986991944
754987.985	425	0.99	-7.903089986991944
797032.359	425	0.995	-7.903089986991944
351746.0	450	0.5	-7.903089986991944
352331.45	450	0.505	-7.903089986991944
353095.701	450	0.51	-7.903089986991944
354524.095	450	0.515	-7.903089986991944
355541.063	450	0.52	-7.903089986991944
356296.171	450	0.525	-7.903089986991944
357334.757	450	0.53	-7.903089986991944
357848.193	450	0.535	-7.903089986991944
358498.424	450	0.54	-7.903089986991944
359309.768	450	0.545	-7.903089986991944
359974.968	450	0.55	-7.903089986991944
360591.686	450	0.555	-7.903089986991944
360962.971	450	0.56	-7.903089986991944
361703.486	450	0.565	-7.903089986991944
362482.443	450	0.57	-7.903089986991944
363467.505	450	0.575	-7.903089986991944
364197.886	450	0.58	-7.903089986991944
364784.468	450	0.585	-7.903089986991944
365587.684	450	0.59	-7.903089986991944
366162.818	450	0.595	-7.903089986991944
366983.2	450	0.6	-7.903089986991944
369432.558	450	0.605	-7.903089986991944
370231.672	450	0.61	-7.903089986991944
371272.068	450	0.615	-7.903089986991944
371818.306	450	0.62	-7.903089986991944
372398.75	450	0.625	-7.903089986991944
373523.2	450	0.63	-7.903089986991944
374529.498	450	0.635	-7.903089986991944
375496.571	450	0.64	-7.903089986991944
376577.889	450	0.645	-7.903089986991944
377598.664	450	0.65	-7.903089986991944
378928.004	450	0.655	-7.903089986991944
379683.699	450	0.66	-7.903089986991944
380932.684	450	0.665	-7.903089986991944
382701.5	450	0.67	-7.903089986991944
384241.763	450	0.675	-7.903089986991944
385115.777	450	0.68	-7.903089986991944
385593.763	450	0.685	-7.903089986991944
386490.502	450	0.69	-7.903089986991944
387617.394	450	0.695	-7.903089986991944
388233.0	450	0.7	-7.903089986991944
388778.021	450	0.705	-7.903089986991944
389430.644	450	0.71	-7.903089986991944
390829.845	450	0.715	-7.903089986991944
392787.349	450	0.72	-7.903089986991944
393702.418	450	0.725	-7.903089986991944
394951.419	450	0.73	-7.903089986991944
395653.229	450	0.735	-7.903089986991944
397633.629	450	0.74	-7.903089986991944
399253.0	450	0.745	-7.903089986991944
400675.357	450	0.75	-7.903089986991944
401547.086	450	0.755	-7.903089986991944
404253.209	450	0.76	-7.903089986991944
405896.014	450	0.765	-7.903089986991944
408490.786	450	0.77	-7.903089986991944
410235.727	450	0.775	-7.903089986991944
411858.979	450	0.78	-7.903089986991944
413567.386	450	0.785	-7.903089986991944
415820.864	450	0.79	-7.903089986991944
417022.871	450	0.795	-7.903089986991944
419427.657	450	0.8	-7.903089986991944
423528.55	450	0.805	-7.903089986991944
424627.227	450	0.81	-7.903089986991944
427056.202	450	0.815	-7.903089986991944
429480.117	450	0.82	-7.903089986991944
431427.262	450	0.825	-7.903089986991944
435598.016	450	0.83	-7.903089986991944
437629.643	450	0.835	-7.903089986991944
440444.571	450	0.84	-7.903089986991944
442783.617	450	0.845	-7.903089986991944
445215.286	450	0.85	-7.903089986991944
445946.864	450	0.855	-7.903089986991944
449695.273	450	0.86	-7.903089986991944
452174.647	450	0.865	-7.903089986991944
455109.038	450	0.87	-7.903089986991944
457283.321	450	0.875	-7.903089986991944
460954.0	450	0.88	-7.903089986991944
466594.056	450	0.885	-7.903089986991944
468015.237	450	0.89	-7.903089986991944
471325.624	450	0.895	-7.903089986991944
476624.714	450	0.9	-7.903089986991944
478812.735	450	0.905	-7.903089986991944
483001.243	450	0.91	-7.903089986991944
487375.264	450	0.915	-7.903089986991944
492517.271	450	0.92	-7.903089986991944
495097.964	450	0.925	-7.903089986991944
502077.195	450	0.93	-7.903089986991944
505847.179	450	0.935	-7.903089986991944
513174.819	450	0.94	-7.903089986991944
523298.81	450	0.945	-7.903089986991944
534646.104	450	0.95	-7.903089986991944
549099.445	450	0.955	-7.903089986991944
552276.229	450	0.96	-7.903089986991944
563701.043	450	0.965	-7.903089986991944
577913.481	450	0.97	-7.903089986991944
598383.704	450	0.975	-7.903089986991944
624609.971	450	0.98	-7.903089986991944
646484.478	450	0.985	-7.903089986991944
692540.014	450	0.99	-7.903089986991944
739051.864	450	0.995	-7.903089986991944
