29067
35283
26856
19031
15381
25267
41572
21732
30253
35996
16698
27133
28097
28694
41628
27152
40698
22158
22272
28153
29772
30287
20158
13382
17774
11647
29575
28946
35167
26002
27680
15409
21493
24899
21898
18246
32176
25818
32293
41962
38860
40736
38542
41943
22755
21432
25645
19888
31512
26462
17585
14810
31019
39031
27770
32454
36389
26821
20194
27881
29800
36428
24314
26075
24611
35671
23336
22488
31922
30789
36481
34509
34969
41901
33120
20776
34441
33056
15339
24448
37789
26220
29794
23433
19050
38036
32039
21626
19884
37920
31741
14566
32755
36907
35976
24601
24766
21273
37349
19100
20456
14664
24551
20758
35390
41782
33619
35775
31241
28464
27690
14775
24913
21269
34277
42052
37734
38910
40202
22406
