39605
1201891
11819
225017
26897
75558
35938
299502
303715
48820
139506
435323
39958
56920
5086442
400969
199426
217383
61758
64516
27187
77254
96477
52992
322820
42763
9421897
136072
302296
757702
34163
19843
187535
24209
324845
73346
31906
22423
652740
17504
13865
46205
437470
28544
33703
152704
68952
43448
101085
43464
20421
57262
284243
1207478
219488
413555
29610
44091
261029
285054
43024
31054
100677
67032
30719
71046
50044
60112
48236
99844
23468
31668
33799
9954
192327
605981
153621
17840
45641
105198
289618
66958
92886
32118
51109
590226
175849
83583
304028
170256
11208
5520
88447
744864
8474
27886
434817
365521
161623
47575
219600
145667
11727
120372
541501
70970
157988
22063
323208
87054
44189
6972
50055
61178
622463
28970
333355
84970
37385
18159
